1	12 
2	10 
3	19 
4	20 
5	15 
6	15 
7	14 
8	3 
9	17 
10	12 
11	4 
12	3 
13	4 
14	18 
15	15 
16	12 
17	9 
18	13 
19	4 
20	7 
21	10 
22	15 
23	1 
24	15 
25	18 
26	14 
27	3 
28	6 
29	7 
30	3 
31	10 
32	17 
33	7 
34	15 
35	14 
36	19 
37	2 
38	10 
39	1 
40	14 
41	13 
42	1 
43	9 
44	7 
45	4 
46	20 
47	10 
48	15 
49	17 
50	18 
51	15 
52	1 
53	16 
54	6 
55	6 
56	6 
57	20 
58	20 
59	14 
60	18 
61	7 
62	15 
63	6 
64	13 
65	3 
66	3 
67	10 
68	7 
69	12 
70	20 
71	6 
72	9 
73	2 
74	15 
75	12 
76	2 
77	15 
78	7 
79	20 
80	15 
81	12 
82	13 
83	12 
84	18 
85	10 
86	6 
87	12 
88	4 
89	1 
90	18 
91	3 
92	7 
93	20 
94	12 
95	7 
96	16 
97	15 
98	3 
99	1 
100	17 
101	15 
102	16 
103	12 
104	10 
105	12 
106	9 
107	17 
108	20 
109	18 
110	11 
111	1 
112	1 
113	17 
114	14 
115	12 
116	15 
117	10 
118	1 
119	15 
120	15 
121	20 
122	12 
123	14 
124	5 
125	12 
126	15 
127	20 
128	1 
129	6 
130	6 
131	18 
132	20 
133	9 
134	17 
135	7 
136	8 
137	20 
138	18 
139	7 
140	9 
141	9 
142	10 
143	18 
144	12 
145	6 
146	18 
147	20 
148	6 
149	7 
150	4 
151	15 
152	17 
153	12 
154	15 
155	12 
156	6 
157	4 
158	1 
159	19 
160	20 
161	15 
162	20 
163	15 
164	7 
165	1 
166	16 
167	7 
168	15 
169	4 
170	17 
171	10 
172	3 
173	20 
174	6 
175	20 
176	7 
177	9 
178	4 
179	7 
180	1 
181	20 
182	3 
183	15 
184	1 
185	18 
186	7 
187	20 
188	19 
189	6 
190	1 
191	1 
192	20 
193	7 
194	1 
195	17 
196	12 
197	11 
198	7 
199	5 
200	15 
201	20 
202	10 
203	10 
204	9 
205	7 
206	7 
207	12 
208	20 
209	18 
210	4 
211	14 
212	17 
213	14 
214	20 
215	3 
216	12 
217	2 
218	6 
219	15 
220	12 
221	6 
222	17 
223	15 
224	18 
225	8 
226	14 
227	14 
228	20 
229	7 
230	16 
231	7 
232	18 
233	10 
234	10 
235	10 
236	6 
237	18 
238	15 
239	11 
240	7 
241	3 
242	3 
243	18 
244	9 
245	11 
246	1 
247	18 
248	9 
249	12 
250	11 
251	15 
252	6 
253	6 
254	19 
255	17 
256	6 
257	7 
258	1 
259	1 
260	3 
261	14 
262	1 
263	7 
264	7 
265	13 
266	1 
267	8 
268	11 
269	20 
270	12 
271	15 
272	4 
273	20 
274	12 
275	15 
276	10 
277	1 
278	7 
279	7 
280	7 
281	10 
282	12 
283	3 
284	14 
285	1 
286	1 
287	19 
288	11 
289	11 
290	14 
291	2 
292	18 
293	14 
294	20 
295	7 
296	16 
297	12 
298	14 
299	18 
300	15 
301	7 
302	6 
303	10 
304	5 
305	8 
306	9 
307	12 
308	5 
309	9 
310	5 
311	12 
312	16 
313	18 
314	20 
315	7 
316	15 
317	7 
318	20 
319	1 
320	18 
321	20 
322	10 
323	15 
324	4 
325	20 
326	5 
327	1 
328	6 
329	6 
330	4 
331	17 
332	18 
333	3 
334	12 
335	2 
336	7 
337	16 
338	1 
339	11 
340	9 
341	10 
342	2 
343	10 
344	18 
345	14 
346	20 
347	7 
348	16 
349	15 
350	16 
351	8 
352	20 
353	15 
354	19 
355	18 
356	10 
357	5 
358	15 
359	15 
360	3 
361	1 
362	9 
363	19 
364	7 
365	20 
366	15 
367	1 
368	7 
369	10 
370	18 
371	6 
372	7 
373	17 
374	17 
375	1 
376	13 
377	18 
378	7 
379	1 
380	16 
381	12 
382	14 
383	12 
384	12 
385	1 
386	7 
387	20 
388	6 
389	6 
390	15 
391	14 
392	20 
393	12 
394	7 
395	4 
396	20 
397	10 
398	7 
399	1 
400	6 
401	12 
402	9 
403	18 
404	12 
405	2 
406	15 
407	20 
408	15 
409	15 
410	18 
411	5 
412	15 
413	10 
414	20 
415	8 
416	7 
417	3 
418	4 
419	7 
420	11 
421	3 
422	20 
423	11 
424	7 
425	15 
426	13 
427	6 
428	6 
429	3 
430	1 
431	18 
432	17 
433	20 
434	12 
435	16 
436	12 
437	2 
438	6 
439	15 
440	10 
441	10 
442	4 
443	7 
444	19 
445	20 
446	12 
447	18 
448	1 
449	19 
450	20 
451	20 
452	13 
453	15 
454	12 
455	15 
456	17 
457	7 
458	19 
459	15 
460	20 
461	12 
462	3 
463	13 
464	20 
465	18 
466	3 
467	2 
468	9 
469	20 
470	7 
471	15 
472	6 
473	15 
474	12 
475	3 
476	18 
477	10 
478	9 
479	12 
480	15 
481	12 
482	10 
483	6 
484	10 
485	12 
486	12 
487	20 
488	2 
489	4 
490	18 
491	2 
492	5 
493	18 
494	7 
495	15 
496	3 
497	12 
498	9 
499	1 
500	6 
501	14 
502	4 
503	9 
504	4 
505	16 
506	17 
507	7 
508	13 
509	3 
510	20 
511	4 
512	15 
513	16 
514	15 
515	1 
516	10 
517	10 
518	15 
519	1 
520	12 
521	8 
522	20 
523	1 
524	10 
525	12 
526	7 
527	1 
528	7 
529	18 
530	10 
531	11 
532	5 
533	13 
534	10 
535	9 
536	10 
537	5 
538	7 
539	1 
540	13 
541	3 
542	12 
543	15 
544	20 
545	4 
546	4 
547	12 
548	18 
549	20 
550	20 
551	11 
552	6 
553	19 
554	7 
555	20 
556	17 
557	11 
558	9 
559	11 
560	12 
561	14 
562	11 
563	9 
564	20 
565	15 
566	3 
567	20 
568	12 
569	6 
570	15 
571	7 
572	8 
573	5 
574	10 
575	20 
576	6 
577	1 
578	20 
579	18 
580	12 
581	4 
582	11 
583	2 
584	8 
585	18 
586	12 
587	8 
588	14 
589	3 
590	14 
591	3 
592	9 
593	9 
594	3 
595	4 
596	19 
597	2 
598	20 
599	17 
600	10 
601	7 
602	16 
603	20 
604	3 
605	8 
606	7 
607	7 
608	18 
609	1 
610	12 
611	4 
612	6 
613	11 
614	13 
615	10 
616	8 
617	6 
618	4 
619	6 
620	20 
621	15 
622	18 
623	15 
624	18 
625	12 
626	20 
627	12 
628	12 
629	10 
630	15 
631	10 
632	16 
633	6 
634	7 
635	12 
636	15 
637	5 
638	14 
639	7 
640	10 
641	12 
642	12 
643	4 
644	4 
645	8 
646	12 
647	7 
648	1 
649	11 
650	1 
651	6 
652	11 
653	14 
654	4 
655	20 
656	12 
657	12 
658	8 
659	15 
660	6 
661	4 
662	12 
663	2 
664	18 
665	16 
666	12 
667	6 
668	20 
669	10 
670	3 
671	3 
672	16 
673	6 
674	1 
675	20 
676	13 
677	18 
678	20 
679	5 
680	20 
681	6 
682	15 
683	15 
684	12 
685	20 
686	17 
687	16 
688	1 
689	3 
690	4 
691	20 
692	7 
693	17 
694	8 
695	15 
696	6 
697	20 
698	13 
699	7 
700	7 
701	7 
702	15 
703	2 
704	7 
705	20 
706	3 
707	18 
708	10 
709	9 
710	4 
711	18 
712	13 
713	7 
714	16 
715	15 
716	17 
717	20 
718	12 
719	10 
720	10 
721	15 
722	10 
723	1 
724	15 
725	15 
726	16 
727	3 
728	4 
729	7 
730	3 
731	16 
732	15 
733	11 
734	9 
735	20 
736	12 
737	15 
738	3 
739	4 
740	12 
741	16 
742	18 
743	7 
744	4 
745	3 
746	3 
747	15 
748	20 
749	17 
750	18 
751	20 
752	1 
753	15 
754	12 
755	11 
756	12 
757	4 
758	18 
759	7 
760	15 
761	11 
762	3 
763	17 
764	10 
765	7 
766	20 
767	19 
768	1 
769	18 
770	20 
771	12 
772	1 
773	15 
774	1 
775	11 
776	12 
777	6 
778	20 
779	14 
780	10 
781	8 
782	10 
783	13 
784	17 
785	7 
786	14 
787	12 
788	18 
789	16 
790	15 
791	3 
792	10 
793	10 
794	3 
795	1 
796	12 
797	19 
798	3 
799	20 
800	20 
801	7 
802	15 
803	9 
804	11 
805	6 
806	7 
807	7 
808	14 
809	13 
810	15 
811	16 
812	15 
813	12 
814	6 
815	20 
816	7 
817	10 
818	11 
819	14 
820	15 
821	15 
822	7 
823	1 
824	3 
825	20 
826	18 
827	13 
828	3 
829	2 
830	4 
831	15 
832	15 
833	15 
834	16 
835	20 
836	13 
837	18 
838	19 
839	4 
840	16 
841	15 
842	4 
843	7 
844	1 
845	14 
846	12 
847	4 
848	3 
849	11 
850	17 
851	17 
852	7 
853	6 
854	18 
855	20 
856	17 
857	17 
858	15 
859	10 
860	6 
861	19 
862	14 
863	12 
864	5 
865	16 
866	3 
867	7 
868	12 
869	3 
870	13 
871	6 
872	20 
873	5 
874	14 
875	18 
876	10 
877	19 
878	15 
879	15 
880	5 
881	14 
882	14 
883	4 
884	1 
885	3 
886	8 
887	2 
888	16 
889	20 
890	9 
891	14 
892	11 
893	2 
894	20 
895	16 
896	4 
897	4 
898	7 
899	20 
900	6 
901	15 
902	12 
903	5 
904	20 
905	8 
906	20 
907	1 
908	9 
909	10 
910	11 
911	20 
912	12 
913	19 
914	15 
915	3 
916	10 
917	10 
918	14 
919	8 
920	15 
921	15 
922	12 
923	3 
924	6 
925	10 
926	7 
927	15 
928	3 
929	20 
930	13 
931	20 
932	2 
933	15 
934	17 
935	15 
936	8 
937	9 
938	2 
939	16 
940	6 
941	14 
942	19 
943	7 
944	3 
945	14 
946	20 
947	10 
948	4 
949	12 
950	8 
951	10 
952	20 
953	14 
954	12 
955	5 
956	20 
957	16 
958	2 
959	19 
960	11 
961	2 
962	16 
963	15 
964	7 
965	17 
966	2 
967	5 
968	20 
969	17 
970	11 
971	3 
972	10 
973	20 
974	11 
975	3 
976	20 
977	10 
978	10 
979	11 
980	5 
981	18 
982	11 
983	6 
984	19 
985	1 
986	10 
987	9 
988	12 
989	7 
990	6 
991	10 
992	18 
993	16 
994	12 
995	1 
996	10 
997	15 
998	12 
999	13 
1000	17 
