1	5 
2	2 
3	9 
4	4 
5	2 
6	18 
7	12 
8	14 
9	4 
10	8 
11	3 
12	18 
13	9 
14	15 
15	2 
16	12 
17	2 
18	14 
19	8 
20	9 
21	14 
22	4 
23	16 
24	5 
25	3 
26	15 
27	15 
28	19 
29	14 
30	3 
31	14 
32	15 
33	14 
34	9 
35	11 
36	9 
37	1 
38	2 
39	8 
40	18 
41	17 
42	4 
43	2 
44	8 
45	8 
46	9 
47	7 
48	7 
49	12 
50	8 
51	2 
52	15 
53	14 
54	3 
55	14 
56	8 
57	5 
58	9 
59	3 
60	11 
61	17 
62	16 
63	3 
64	17 
65	19 
66	19 
67	9 
68	15 
69	7 
70	14 
71	9 
72	17 
73	11 
74	14 
75	18 
76	15 
77	2 
78	10 
79	2 
80	18 
81	3 
82	14 
83	11 
84	9 
85	15 
86	12 
87	13 
88	13 
89	19 
90	17 
91	14 
92	7 
93	3 
94	2 
95	8 
96	6 
97	8 
98	1 
99	7 
100	8 
101	19 
102	14 
103	12 
104	3 
105	16 
106	9 
107	4 
108	7 
109	14 
110	19 
111	17 
112	17 
113	17 
114	8 
115	8 
116	1 
117	4 
118	7 
119	8 
120	11 
121	8 
122	8 
123	15 
124	8 
125	19 
126	2 
127	17 
128	6 
129	12 
130	14 
131	2 
132	8 
133	14 
134	12 
135	4 
136	19 
137	14 
138	7 
139	12 
140	17 
141	11 
142	8 
143	18 
144	16 
145	8 
146	11 
147	17 
148	1 
149	10 
150	2 
151	19 
152	8 
153	18 
154	17 
155	17 
156	14 
157	7 
158	12 
159	5 
160	15 
161	10 
162	9 
163	15 
164	19 
165	4 
166	15 
167	17 
168	8 
169	3 
170	15 
171	17 
172	5 
173	12 
174	14 
175	3 
176	14 
177	12 
178	10 
179	14 
180	3 
181	3 
182	13 
183	18 
184	1 
185	12 
186	8 
187	3 
188	8 
189	5 
190	17 
191	7 
192	15 
193	6 
194	13 
195	6 
196	7 
197	1 
198	12 
199	4 
200	17 
201	15 
202	3 
203	9 
204	16 
205	3 
206	10 
207	4 
208	1 
209	9 
210	12 
211	10 
212	13 
213	15 
214	3 
215	13 
216	8 
217	17 
218	2 
219	12 
220	3 
221	1 
222	10 
223	3 
224	5 
225	3 
226	13 
227	13 
228	15 
229	19 
230	8 
231	17 
232	7 
233	9 
234	12 
235	12 
236	14 
237	8 
238	3 
239	15 
240	5 
241	12 
242	12 
243	18 
244	8 
245	2 
246	17 
247	13 
248	1 
249	3 
250	2 
251	7 
252	6 
253	2 
254	12 
255	4 
256	7 
257	8 
258	7 
259	7 
260	7 
261	2 
262	13 
263	15 
264	19 
265	3 
266	6 
267	10 
268	3 
269	14 
270	3 
271	18 
272	3 
273	7 
274	4 
275	14 
276	18 
277	18 
278	5 
279	7 
280	19 
281	12 
282	5 
283	17 
284	8 
285	4 
286	13 
287	15 
288	2 
289	19 
290	8 
291	3 
292	4 
293	11 
294	4 
295	7 
296	3 
297	17 
298	3 
299	8 
300	16 
301	3 
302	8 
303	15 
304	3 
305	7 
306	17 
307	8 
308	14 
309	3 
310	7 
311	17 
312	17 
313	10 
314	12 
315	3 
316	12 
317	18 
318	7 
319	18 
320	2 
321	17 
322	3 
323	2 
324	10 
325	8 
326	4 
327	3 
328	3 
329	19 
330	17 
331	17 
332	10 
333	19 
334	14 
335	8 
336	8 
337	18 
338	9 
339	15 
340	16 
341	16 
342	5 
343	7 
344	7 
345	17 
346	3 
347	2 
348	3 
349	14 
350	13 
351	6 
352	16 
353	13 
354	9 
355	15 
356	6 
357	15 
358	17 
359	7 
360	17 
361	4 
362	6 
363	16 
364	19 
365	4 
366	14 
367	16 
368	8 
369	17 
370	8 
371	2 
372	5 
373	17 
374	3 
375	17 
376	9 
377	2 
378	14 
379	13 
380	8 
381	7 
382	12 
383	9 
384	9 
385	17 
386	12 
387	13 
388	1 
389	10 
390	5 
391	12 
392	8 
393	17 
394	9 
395	6 
396	2 
397	14 
398	17 
399	2 
400	12 
401	9 
402	5 
403	12 
404	13 
405	2 
406	1 
407	4 
408	3 
409	4 
410	7 
411	14 
412	8 
413	14 
414	19 
415	10 
416	14 
417	15 
418	17 
419	10 
420	14 
421	18 
422	7 
423	7 
424	17 
425	2 
426	2 
427	11 
428	3 
429	7 
430	17 
431	4 
432	3 
433	16 
434	8 
435	7 
436	19 
437	9 
438	14 
439	8 
440	2 
441	2 
442	9 
443	9 
444	8 
445	12 
446	2 
447	9 
448	8 
449	7 
450	1 
451	11 
452	17 
453	5 
454	2 
455	7 
456	4 
457	11 
458	17 
459	17 
460	3 
461	7 
462	6 
463	9 
464	4 
465	3 
466	3 
467	2 
468	8 
469	10 
470	3 
471	13 
472	11 
473	8 
474	8 
475	17 
476	17 
477	10 
478	7 
479	7 
480	8 
481	4 
482	4 
483	13 
484	5 
485	6 
486	13 
487	19 
488	17 
489	17 
490	7 
491	7 
492	15 
493	5 
494	4 
495	10 
496	4 
497	4 
498	5 
499	8 
500	12 
501	7 
502	19 
503	15 
504	8 
505	5 
506	16 
507	15 
508	10 
509	14 
510	12 
511	2 
512	1 
513	17 
514	19 
515	10 
516	2 
517	9 
518	3 
519	17 
520	8 
521	14 
522	4 
523	14 
524	10 
525	16 
526	8 
527	4 
528	10 
529	3 
530	8 
531	14 
532	14 
533	9 
534	8 
535	9 
536	3 
537	14 
538	9 
539	13 
540	7 
541	8 
542	4 
543	14 
544	19 
545	1 
546	13 
547	7 
548	6 
549	3 
550	19 
551	12 
552	9 
553	3 
554	2 
555	17 
556	2 
557	6 
558	7 
559	7 
560	3 
561	9 
562	16 
563	17 
564	3 
565	10 
566	4 
567	8 
568	17 
569	15 
570	4 
571	3 
572	8 
573	17 
574	8 
575	4 
576	13 
577	9 
578	7 
579	9 
580	9 
581	19 
582	7 
583	2 
584	12 
585	8 
586	8 
587	19 
588	8 
589	12 
590	1 
591	8 
592	12 
593	15 
594	19 
595	19 
596	1 
597	18 
598	8 
599	4 
600	10 
601	2 
602	7 
603	17 
604	17 
605	14 
606	8 
607	18 
608	17 
609	13 
610	15 
611	15 
612	17 
613	3 
614	4 
615	2 
616	8 
617	17 
618	8 
619	9 
620	9 
621	17 
622	4 
623	3 
624	19 
625	8 
626	3 
627	7 
628	9 
629	7 
630	10 
631	1 
632	12 
633	18 
634	14 
635	5 
636	14 
637	18 
638	17 
639	3 
640	2 
641	15 
642	10 
643	13 
644	7 
645	10 
646	12 
647	12 
648	3 
649	15 
650	3 
651	10 
652	10 
653	4 
654	3 
655	3 
656	17 
657	16 
658	1 
659	15 
660	8 
661	2 
662	4 
663	13 
664	11 
665	8 
666	7 
667	4 
668	4 
669	3 
670	4 
671	16 
672	9 
673	12 
674	2 
675	9 
676	3 
677	12 
678	14 
679	13 
680	8 
681	3 
682	15 
683	14 
684	14 
685	7 
686	13 
687	6 
688	18 
689	11 
690	1 
691	19 
692	10 
693	17 
694	13 
695	2 
696	9 
697	2 
698	14 
699	5 
700	17 
701	14 
702	1 
703	1 
704	6 
705	2 
706	14 
707	4 
708	17 
709	7 
710	19 
711	18 
712	7 
713	2 
714	16 
715	10 
716	5 
717	14 
718	12 
719	12 
720	12 
721	15 
722	11 
723	15 
724	3 
725	9 
726	4 
727	17 
728	4 
729	12 
730	10 
731	9 
732	11 
733	8 
734	13 
735	8 
736	11 
737	9 
738	3 
739	9 
740	13 
741	14 
742	18 
743	4 
744	15 
745	2 
746	11 
747	2 
748	11 
749	2 
750	14 
751	8 
752	12 
753	18 
754	19 
755	18 
756	16 
757	5 
758	7 
759	8 
760	5 
761	2 
762	7 
763	18 
764	7 
765	9 
766	16 
767	2 
768	2 
769	2 
770	14 
771	3 
772	2 
773	15 
774	18 
775	10 
776	7 
777	17 
778	3 
779	15 
780	6 
781	7 
782	3 
783	15 
784	14 
785	1 
786	1 
787	19 
788	11 
789	12 
790	1 
791	11 
792	12 
793	1 
794	2 
795	4 
796	11 
797	3 
798	3 
799	17 
800	15 
801	9 
802	1 
803	9 
804	7 
805	9 
806	2 
807	3 
808	2 
809	7 
810	17 
811	4 
812	8 
813	13 
814	3 
815	7 
816	9 
817	9 
818	17 
819	14 
820	12 
821	17 
822	12 
823	4 
824	17 
825	7 
826	3 
827	7 
828	3 
829	12 
830	3 
831	16 
832	2 
833	9 
834	9 
835	12 
836	2 
837	7 
838	3 
839	14 
840	9 
841	12 
842	7 
843	7 
844	7 
845	4 
846	6 
847	10 
848	8 
849	13 
850	1 
851	18 
852	16 
853	2 
854	16 
855	14 
856	9 
857	2 
858	13 
859	9 
860	3 
861	2 
862	2 
863	16 
864	17 
865	16 
866	14 
867	4 
868	5 
869	8 
870	17 
871	12 
872	4 
873	7 
874	8 
875	10 
876	12 
877	8 
878	12 
879	11 
880	12 
881	10 
882	10 
883	6 
884	13 
885	9 
886	10 
887	11 
888	10 
889	7 
890	3 
891	19 
892	19 
893	12 
894	7 
895	7 
896	7 
897	3 
898	12 
899	5 
900	6 
901	17 
902	17 
903	19 
904	18 
905	9 
906	1 
907	8 
908	4 
909	12 
910	12 
911	14 
912	12 
913	4 
914	12 
915	5 
916	13 
917	7 
918	12 
919	2 
920	9 
921	2 
922	2 
923	13 
924	7 
925	11 
926	10 
927	4 
928	6 
929	13 
930	17 
931	9 
932	14 
933	14 
934	9 
935	6 
936	18 
937	9 
938	2 
939	12 
940	11 
941	10 
942	8 
943	17 
944	9 
945	2 
946	4 
947	17 
948	2 
949	4 
950	1 
951	7 
952	2 
953	7 
954	3 
955	14 
956	10 
957	17 
958	1 
959	2 
960	17 
961	3 
962	14 
963	19 
964	11 
965	15 
966	8 
967	14 
968	18 
969	14 
970	2 
971	8 
972	5 
973	13 
974	7 
975	2 
976	1 
977	4 
978	12 
979	14 
980	8 
981	8 
982	8 
983	10 
984	8 
985	2 
986	3 
987	17 
988	13 
989	4 
990	8 
991	19 
992	12 
993	3 
994	14 
995	12 
996	8 
997	12 
998	2 
999	17 
1000	9 
