1	50 
2	95 
3	98 
4	47 
5	72 
6	59 
7	41 
8	88 
9	65 
10	21 
11	56 
12	54 
13	26 
14	4 
15	69 
16	32 
17	12 
18	78 
19	19 
20	38 
21	10 
22	33 
23	59 
24	17 
25	10 
26	52 
27	81 
28	74 
29	89 
30	59 
31	67 
32	10 
33	98 
34	74 
35	39 
36	19 
37	47 
38	57 
39	70 
40	44 
41	17 
42	73 
43	68 
44	87 
45	44 
46	22 
47	79 
48	20 
49	88 
50	82 
51	60 
52	16 
53	21 
54	35 
55	18 
56	27 
57	82 
58	39 
59	28 
60	67 
61	68 
62	45 
63	21 
64	61 
65	7 
66	37 
67	92 
68	95 
69	40 
70	19 
71	58 
72	88 
73	13 
74	63 
75	81 
76	78 
77	4 
78	20 
79	41 
80	33 
81	37 
82	80 
83	83 
84	14 
85	81 
86	99 
87	60 
88	36 
89	1 
90	60 
91	52 
92	29 
93	70 
94	48 
95	95 
96	41 
97	85 
98	61 
99	36 
100	56 
101	24 
102	11 
103	9 
104	59 
105	79 
106	41 
107	72 
108	28 
109	70 
110	99 
111	24 
112	39 
113	30 
114	9 
115	82 
116	68 
117	93 
118	91 
119	82 
120	97 
121	12 
122	23 
123	37 
124	70 
125	39 
126	17 
127	98 
128	82 
129	15 
130	54 
131	57 
132	37 
133	98 
134	23 
135	76 
136	67 
137	99 
138	39 
139	86 
140	57 
141	41 
142	64 
143	77 
144	33 
145	78 
146	32 
147	27 
148	98 
149	70 
150	29 
151	20 
152	20 
153	67 
154	64 
155	17 
156	20 
157	81 
158	64 
159	97 
160	20 
161	38 
162	49 
163	59 
164	43 
165	2 
166	24 
167	76 
168	92 
169	42 
170	26 
171	67 
172	7 
173	54 
174	3 
175	68 
176	24 
177	41 
178	24 
179	55 
180	87 
181	43 
182	36 
183	69 
184	59 
185	54 
186	4 
187	82 
188	81 
189	47 
190	91 
191	17 
192	98 
193	4 
194	18 
195	58 
196	24 
197	6 
198	18 
199	76 
200	78 
201	20 
202	95 
203	18 
204	42 
205	73 
206	47 
207	72 
208	62 
209	95 
210	7 
211	87 
212	10 
213	54 
214	72 
215	98 
216	24 
217	39 
218	98 
219	17 
220	18 
221	34 
222	11 
223	68 
224	34 
225	67 
226	11 
227	81 
228	40 
229	46 
230	79 
231	43 
232	14 
233	19 
234	98 
235	42 
236	82 
237	5 
238	35 
239	32 
240	15 
241	99 
242	91 
243	8 
244	70 
245	14 
246	99 
247	20 
248	85 
249	71 
250	18 
251	97 
252	42 
253	47 
254	74 
255	49 
256	41 
257	73 
258	29 
259	39 
260	9 
261	67 
262	19 
263	48 
264	41 
265	18 
266	82 
267	75 
268	10 
269	17 
270	9 
271	85 
272	53 
273	91 
274	95 
275	10 
276	69 
277	86 
278	99 
279	60 
280	40 
281	10 
282	70 
283	63 
284	25 
285	20 
286	11 
287	20 
288	53 
289	94 
290	42 
291	20 
292	91 
293	81 
294	98 
295	41 
296	24 
297	79 
298	70 
299	2 
300	99 
301	71 
302	70 
303	92 
304	15 
305	55 
306	99 
307	50 
308	4 
309	26 
310	10 
311	72 
312	7 
313	67 
314	74 
315	54 
316	20 
317	99 
318	96 
319	45 
320	19 
321	3 
322	19 
323	49 
324	20 
325	82 
326	76 
327	13 
328	83 
329	22 
330	40 
331	55 
332	55 
333	88 
334	64 
335	73 
336	7 
337	28 
338	16 
339	98 
340	12 
341	11 
342	67 
343	86 
344	19 
345	3 
346	91 
347	34 
348	3 
349	96 
350	24 
351	76 
352	87 
353	72 
354	46 
355	36 
356	49 
357	91 
358	69 
359	4 
360	39 
361	99 
362	49 
363	41 
364	11 
365	57 
366	43 
367	48 
368	59 
369	69 
370	74 
371	9 
372	49 
373	26 
374	81 
375	39 
376	90 
377	53 
378	17 
379	77 
380	95 
381	18 
382	87 
383	18 
384	57 
385	78 
386	41 
387	67 
388	47 
389	53 
390	65 
391	62 
392	17 
393	1 
394	55 
395	67 
396	55 
397	39 
398	81 
399	67 
400	87 
401	88 
402	93 
403	49 
404	79 
405	53 
406	88 
407	11 
408	87 
409	93 
410	81 
411	28 
412	86 
413	36 
414	87 
415	2 
416	62 
417	22 
418	1 
419	27 
420	62 
421	34 
422	43 
423	91 
424	92 
425	70 
426	94 
427	91 
428	31 
429	39 
430	72 
431	39 
432	40 
433	52 
434	59 
435	8 
436	36 
437	4 
438	2 
439	27 
440	16 
441	2 
442	21 
443	17 
444	74 
445	26 
446	87 
447	98 
448	58 
449	16 
450	88 
451	52 
452	81 
453	74 
454	61 
455	86 
456	40 
457	74 
458	59 
459	24 
460	67 
461	28 
462	1 
463	21 
464	19 
465	91 
466	4 
467	81 
468	9 
469	59 
470	6 
471	20 
472	10 
473	20 
474	96 
475	70 
476	68 
477	54 
478	45 
479	4 
480	37 
481	29 
482	99 
483	98 
484	57 
485	67 
486	26 
487	85 
488	95 
489	93 
490	17 
491	69 
492	11 
493	36 
494	15 
495	33 
496	21 
497	79 
498	67 
499	9 
500	76 
501	52 
502	70 
503	20 
504	43 
505	56 
506	74 
507	91 
508	70 
509	4 
510	4 
511	18 
512	19 
513	42 
514	55 
515	69 
516	84 
517	95 
518	16 
519	55 
520	72 
521	32 
522	8 
523	87 
524	74 
525	36 
526	10 
527	75 
528	46 
529	55 
530	40 
531	32 
532	42 
533	82 
534	41 
535	3 
536	89 
537	18 
538	18 
539	42 
540	41 
541	4 
542	70 
543	40 
544	10 
545	3 
546	8 
547	74 
548	51 
549	64 
550	76 
551	35 
552	41 
553	17 
554	72 
555	2 
556	48 
557	67 
558	45 
559	11 
560	75 
561	69 
562	70 
563	47 
564	41 
565	49 
566	23 
567	72 
568	9 
569	74 
570	94 
571	22 
572	65 
573	21 
574	37 
575	30 
576	70 
577	97 
578	90 
579	18 
580	74 
581	43 
582	98 
583	28 
584	59 
585	22 
586	21 
587	66 
588	91 
589	3 
590	57 
591	55 
592	56 
593	43 
594	20 
595	21 
596	17 
597	59 
598	10 
599	17 
600	21 
601	99 
602	25 
603	2 
604	59 
605	68 
606	20 
607	70 
608	88 
609	57 
610	28 
611	89 
612	26 
613	85 
614	76 
615	75 
616	91 
617	88 
618	14 
619	66 
620	77 
621	81 
622	56 
623	99 
624	4 
625	60 
626	43 
627	21 
628	45 
629	79 
630	88 
631	54 
632	68 
633	17 
634	54 
635	41 
636	98 
637	42 
638	95 
639	19 
640	67 
641	96 
642	34 
643	86 
644	84 
645	56 
646	1 
647	10 
648	54 
649	41 
650	62 
651	95 
652	67 
653	7 
654	68 
655	37 
656	40 
657	98 
658	10 
659	76 
660	74 
661	54 
662	1 
663	30 
664	31 
665	65 
666	72 
667	99 
668	13 
669	1 
670	39 
671	98 
672	43 
673	81 
674	87 
675	67 
676	9 
677	71 
678	92 
679	98 
680	69 
681	57 
682	61 
683	49 
684	68 
685	58 
686	8 
687	95 
688	81 
689	37 
690	57 
691	69 
692	26 
693	27 
694	82 
695	18 
696	79 
697	4 
698	79 
699	18 
700	6 
701	68 
702	74 
703	25 
704	34 
705	29 
706	7 
707	68 
708	88 
709	81 
710	20 
711	47 
712	67 
713	4 
714	49 
715	92 
716	77 
717	10 
718	65 
719	38 
720	16 
721	2 
722	68 
723	82 
724	9 
725	23 
726	91 
727	67 
728	58 
729	5 
730	47 
731	19 
732	8 
733	19 
734	18 
735	37 
736	82 
737	70 
738	87 
739	46 
740	36 
741	10 
742	57 
743	25 
744	4 
745	54 
746	70 
747	23 
748	93 
749	68 
750	1 
751	81 
752	20 
753	74 
754	22 
755	4 
756	49 
757	85 
758	11 
759	79 
760	27 
761	27 
762	29 
763	79 
764	1 
765	20 
766	39 
767	88 
768	57 
769	23 
770	51 
771	79 
772	68 
773	28 
774	90 
775	26 
776	19 
777	59 
778	41 
779	39 
780	50 
781	24 
782	77 
783	31 
784	45 
785	43 
786	61 
787	95 
788	55 
789	6 
790	39 
791	21 
792	59 
793	45 
794	19 
795	82 
796	68 
797	3 
798	40 
799	27 
800	55 
801	21 
802	94 
803	54 
804	85 
805	13 
806	65 
807	24 
808	86 
809	59 
810	19 
811	46 
812	1 
813	91 
814	20 
815	95 
816	55 
817	65 
818	70 
819	66 
820	32 
821	21 
822	80 
823	15 
824	57 
825	88 
826	26 
827	51 
828	30 
829	50 
830	19 
831	94 
832	61 
833	88 
834	40 
835	70 
836	70 
837	92 
838	3 
839	98 
840	82 
841	19 
842	84 
843	65 
844	59 
845	28 
846	81 
847	70 
848	43 
849	17 
850	43 
851	74 
852	54 
853	77 
854	2 
855	10 
856	69 
857	19 
858	83 
859	52 
860	88 
861	61 
862	17 
863	75 
864	2 
865	99 
866	67 
867	94 
868	63 
869	27 
870	60 
871	59 
872	37 
873	42 
874	77 
875	59 
876	12 
877	20 
878	20 
879	4 
880	3 
881	74 
882	54 
883	62 
884	7 
885	45 
886	25 
887	32 
888	3 
889	6 
890	3 
891	67 
892	7 
893	47 
894	11 
895	91 
896	87 
897	3 
898	79 
899	59 
900	57 
901	68 
902	3 
903	65 
904	87 
905	70 
906	29 
907	2 
908	85 
909	61 
910	17 
911	72 
912	54 
913	58 
914	26 
915	66 
916	13 
917	19 
918	71 
919	95 
920	26 
921	81 
922	18 
923	82 
924	1 
925	20 
926	88 
927	47 
928	25 
929	8 
930	6 
931	13 
932	27 
933	21 
934	61 
935	32 
936	32 
937	77 
938	32 
939	68 
940	44 
941	10 
942	75 
943	87 
944	74 
945	92 
946	26 
947	59 
948	65 
949	47 
950	37 
951	65 
952	54 
953	12 
954	45 
955	11 
956	10 
957	85 
958	11 
959	73 
960	98 
961	65 
962	15 
963	24 
964	21 
965	19 
966	30 
967	82 
968	34 
969	74 
970	74 
971	11 
972	28 
973	17 
974	29 
975	2 
976	10 
977	51 
978	70 
979	11 
980	1 
981	57 
982	75 
983	87 
984	59 
985	68 
986	75 
987	20 
988	13 
989	24 
990	75 
991	45 
992	3 
993	37 
994	48 
995	36 
996	59 
997	86 
998	88 
999	26 
1000	17 
1001	10 
1002	3 
1003	94 
1004	66 
1005	55 
1006	55 
1007	98 
1008	34 
1009	31 
1010	91 
1011	88 
1012	19 
1013	77 
1014	5 
1015	11 
1016	77 
1017	47 
1018	97 
1019	9 
1020	21 
1021	64 
1022	77 
1023	10 
1024	69 
1025	81 
1026	75 
1027	94 
1028	44 
1029	97 
1030	67 
1031	9 
1032	62 
1033	32 
1034	20 
1035	51 
1036	86 
1037	35 
1038	54 
1039	7 
1040	91 
1041	99 
1042	26 
1043	82 
1044	61 
1045	19 
1046	12 
1047	43 
1048	98 
1049	18 
1050	81 
1051	16 
1052	17 
1053	25 
1054	67 
1055	78 
1056	83 
1057	29 
1058	26 
1059	3 
1060	28 
1061	76 
1062	79 
1063	1 
1064	88 
1065	38 
1066	27 
1067	33 
1068	54 
1069	97 
1070	7 
1071	91 
1072	72 
1073	19 
1074	8 
1075	36 
1076	87 
1077	24 
1078	1 
1079	20 
1080	26 
1081	55 
1082	44 
1083	32 
1084	71 
1085	61 
1086	98 
1087	82 
1088	48 
1089	14 
1090	86 
1091	88 
1092	19 
1093	27 
1094	65 
1095	11 
1096	95 
1097	3 
1098	32 
1099	36 
1100	71 
1101	79 
1102	79 
1103	36 
1104	8 
1105	42 
1106	32 
1107	8 
1108	74 
1109	47 
1110	17 
1111	34 
1112	24 
1113	55 
1114	39 
1115	55 
1116	16 
1117	81 
1118	81 
1119	67 
1120	61 
1121	74 
1122	26 
1123	1 
1124	12 
1125	76 
1126	77 
1127	58 
1128	26 
1129	55 
1130	31 
1131	32 
1132	61 
1133	90 
1134	74 
1135	81 
1136	88 
1137	82 
1138	75 
1139	44 
1140	77 
1141	99 
1142	71 
1143	45 
1144	55 
1145	87 
1146	4 
1147	27 
1148	81 
1149	69 
1150	2 
1151	49 
1152	92 
1153	98 
1154	37 
1155	20 
1156	70 
1157	69 
1158	57 
1159	79 
1160	80 
1161	25 
1162	21 
1163	30 
1164	2 
1165	49 
1166	54 
1167	45 
1168	75 
1169	69 
1170	2 
1171	26 
1172	39 
1173	1 
1174	42 
1175	67 
1176	61 
1177	36 
1178	3 
1179	91 
1180	8 
1181	61 
1182	57 
1183	10 
1184	38 
1185	79 
1186	49 
1187	74 
1188	26 
1189	47 
1190	10 
1191	43 
1192	20 
1193	67 
1194	36 
1195	87 
1196	86 
1197	54 
1198	55 
1199	74 
1200	97 
1201	43 
1202	33 
1203	99 
1204	3 
1205	79 
1206	76 
1207	10 
1208	47 
1209	23 
1210	11 
1211	47 
1212	47 
1213	10 
1214	66 
1215	20 
1216	4 
1217	29 
1218	28 
1219	7 
1220	28 
1221	25 
1222	22 
1223	13 
1224	31 
1225	55 
1226	9 
1227	44 
1228	95 
1229	63 
1230	93 
1231	51 
1232	34 
1233	1 
1234	8 
1235	95 
1236	74 
1237	81 
1238	53 
1239	49 
1240	63 
1241	10 
1242	90 
1243	88 
1244	72 
1245	38 
1246	19 
1247	80 
1248	92 
1249	3 
1250	32 
1251	54 
1252	36 
1253	83 
1254	23 
1255	75 
1256	65 
1257	28 
1258	17 
1259	77 
1260	59 
1261	45 
1262	82 
1263	44 
1264	24 
1265	82 
1266	80 
1267	99 
1268	94 
1269	71 
1270	36 
1271	99 
1272	77 
1273	11 
1274	32 
1275	28 
1276	54 
1277	42 
1278	55 
1279	95 
1280	47 
1281	27 
1282	95 
1283	67 
1284	23 
1285	35 
1286	25 
1287	41 
1288	47 
1289	79 
1290	41 
1291	23 
1292	26 
1293	18 
1294	65 
1295	4 
1296	9 
1297	47 
1298	66 
1299	41 
1300	88 
1301	16 
1302	86 
1303	98 
1304	79 
1305	92 
1306	4 
1307	2 
1308	84 
1309	34 
1310	19 
1311	16 
1312	58 
1313	27 
1314	1 
1315	57 
1316	17 
1317	79 
1318	49 
1319	47 
1320	82 
1321	1 
1322	8 
1323	31 
1324	66 
1325	54 
1326	9 
1327	11 
1328	61 
1329	68 
1330	80 
1331	4 
1332	75 
1333	9 
1334	75 
1335	59 
1336	23 
1337	70 
1338	15 
1339	97 
1340	59 
1341	59 
1342	10 
1343	32 
1344	7 
1345	67 
1346	54 
1347	95 
1348	27 
1349	1 
1350	3 
1351	72 
1352	20 
1353	32 
1354	62 
1355	67 
1356	74 
1357	94 
1358	95 
1359	69 
1360	93 
1361	88 
1362	7 
1363	77 
1364	15 
1365	47 
1366	82 
1367	3 
1368	19 
1369	95 
1370	61 
1371	88 
1372	70 
1373	62 
1374	54 
1375	45 
1376	84 
1377	69 
1378	54 
1379	27 
1380	1 
1381	23 
1382	37 
1383	43 
1384	29 
1385	67 
1386	95 
1387	25 
1388	96 
1389	13 
1390	40 
1391	57 
1392	3 
1393	82 
1394	77 
1395	88 
1396	12 
1397	24 
1398	55 
1399	21 
1400	81 
1401	67 
1402	69 
1403	55 
1404	48 
1405	68 
1406	82 
1407	83 
1408	95 
1409	15 
1410	67 
1411	25 
1412	82 
1413	55 
1414	57 
1415	18 
1416	26 
1417	61 
1418	82 
1419	20 
1420	11 
1421	93 
1422	63 
1423	21 
1424	7 
1425	72 
1426	76 
1427	11 
1428	2 
1429	36 
1430	3 
1431	26 
1432	34 
1433	30 
1434	82 
1435	76 
1436	27 
1437	79 
1438	18 
1439	41 
1440	55 
1441	99 
1442	65 
1443	71 
1444	87 
1445	76 
1446	95 
1447	58 
1448	74 
1449	54 
1450	74 
1451	47 
1452	93 
1453	19 
1454	57 
1455	46 
1456	67 
1457	35 
1458	62 
1459	81 
1460	1 
1461	41 
1462	77 
1463	50 
1464	73 
1465	27 
1466	7 
1467	57 
1468	42 
1469	25 
1470	99 
1471	41 
1472	36 
1473	82 
1474	74 
1475	99 
1476	7 
1477	81 
1478	77 
1479	97 
1480	41 
1481	26 
1482	17 
1483	57 
1484	74 
1485	2 
1486	64 
1487	70 
1488	1 
1489	47 
1490	59 
1491	21 
1492	46 
1493	98 
1494	75 
1495	92 
1496	98 
1497	18 
1498	82 
1499	89 
1500	61 
1501	62 
1502	20 
1503	16 
1504	15 
1505	20 
1506	56 
1507	85 
1508	17 
1509	69 
1510	4 
1511	19 
1512	88 
1513	41 
1514	21 
1515	91 
1516	98 
1517	88 
1518	8 
1519	75 
1520	26 
1521	22 
1522	2 
1523	24 
1524	59 
1525	64 
1526	26 
1527	79 
1528	97 
1529	83 
1530	68 
1531	15 
1532	87 
1533	23 
1534	98 
1535	62 
1536	88 
1537	14 
1538	3 
1539	30 
1540	49 
1541	27 
1542	74 
1543	19 
1544	62 
1545	4 
1546	59 
1547	10 
1548	87 
1549	81 
1550	84 
1551	54 
1552	74 
1553	26 
1554	55 
1555	19 
1556	88 
1557	53 
1558	13 
1559	26 
1560	99 
1561	55 
1562	40 
1563	12 
1564	73 
1565	45 
1566	99 
1567	5 
1568	42 
1569	30 
1570	41 
1571	24 
1572	57 
1573	56 
1574	60 
1575	45 
1576	59 
1577	17 
1578	67 
1579	22 
1580	9 
1581	91 
1582	82 
1583	11 
1584	98 
1585	82 
1586	25 
1587	74 
1588	3 
1589	59 
1590	37 
1591	4 
1592	13 
1593	22 
1594	99 
1595	75 
1596	20 
1597	64 
1598	4 
1599	51 
1600	88 
1601	1 
1602	32 
1603	11 
1604	18 
1605	1 
1606	28 
1607	67 
1608	75 
1609	46 
1610	77 
1611	81 
1612	13 
1613	23 
1614	46 
1615	20 
1616	10 
1617	35 
1618	87 
1619	51 
1620	7 
1621	94 
1622	49 
1623	28 
1624	95 
1625	24 
1626	77 
1627	20 
1628	55 
1629	98 
1630	70 
1631	70 
1632	34 
1633	70 
1634	85 
1635	46 
1636	94 
1637	23 
1638	3 
1639	77 
1640	16 
1641	4 
1642	62 
1643	86 
1644	57 
1645	57 
1646	59 
1647	44 
1648	1 
1649	95 
1650	48 
1651	36 
1652	97 
1653	55 
1654	24 
1655	20 
1656	39 
1657	87 
1658	47 
1659	21 
1660	68 
1661	60 
1662	99 
1663	19 
1664	51 
1665	94 
1666	9 
1667	69 
1668	19 
1669	45 
1670	33 
1671	4 
1672	7 
1673	72 
1674	19 
1675	53 
1676	17 
1677	28 
1678	83 
1679	17 
1680	87 
1681	10 
1682	90 
1683	88 
1684	13 
1685	63 
1686	90 
1687	79 
1688	17 
1689	31 
1690	21 
1691	47 
1692	62 
1693	76 
1694	81 
1695	8 
1696	59 
1697	95 
1698	69 
1699	82 
1700	81 
1701	36 
1702	28 
1703	1 
1704	92 
1705	76 
1706	89 
1707	55 
1708	2 
1709	37 
1710	47 
1711	77 
1712	77 
1713	3 
1714	28 
1715	49 
1716	86 
1717	17 
1718	18 
1719	6 
1720	18 
1721	69 
1722	28 
1723	19 
1724	75 
1725	52 
1726	24 
1727	14 
1728	75 
1729	67 
1730	20 
1731	70 
1732	13 
1733	37 
1734	48 
1735	28 
1736	65 
1737	47 
1738	33 
1739	16 
1740	55 
1741	74 
1742	81 
1743	37 
1744	13 
1745	7 
1746	68 
1747	34 
1748	82 
1749	1 
1750	59 
1751	91 
1752	20 
1753	1 
1754	21 
1755	95 
1756	37 
1757	96 
1758	1 
1759	75 
1760	15 
1761	11 
1762	87 
1763	20 
1764	65 
1765	21 
1766	4 
1767	39 
1768	87 
1769	18 
1770	96 
1771	12 
1772	33 
1773	88 
1774	7 
1775	54 
1776	11 
1777	68 
1778	95 
1779	47 
1780	3 
1781	19 
1782	19 
1783	67 
1784	21 
1785	41 
1786	83 
1787	80 
1788	47 
1789	99 
1790	7 
1791	59 
1792	42 
1793	12 
1794	59 
1795	78 
1796	40 
1797	65 
1798	87 
1799	61 
1800	34 
1801	83 
1802	25 
1803	58 
1804	82 
1805	42 
1806	63 
1807	13 
1808	89 
1809	19 
1810	44 
1811	32 
1812	25 
1813	10 
1814	95 
1815	39 
1816	9 
1817	77 
1818	15 
1819	10 
1820	26 
1821	49 
1822	20 
1823	9 
1824	98 
1825	42 
1826	58 
1827	39 
1828	82 
1829	36 
1830	76 
1831	20 
1832	57 
1833	79 
1834	70 
1835	59 
1836	59 
1837	10 
1838	98 
1839	9 
1840	79 
1841	46 
1842	6 
1843	39 
1844	49 
1845	10 
1846	75 
1847	37 
1848	10 
1849	57 
1850	95 
1851	9 
1852	17 
1853	74 
1854	62 
1855	48 
1856	21 
1857	48 
1858	99 
1859	9 
1860	54 
1861	5 
1862	28 
1863	79 
1864	5 
1865	70 
1866	85 
1867	79 
1868	7 
1869	43 
1870	75 
1871	42 
1872	24 
1873	18 
1874	34 
1875	18 
1876	72 
1877	49 
1878	87 
1879	5 
1880	24 
1881	6 
1882	39 
1883	40 
1884	92 
1885	86 
1886	87 
1887	6 
1888	32 
1889	48 
1890	10 
1891	92 
1892	88 
1893	94 
1894	96 
1895	99 
1896	35 
1897	34 
1898	86 
1899	62 
1900	23 
1901	5 
1902	23 
1903	21 
1904	36 
1905	91 
1906	51 
1907	47 
1908	94 
1909	81 
1910	70 
1911	29 
1912	77 
1913	83 
1914	99 
1915	88 
1916	65 
1917	82 
1918	79 
1919	95 
1920	15 
1921	97 
1922	54 
1923	98 
1924	75 
1925	60 
1926	70 
1927	69 
1928	91 
1929	67 
1930	1 
1931	84 
1932	43 
1933	2 
1934	51 
1935	67 
1936	26 
1937	39 
1938	36 
1939	77 
1940	91 
1941	82 
1942	16 
1943	17 
1944	95 
1945	99 
1946	72 
1947	19 
1948	94 
1949	7 
1950	79 
1951	63 
1952	1 
1953	66 
1954	5 
1955	8 
1956	69 
1957	96 
1958	70 
1959	8 
1960	36 
1961	9 
1962	20 
1963	94 
1964	5 
1965	3 
1966	54 
1967	14 
1968	9 
1969	98 
1970	82 
1971	88 
1972	20 
1973	47 
1974	81 
1975	55 
1976	40 
1977	42 
1978	81 
1979	67 
1980	93 
1981	48 
1982	85 
1983	31 
1984	77 
1985	75 
1986	48 
1987	82 
1988	46 
1989	26 
1990	40 
1991	61 
1992	27 
1993	31 
1994	79 
1995	54 
1996	39 
1997	15 
1998	51 
1999	74 
2000	21 
2001	60 
2002	87 
2003	18 
2004	84 
2005	47 
2006	67 
2007	38 
2008	46 
2009	95 
2010	30 
2011	49 
2012	91 
2013	23 
2014	46 
2015	29 
2016	98 
2017	12 
2018	62 
2019	86 
2020	20 
2021	20 
2022	27 
2023	88 
2024	47 
2025	74 
2026	98 
2027	93 
2028	99 
2029	69 
2030	98 
2031	24 
2032	9 
2033	44 
2034	61 
2035	74 
2036	2 
2037	52 
2038	86 
2039	16 
2040	42 
2041	45 
2042	15 
2043	74 
2044	88 
2045	82 
2046	88 
2047	32 
2048	32 
2049	81 
2050	28 
2051	64 
2052	16 
2053	85 
2054	54 
2055	82 
2056	98 
2057	15 
2058	94 
2059	21 
2060	11 
2061	67 
2062	88 
2063	10 
2064	29 
2065	20 
2066	73 
2067	97 
2068	51 
2069	55 
2070	58 
2071	1 
2072	11 
2073	70 
2074	11 
2075	60 
2076	10 
2077	61 
2078	70 
2079	29 
2080	17 
2081	74 
2082	81 
2083	97 
2084	55 
2085	10 
2086	74 
2087	25 
2088	91 
2089	81 
2090	75 
2091	55 
2092	46 
2093	37 
2094	91 
2095	91 
2096	31 
2097	12 
2098	69 
2099	56 
2100	46 
2101	19 
2102	13 
2103	19 
2104	92 
2105	98 
2106	32 
2107	76 
2108	64 
2109	65 
2110	35 
2111	59 
2112	75 
2113	10 
2114	26 
2115	68 
2116	49 
2117	8 
2118	11 
2119	96 
2120	59 
2121	26 
2122	50 
2123	59 
2124	96 
2125	95 
2126	14 
2127	68 
2128	3 
2129	47 
2130	77 
2131	69 
2132	28 
2133	43 
2134	37 
2135	37 
2136	88 
2137	28 
2138	91 
2139	28 
2140	24 
2141	76 
2142	55 
2143	41 
2144	24 
2145	26 
2146	1 
2147	2 
2148	88 
2149	88 
2150	70 
2151	59 
2152	59 
2153	81 
2154	73 
2155	81 
2156	54 
2157	6 
2158	50 
2159	72 
2160	95 
2161	70 
2162	38 
2163	84 
2164	27 
2165	26 
2166	32 
2167	74 
2168	69 
2169	32 
2170	61 
2171	60 
2172	43 
2173	87 
2174	10 
2175	73 
2176	55 
2177	23 
2178	25 
2179	7 
2180	17 
2181	52 
2182	48 
2183	1 
2184	57 
2185	30 
2186	34 
2187	12 
2188	67 
2189	19 
2190	25 
2191	47 
2192	26 
2193	74 
2194	20 
2195	51 
2196	47 
2197	61 
2198	91 
2199	57 
2200	79 
2201	63 
2202	45 
2203	43 
2204	67 
2205	17 
2206	67 
2207	65 
2208	62 
2209	36 
2210	11 
2211	52 
2212	59 
2213	55 
2214	43 
2215	65 
2216	20 
2217	61 
2218	43 
2219	45 
2220	10 
2221	12 
2222	18 
2223	68 
2224	8 
2225	76 
2226	26 
2227	9 
2228	76 
2229	20 
2230	88 
2231	4 
2232	83 
2233	55 
2234	22 
2235	17 
2236	21 
2237	7 
2238	38 
2239	74 
2240	64 
2241	70 
2242	74 
2243	87 
2244	52 
2245	28 
2246	46 
2247	59 
2248	11 
2249	70 
2250	83 
2251	34 
2252	36 
2253	7 
2254	3 
2255	23 
2256	6 
2257	54 
2258	82 
2259	94 
2260	87 
2261	99 
2262	37 
2263	58 
2264	79 
2265	64 
2266	54 
2267	43 
2268	39 
2269	54 
2270	15 
2271	59 
2272	54 
2273	11 
2274	82 
2275	28 
2276	17 
2277	20 
2278	75 
2279	70 
2280	33 
2281	36 
2282	65 
2283	97 
2284	98 
2285	69 
2286	66 
2287	15 
2288	77 
2289	35 
2290	20 
2291	46 
2292	31 
2293	79 
2294	19 
2295	77 
2296	77 
2297	87 
2298	72 
2299	81 
2300	19 
2301	93 
2302	63 
2303	31 
2304	6 
2305	87 
2306	8 
2307	76 
2308	93 
2309	49 
2310	70 
2311	54 
2312	18 
2313	51 
2314	94 
2315	77 
2316	19 
2317	55 
2318	59 
2319	21 
2320	74 
2321	91 
2322	82 
2323	3 
2324	99 
2325	41 
2326	67 
2327	26 
2328	69 
2329	43 
2330	91 
2331	55 
2332	15 
2333	93 
2334	76 
2335	87 
2336	54 
2337	15 
2338	95 
2339	57 
2340	26 
2341	10 
2342	19 
2343	26 
2344	46 
2345	1 
2346	74 
2347	4 
2348	36 
2349	50 
2350	62 
2351	54 
2352	8 
2353	15 
2354	9 
2355	70 
2356	95 
2357	7 
2358	25 
2359	17 
2360	44 
2361	5 
2362	32 
2363	95 
2364	23 
2365	16 
2366	81 
2367	59 
2368	3 
2369	25 
2370	3 
2371	1 
2372	91 
2373	24 
2374	82 
2375	13 
2376	57 
2377	70 
2378	86 
2379	7 
2380	43 
2381	21 
2382	66 
2383	37 
2384	59 
2385	95 
2386	86 
2387	32 
2388	15 
2389	21 
2390	46 
2391	64 
2392	82 
2393	76 
2394	34 
2395	94 
2396	54 
2397	88 
2398	28 
2399	50 
2400	70 
2401	25 
2402	49 
2403	95 
2404	89 
2405	57 
2406	40 
2407	8 
2408	92 
2409	53 
2410	98 
2411	24 
2412	66 
2413	30 
2414	9 
2415	14 
2416	28 
2417	70 
2418	55 
2419	36 
2420	81 
2421	41 
2422	3 
2423	78 
2424	91 
2425	99 
2426	87 
2427	72 
2428	65 
2429	10 
2430	35 
2431	82 
2432	48 
2433	97 
2434	88 
2435	69 
2436	87 
2437	55 
2438	28 
2439	55 
2440	14 
2441	17 
2442	54 
2443	59 
2444	44 
2445	82 
2446	24 
2447	48 
2448	36 
2449	82 
2450	77 
2451	13 
2452	53 
2453	95 
2454	61 
2455	81 
2456	80 
2457	9 
2458	63 
2459	36 
2460	80 
2461	3 
2462	74 
2463	74 
2464	24 
2465	98 
2466	43 
2467	24 
2468	20 
2469	14 
2470	95 
2471	24 
2472	98 
2473	59 
2474	53 
2475	10 
2476	96 
2477	57 
2478	13 
2479	86 
2480	13 
2481	64 
2482	79 
2483	28 
2484	1 
2485	17 
2486	69 
2487	31 
2488	64 
2489	42 
2490	59 
2491	97 
2492	8 
2493	4 
2494	9 
2495	12 
2496	3 
2497	77 
2498	12 
2499	56 
2500	26 
2501	21 
2502	5 
2503	37 
2504	58 
2505	36 
2506	28 
2507	20 
2508	88 
2509	68 
2510	41 
2511	19 
2512	4 
2513	90 
2514	85 
2515	81 
2516	81 
2517	11 
2518	8 
2519	82 
2520	67 
2521	42 
2522	20 
2523	12 
2524	37 
2525	91 
2526	38 
2527	63 
2528	4 
2529	48 
2530	41 
2531	22 
2532	98 
2533	27 
2534	84 
2535	67 
2536	53 
2537	47 
2538	30 
2539	95 
2540	19 
2541	51 
2542	69 
2543	57 
2544	3 
2545	40 
2546	68 
2547	11 
2548	72 
2549	34 
2550	37 
2551	42 
2552	13 
2553	48 
2554	36 
2555	37 
2556	36 
2557	41 
2558	93 
2559	93 
2560	65 
2561	74 
2562	89 
2563	22 
2564	92 
2565	41 
2566	55 
2567	46 
2568	94 
2569	83 
2570	55 
2571	61 
2572	17 
2573	95 
2574	91 
2575	3 
2576	57 
2577	87 
2578	48 
2579	77 
2580	6 
2581	79 
2582	9 
2583	65 
2584	82 
2585	76 
2586	87 
2587	36 
2588	62 
2589	85 
2590	70 
2591	81 
2592	11 
2593	10 
2594	12 
2595	18 
2596	27 
2597	43 
2598	47 
2599	42 
2600	49 
2601	77 
2602	82 
2603	62 
2604	23 
2605	82 
2606	59 
2607	35 
2608	54 
2609	12 
2610	17 
2611	75 
2612	99 
2613	14 
2614	98 
2615	22 
2616	12 
2617	8 
2618	92 
2619	85 
2620	37 
2621	76 
2622	7 
2623	88 
2624	73 
2625	37 
2626	79 
2627	7 
2628	28 
2629	32 
2630	47 
2631	23 
2632	65 
2633	18 
2634	44 
2635	10 
2636	77 
2637	6 
2638	81 
2639	90 
2640	7 
2641	64 
2642	4 
2643	55 
2644	79 
2645	98 
2646	62 
2647	7 
2648	8 
2649	42 
2650	29 
2651	77 
2652	4 
2653	59 
2654	69 
2655	72 
2656	9 
2657	79 
2658	54 
2659	76 
2660	97 
2661	41 
2662	68 
2663	89 
2664	95 
2665	2 
2666	78 
2667	9 
2668	15 
2669	99 
2670	82 
2671	16 
2672	45 
2673	95 
2674	24 
2675	4 
2676	74 
2677	81 
2678	68 
2679	28 
2680	38 
2681	68 
2682	21 
2683	43 
2684	86 
2685	76 
2686	81 
2687	99 
2688	15 
2689	47 
2690	27 
2691	69 
2692	95 
2693	75 
2694	72 
2695	11 
2696	79 
2697	37 
2698	27 
2699	90 
2700	65 
2701	4 
2702	86 
2703	98 
2704	11 
2705	37 
2706	93 
2707	89 
2708	88 
2709	98 
2710	79 
2711	64 
2712	6 
2713	47 
2714	51 
2715	56 
2716	54 
2717	67 
2718	10 
2719	72 
2720	69 
2721	50 
2722	20 
2723	34 
2724	66 
2725	79 
2726	11 
2727	71 
2728	96 
2729	20 
2730	53 
2731	11 
2732	80 
2733	69 
2734	57 
2735	15 
2736	83 
2737	83 
2738	74 
2739	57 
2740	93 
2741	87 
2742	95 
2743	57 
2744	10 
2745	55 
2746	96 
2747	24 
2748	58 
2749	51 
2750	45 
2751	24 
2752	3 
2753	91 
2754	96 
2755	55 
2756	12 
2757	7 
2758	12 
2759	10 
2760	52 
2761	83 
2762	20 
2763	29 
2764	98 
2765	47 
2766	65 
2767	46 
2768	76 
2769	17 
2770	33 
2771	70 
2772	79 
2773	69 
2774	32 
2775	20 
2776	43 
2777	44 
2778	79 
2779	49 
2780	4 
2781	27 
2782	90 
2783	18 
2784	35 
2785	56 
2786	67 
2787	75 
2788	75 
2789	18 
2790	47 
2791	91 
2792	28 
2793	42 
2794	21 
2795	74 
2796	55 
2797	56 
2798	88 
2799	24 
2800	40 
2801	88 
2802	70 
2803	85 
2804	51 
2805	18 
2806	99 
2807	42 
2808	98 
2809	46 
2810	46 
2811	84 
2812	76 
2813	58 
2814	92 
2815	19 
2816	44 
2817	91 
2818	69 
2819	70 
2820	99 
2821	82 
2822	92 
2823	41 
2824	70 
2825	24 
2826	2 
2827	61 
2828	9 
2829	84 
2830	63 
2831	65 
2832	41 
2833	39 
2834	52 
2835	7 
2836	43 
2837	67 
2838	26 
2839	3 
2840	79 
2841	43 
2842	99 
2843	52 
2844	69 
2845	21 
2846	6 
2847	9 
2848	26 
2849	82 
2850	26 
2851	82 
2852	15 
2853	19 
2854	95 
2855	54 
2856	9 
2857	55 
2858	2 
2859	75 
2860	41 
2861	24 
2862	21 
2863	58 
2864	78 
2865	69 
2866	74 
2867	76 
2868	76 
2869	68 
2870	59 
2871	5 
2872	19 
2873	32 
2874	41 
2875	7 
2876	77 
2877	82 
2878	28 
2879	74 
2880	82 
2881	77 
2882	53 
2883	99 
2884	50 
2885	2 
2886	92 
2887	75 
2888	41 
2889	69 
2890	16 
2891	1 
2892	58 
2893	32 
2894	82 
2895	4 
2896	7 
2897	98 
2898	4 
2899	79 
2900	26 
2901	80 
2902	14 
2903	47 
2904	83 
2905	56 
2906	3 
2907	27 
2908	4 
2909	44 
2910	37 
2911	53 
2912	67 
2913	68 
2914	94 
2915	79 
2916	68 
2917	63 
2918	87 
2919	1 
2920	59 
2921	95 
2922	29 
2923	61 
2924	36 
2925	57 
2926	86 
2927	41 
2928	2 
2929	31 
2930	35 
2931	70 
2932	1 
2933	10 
2934	76 
2935	66 
2936	47 
2937	20 
2938	75 
2939	30 
2940	6 
2941	7 
2942	17 
2943	3 
2944	37 
2945	92 
2946	60 
2947	72 
2948	91 
2949	38 
2950	17 
2951	90 
2952	54 
2953	98 
2954	58 
2955	62 
2956	93 
2957	84 
2958	6 
2959	97 
2960	13 
2961	24 
2962	28 
2963	94 
2964	21 
2965	82 
2966	32 
2967	39 
2968	64 
2969	58 
2970	6 
2971	33 
2972	87 
2973	95 
2974	43 
2975	55 
2976	93 
2977	56 
2978	93 
2979	97 
2980	82 
2981	58 
2982	86 
2983	12 
2984	95 
2985	32 
2986	99 
2987	7 
2988	21 
2989	50 
2990	69 
2991	72 
2992	32 
2993	19 
2994	71 
2995	91 
2996	20 
2997	26 
2998	37 
2999	87 
3000	36 
3001	99 
3002	41 
3003	55 
3004	86 
3005	51 
3006	19 
3007	55 
3008	4 
3009	84 
3010	88 
3011	75 
3012	39 
3013	10 
3014	7 
3015	43 
3016	57 
3017	47 
3018	64 
3019	80 
3020	95 
3021	1 
3022	34 
3023	28 
3024	67 
3025	4 
3026	15 
3027	27 
3028	27 
3029	9 
3030	10 
3031	98 
3032	95 
3033	57 
3034	39 
3035	9 
3036	66 
3037	21 
3038	5 
3039	67 
3040	54 
3041	81 
3042	4 
3043	94 
3044	98 
3045	63 
3046	99 
3047	43 
3048	29 
3049	86 
3050	59 
3051	7 
3052	40 
3053	77 
3054	10 
3055	50 
3056	71 
3057	4 
3058	46 
3059	87 
3060	18 
3061	17 
3062	55 
3063	88 
3064	53 
3065	2 
3066	11 
3067	87 
3068	56 
3069	83 
3070	93 
3071	26 
3072	76 
3073	99 
3074	19 
3075	56 
3076	46 
3077	77 
3078	87 
3079	28 
3080	92 
3081	18 
3082	68 
3083	93 
3084	27 
3085	48 
3086	12 
3087	19 
3088	21 
3089	61 
3090	93 
3091	80 
3092	43 
3093	27 
3094	77 
3095	94 
3096	11 
3097	10 
3098	74 
3099	66 
3100	86 
3101	98 
3102	42 
3103	88 
3104	9 
3105	81 
3106	13 
3107	36 
3108	79 
3109	8 
3110	88 
3111	26 
3112	67 
3113	3 
3114	7 
3115	54 
3116	77 
3117	37 
3118	48 
3119	69 
3120	9 
3121	4 
3122	98 
3123	10 
3124	60 
3125	11 
3126	17 
3127	48 
3128	92 
3129	65 
3130	75 
3131	16 
3132	51 
3133	14 
3134	65 
3135	62 
3136	81 
3137	61 
3138	79 
3139	12 
3140	24 
3141	17 
3142	2 
3143	11 
3144	11 
3145	11 
3146	81 
3147	8 
3148	77 
3149	57 
3150	79 
3151	26 
3152	13 
3153	85 
3154	25 
3155	94 
3156	9 
3157	4 
3158	19 
3159	95 
3160	2 
3161	81 
3162	82 
3163	87 
3164	59 
3165	66 
3166	57 
3167	41 
3168	88 
3169	63 
3170	36 
3171	8 
3172	96 
3173	35 
3174	13 
3175	2 
3176	49 
3177	23 
3178	92 
3179	47 
3180	10 
3181	47 
3182	36 
3183	54 
3184	12 
3185	32 
3186	34 
3187	79 
3188	2 
3189	58 
3190	75 
3191	59 
3192	50 
3193	6 
3194	20 
3195	57 
3196	32 
3197	38 
3198	20 
3199	18 
3200	26 
3201	21 
3202	88 
3203	51 
3204	6 
3205	16 
3206	49 
3207	88 
3208	36 
3209	95 
3210	95 
3211	7 
3212	98 
3213	99 
3214	99 
3215	43 
3216	2 
3217	92 
3218	41 
3219	19 
3220	7 
3221	53 
3222	49 
3223	19 
3224	13 
3225	43 
3226	59 
3227	21 
3228	17 
3229	57 
3230	9 
3231	59 
3232	10 
3233	53 
3234	89 
3235	41 
3236	88 
3237	79 
3238	57 
3239	19 
3240	3 
3241	42 
3242	59 
3243	2 
3244	99 
3245	55 
3246	79 
3247	61 
3248	9 
3249	11 
3250	45 
3251	83 
3252	87 
3253	75 
3254	81 
3255	23 
3256	37 
3257	68 
3258	99 
3259	63 
3260	57 
3261	4 
3262	57 
3263	8 
3264	71 
3265	87 
3266	11 
3267	40 
3268	15 
3269	79 
3270	19 
3271	22 
3272	98 
3273	35 
3274	94 
3275	77 
3276	98 
3277	10 
3278	67 
3279	98 
3280	28 
3281	58 
3282	28 
3283	47 
3284	55 
3285	59 
3286	79 
3287	38 
3288	87 
3289	9 
3290	81 
3291	36 
3292	20 
3293	79 
3294	2 
3295	87 
3296	9 
3297	15 
3298	50 
3299	50 
3300	2 
3301	51 
3302	41 
3303	90 
3304	17 
3305	8 
3306	75 
3307	54 
3308	8 
3309	59 
3310	81 
3311	2 
3312	97 
3313	1 
3314	88 
3315	91 
3316	32 
3317	24 
3318	77 
3319	27 
3320	25 
3321	47 
3322	24 
3323	48 
3324	42 
3325	15 
3326	51 
3327	54 
3328	48 
3329	48 
3330	13 
3331	8 
3332	4 
3333	11 
3334	82 
3335	48 
3336	21 
3337	96 
3338	32 
3339	19 
3340	70 
3341	86 
3342	21 
3343	21 
3344	52 
3345	60 
3346	17 
3347	50 
3348	10 
3349	32 
3350	31 
3351	37 
3352	57 
3353	38 
3354	17 
3355	94 
3356	9 
3357	98 
3358	87 
3359	82 
3360	82 
3361	54 
3362	69 
3363	40 
3364	19 
3365	80 
3366	47 
3367	71 
3368	91 
3369	83 
3370	58 
3371	56 
3372	9 
3373	26 
3374	43 
3375	83 
3376	81 
3377	55 
3378	62 
3379	66 
3380	9 
3381	58 
3382	84 
3383	31 
3384	2 
3385	24 
3386	91 
3387	34 
3388	61 
3389	2 
3390	62 
3391	78 
3392	36 
3393	80 
3394	9 
3395	5 
3396	48 
3397	33 
3398	99 
3399	27 
3400	73 
3401	91 
3402	59 
3403	98 
3404	7 
3405	32 
3406	35 
3407	55 
3408	40 
3409	87 
3410	95 
3411	19 
3412	49 
3413	32 
3414	94 
3415	99 
3416	73 
3417	69 
3418	43 
3419	21 
3420	85 
3421	63 
3422	24 
3423	7 
3424	93 
3425	47 
3426	7 
3427	80 
3428	72 
3429	66 
3430	58 
3431	55 
3432	67 
3433	94 
3434	86 
3435	21 
3436	62 
3437	21 
3438	60 
3439	82 
3440	43 
3441	5 
3442	98 
3443	75 
3444	59 
3445	6 
3446	49 
3447	79 
3448	79 
3449	21 
3450	84 
3451	41 
3452	86 
3453	98 
3454	74 
3455	17 
3456	64 
3457	9 
3458	12 
3459	77 
3460	85 
3461	89 
3462	71 
3463	7 
3464	44 
3465	62 
3466	26 
3467	9 
3468	95 
3469	57 
3470	86 
3471	59 
3472	24 
3473	44 
3474	86 
3475	98 
3476	37 
3477	95 
3478	38 
3479	54 
3480	76 
3481	75 
3482	9 
3483	59 
3484	28 
3485	62 
3486	46 
3487	70 
3488	99 
3489	58 
3490	88 
3491	32 
3492	11 
3493	45 
3494	79 
3495	81 
3496	33 
3497	98 
3498	93 
3499	93 
3500	68 
3501	75 
3502	99 
3503	98 
3504	58 
3505	23 
3506	6 
3507	89 
3508	7 
3509	17 
3510	9 
3511	41 
3512	69 
3513	61 
3514	43 
3515	44 
3516	2 
3517	1 
3518	4 
3519	64 
3520	27 
3521	71 
3522	92 
3523	21 
3524	81 
3525	7 
3526	83 
3527	11 
3528	59 
3529	31 
3530	46 
3531	93 
3532	82 
3533	57 
3534	57 
3535	42 
3536	34 
3537	80 
3538	99 
3539	90 
3540	88 
3541	81 
3542	28 
3543	19 
3544	12 
3545	88 
3546	32 
3547	95 
3548	3 
3549	8 
3550	71 
3551	2 
3552	1 
3553	86 
3554	62 
3555	22 
3556	32 
3557	47 
3558	1 
3559	18 
3560	51 
3561	42 
3562	68 
3563	11 
3564	24 
3565	85 
3566	84 
3567	28 
3568	60 
3569	4 
3570	29 
3571	83 
3572	1 
3573	94 
3574	92 
3575	65 
3576	53 
3577	91 
3578	1 
3579	70 
3580	74 
3581	84 
3582	60 
3583	44 
3584	54 
3585	69 
3586	24 
3587	69 
3588	20 
3589	15 
3590	79 
3591	79 
3592	49 
3593	57 
3594	88 
3595	92 
3596	55 
3597	4 
3598	10 
3599	47 
3600	37 
3601	43 
3602	77 
3603	41 
3604	95 
3605	26 
3606	50 
3607	11 
3608	84 
3609	76 
3610	24 
3611	70 
3612	43 
3613	94 
3614	88 
3615	2 
3616	21 
3617	4 
3618	47 
3619	98 
3620	70 
3621	76 
3622	49 
3623	39 
3624	59 
3625	33 
3626	20 
3627	85 
3628	35 
3629	89 
3630	77 
3631	4 
3632	68 
3633	23 
3634	27 
3635	81 
3636	11 
3637	43 
3638	65 
3639	96 
3640	79 
3641	24 
3642	74 
3643	87 
3644	48 
3645	4 
3646	70 
3647	41 
3648	9 
3649	82 
3650	27 
3651	99 
3652	68 
3653	20 
3654	99 
3655	99 
3656	91 
3657	61 
3658	81 
3659	22 
3660	41 
3661	25 
3662	21 
3663	93 
3664	23 
3665	74 
3666	24 
3667	37 
3668	70 
3669	59 
3670	20 
3671	99 
3672	43 
3673	54 
3674	93 
3675	50 
3676	36 
3677	52 
3678	14 
3679	57 
3680	24 
3681	28 
3682	20 
3683	94 
3684	55 
3685	17 
3686	1 
3687	65 
3688	28 
3689	72 
3690	48 
3691	20 
3692	77 
3693	20 
3694	36 
3695	17 
3696	37 
3697	72 
3698	27 
3699	87 
3700	77 
3701	32 
3702	61 
3703	9 
3704	59 
3705	25 
3706	74 
3707	94 
3708	69 
3709	59 
3710	52 
3711	95 
3712	86 
3713	40 
3714	36 
3715	41 
3716	24 
3717	81 
3718	79 
3719	25 
3720	32 
3721	61 
3722	15 
3723	87 
3724	21 
3725	88 
3726	2 
3727	95 
3728	6 
3729	54 
3730	39 
3731	8 
3732	98 
3733	10 
3734	65 
3735	36 
3736	1 
3737	75 
3738	46 
3739	60 
3740	35 
3741	2 
3742	82 
3743	46 
3744	27 
3745	47 
3746	20 
3747	4 
3748	81 
3749	21 
3750	26 
3751	65 
3752	54 
3753	23 
3754	1 
3755	32 
3756	62 
3757	21 
3758	93 
3759	85 
3760	37 
3761	91 
3762	2 
3763	95 
3764	21 
3765	12 
3766	9 
3767	1 
3768	65 
3769	48 
3770	9 
3771	83 
3772	62 
3773	4 
3774	14 
3775	49 
3776	25 
3777	89 
3778	77 
3779	74 
3780	39 
3781	70 
3782	65 
3783	17 
3784	30 
3785	68 
3786	59 
3787	78 
3788	57 
3789	36 
3790	98 
3791	70 
3792	10 
3793	9 
3794	79 
3795	59 
3796	17 
3797	86 
3798	4 
3799	72 
3800	15 
3801	17 
3802	34 
3803	21 
3804	10 
3805	47 
3806	59 
3807	88 
3808	47 
3809	36 
3810	7 
3811	67 
3812	70 
3813	23 
3814	61 
3815	88 
3816	95 
3817	93 
3818	57 
3819	44 
3820	68 
3821	8 
3822	98 
3823	25 
3824	19 
3825	89 
3826	47 
3827	71 
3828	99 
3829	40 
3830	52 
3831	72 
3832	28 
3833	24 
3834	83 
3835	37 
3836	7 
3837	67 
3838	10 
3839	4 
3840	55 
3841	17 
3842	49 
3843	4 
3844	48 
3845	98 
3846	10 
3847	54 
3848	7 
3849	37 
3850	9 
3851	76 
3852	93 
3853	61 
3854	77 
3855	17 
3856	98 
3857	1 
3858	26 
3859	28 
3860	22 
3861	82 
3862	13 
3863	13 
3864	68 
3865	91 
3866	26 
3867	8 
3868	24 
3869	54 
3870	82 
3871	69 
3872	62 
3873	26 
3874	82 
3875	20 
3876	11 
3877	87 
3878	35 
3879	21 
3880	33 
3881	34 
3882	48 
3883	89 
3884	37 
3885	37 
3886	96 
3887	92 
3888	53 
3889	85 
3890	70 
3891	95 
3892	10 
3893	15 
3894	55 
3895	24 
3896	72 
3897	36 
3898	75 
3899	19 
3900	79 
3901	87 
3902	36 
3903	61 
3904	99 
3905	82 
3906	99 
3907	26 
3908	68 
3909	94 
3910	32 
3911	1 
3912	54 
3913	99 
3914	42 
3915	27 
3916	95 
3917	93 
3918	32 
3919	98 
3920	8 
3921	19 
3922	47 
3923	97 
3924	19 
3925	52 
3926	41 
3927	30 
3928	9 
3929	87 
3930	79 
3931	95 
3932	21 
3933	76 
3934	59 
3935	88 
3936	26 
3937	17 
3938	11 
3939	11 
3940	24 
3941	54 
3942	68 
3943	70 
3944	25 
3945	49 
3946	49 
3947	89 
3948	63 
3949	75 
3950	7 
3951	77 
3952	91 
3953	88 
3954	66 
3955	77 
3956	57 
3957	95 
3958	11 
3959	77 
3960	50 
3961	20 
3962	67 
3963	83 
3964	47 
3965	21 
3966	20 
3967	70 
3968	11 
3969	89 
3970	55 
3971	20 
3972	83 
3973	96 
3974	26 
3975	26 
3976	69 
3977	20 
3978	48 
3979	9 
3980	82 
3981	32 
3982	74 
3983	92 
3984	65 
3985	52 
3986	87 
3987	13 
3988	77 
3989	86 
3990	36 
3991	55 
3992	32 
3993	23 
3994	72 
3995	28 
3996	33 
3997	57 
3998	47 
3999	14 
4000	18 
4001	28 
4002	55 
4003	41 
4004	77 
4005	93 
4006	13 
4007	48 
4008	81 
4009	91 
4010	25 
4011	75 
4012	73 
4013	91 
4014	77 
4015	83 
4016	8 
4017	95 
4018	63 
4019	86 
4020	38 
4021	57 
4022	4 
4023	99 
4024	69 
4025	55 
4026	74 
4027	46 
4028	55 
4029	1 
4030	67 
4031	21 
4032	78 
4033	19 
4034	36 
4035	98 
4036	38 
4037	64 
4038	55 
4039	18 
4040	28 
4041	49 
4042	98 
4043	10 
4044	7 
4045	34 
4046	36 
4047	68 
4048	51 
4049	80 
4050	39 
4051	41 
4052	19 
4053	47 
4054	31 
4055	66 
4056	28 
4057	35 
4058	73 
4059	87 
4060	1 
4061	59 
4062	49 
4063	52 
4064	51 
4065	37 
4066	42 
4067	7 
4068	51 
4069	14 
4070	44 
4071	63 
4072	59 
4073	60 
4074	76 
4075	17 
4076	81 
4077	70 
4078	43 
4079	53 
4080	66 
4081	30 
4082	94 
4083	60 
4084	87 
4085	2 
4086	21 
4087	84 
4088	81 
4089	20 
4090	99 
4091	13 
4092	20 
4093	55 
4094	68 
4095	47 
4096	3 
4097	61 
4098	42 
4099	82 
4100	13 
4101	41 
4102	95 
4103	4 
4104	1 
4105	18 
4106	88 
4107	3 
4108	32 
4109	11 
4110	76 
4111	1 
4112	26 
4113	75 
4114	67 
4115	28 
4116	62 
4117	76 
4118	69 
4119	59 
4120	70 
4121	81 
4122	49 
4123	67 
4124	77 
4125	40 
4126	69 
4127	49 
4128	30 
4129	67 
4130	24 
4131	18 
4132	99 
4133	13 
4134	64 
4135	85 
4136	36 
4137	59 
4138	55 
4139	53 
4140	56 
4141	52 
4142	13 
4143	11 
4144	15 
4145	43 
4146	30 
4147	98 
4148	55 
4149	86 
4150	21 
4151	52 
4152	11 
4153	79 
4154	59 
4155	62 
4156	2 
4157	4 
4158	70 
4159	44 
4160	58 
4161	36 
4162	12 
4163	71 
4164	67 
4165	91 
4166	61 
4167	81 
4168	65 
4169	92 
4170	74 
4171	87 
4172	5 
4173	17 
4174	44 
4175	57 
4176	41 
4177	32 
4178	24 
4179	97 
4180	28 
4181	47 
4182	47 
4183	11 
4184	41 
4185	70 
4186	92 
4187	84 
4188	13 
4189	59 
4190	78 
4191	17 
4192	67 
4193	67 
4194	20 
4195	93 
4196	11 
4197	18 
4198	19 
4199	54 
4200	47 
4201	70 
4202	63 
4203	47 
4204	98 
4205	99 
4206	55 
4207	47 
4208	34 
4209	87 
4210	58 
4211	55 
4212	54 
4213	77 
4214	82 
4215	23 
4216	95 
4217	57 
4218	36 
4219	98 
4220	81 
4221	19 
4222	52 
4223	95 
4224	9 
4225	14 
4226	99 
4227	86 
4228	32 
4229	49 
4230	81 
4231	16 
4232	73 
4233	23 
4234	6 
4235	26 
4236	26 
4237	96 
4238	37 
4239	55 
4240	21 
4241	58 
4242	98 
4243	95 
4244	74 
4245	79 
4246	4 
4247	17 
4248	10 
4249	77 
4250	81 
4251	72 
4252	69 
4253	54 
4254	19 
4255	95 
4256	45 
4257	94 
4258	56 
4259	36 
4260	87 
4261	36 
4262	48 
4263	81 
4264	55 
4265	85 
4266	10 
4267	75 
4268	53 
4269	14 
4270	2 
4271	57 
4272	7 
4273	99 
4274	27 
4275	6 
4276	16 
4277	61 
4278	74 
4279	67 
4280	3 
4281	49 
4282	32 
4283	17 
4284	86 
4285	48 
4286	77 
4287	3 
4288	71 
4289	59 
4290	47 
4291	10 
4292	70 
4293	15 
4294	51 
4295	99 
4296	62 
4297	90 
4298	94 
4299	41 
4300	54 
4301	80 
4302	39 
4303	74 
4304	61 
4305	55 
4306	79 
4307	70 
4308	95 
4309	4 
4310	95 
4311	65 
4312	6 
4313	67 
4314	4 
4315	49 
4316	95 
4317	12 
4318	10 
4319	10 
4320	67 
4321	36 
4322	69 
4323	99 
4324	59 
4325	73 
4326	21 
4327	54 
4328	6 
4329	65 
4330	15 
4331	26 
4332	24 
4333	36 
4334	99 
4335	61 
4336	85 
4337	74 
4338	98 
4339	84 
4340	87 
4341	49 
4342	75 
4343	57 
4344	38 
4345	76 
4346	94 
4347	87 
4348	54 
4349	35 
4350	78 
4351	86 
4352	47 
4353	20 
4354	95 
4355	6 
4356	59 
4357	32 
4358	19 
4359	49 
4360	61 
4361	58 
4362	82 
4363	41 
4364	27 
4365	28 
4366	38 
4367	19 
4368	74 
4369	36 
4370	1 
4371	66 
4372	4 
4373	8 
4374	48 
4375	27 
4376	37 
4377	48 
4378	54 
4379	52 
4380	68 
4381	99 
4382	56 
4383	24 
4384	31 
4385	59 
4386	21 
4387	15 
4388	32 
4389	55 
4390	57 
4391	22 
4392	36 
4393	77 
4394	65 
4395	1 
4396	16 
4397	80 
4398	5 
4399	75 
4400	77 
4401	98 
4402	8 
4403	67 
4404	13 
4405	59 
4406	43 
4407	82 
4408	20 
4409	86 
4410	89 
4411	74 
4412	32 
4413	10 
4414	35 
4415	70 
4416	90 
4417	66 
4418	5 
4419	63 
4420	94 
4421	82 
4422	37 
4423	90 
4424	32 
4425	87 
4426	78 
4427	15 
4428	65 
4429	36 
4430	26 
4431	70 
4432	38 
4433	47 
4434	55 
4435	65 
4436	72 
4437	1 
4438	76 
4439	11 
4440	91 
4441	18 
4442	78 
4443	95 
4444	88 
4445	39 
4446	21 
4447	38 
4448	68 
4449	9 
4450	82 
4451	73 
4452	74 
4453	65 
4454	58 
4455	70 
4456	15 
4457	77 
4458	55 
4459	79 
4460	76 
4461	11 
4462	82 
4463	95 
4464	33 
4465	37 
4466	8 
4467	86 
4468	37 
4469	45 
4470	27 
4471	79 
4472	57 
4473	6 
4474	98 
4475	21 
4476	96 
4477	85 
4478	99 
4479	20 
4480	91 
4481	67 
4482	24 
4483	73 
4484	98 
4485	13 
4486	26 
4487	88 
4488	68 
4489	65 
4490	24 
4491	61 
4492	20 
4493	41 
4494	75 
4495	19 
4496	10 
4497	68 
4498	77 
4499	71 
4500	35 
4501	3 
4502	14 
4503	32 
4504	82 
4505	83 
4506	49 
4507	35 
4508	53 
4509	47 
4510	78 
4511	76 
4512	55 
4513	1 
4514	54 
4515	9 
4516	17 
4517	26 
4518	1 
4519	18 
4520	20 
4521	17 
4522	48 
4523	16 
4524	50 
4525	59 
4526	77 
4527	21 
4528	10 
4529	59 
4530	59 
4531	32 
4532	13 
4533	51 
4534	87 
4535	36 
4536	60 
4537	31 
4538	79 
4539	37 
4540	42 
4541	8 
4542	77 
4543	1 
4544	37 
4545	99 
4546	88 
4547	50 
4548	81 
4549	57 
4550	68 
4551	73 
4552	67 
4553	11 
4554	65 
4555	57 
4556	89 
4557	91 
4558	13 
4559	55 
4560	1 
4561	64 
4562	88 
4563	99 
4564	36 
4565	90 
4566	64 
4567	75 
4568	43 
4569	23 
4570	67 
4571	6 
4572	15 
4573	32 
4574	24 
4575	24 
4576	28 
4577	4 
4578	79 
4579	97 
4580	47 
4581	57 
4582	45 
4583	77 
4584	91 
4585	66 
4586	92 
4587	14 
4588	39 
4589	70 
4590	86 
4591	95 
4592	7 
4593	96 
4594	69 
4595	91 
4596	68 
4597	2 
4598	70 
4599	60 
4600	7 
4601	95 
4602	73 
4603	8 
4604	37 
4605	21 
4606	81 
4607	92 
4608	45 
4609	31 
4610	39 
4611	5 
4612	12 
4613	20 
4614	3 
4615	18 
4616	9 
4617	65 
4618	32 
4619	37 
4620	57 
4621	2 
4622	32 
4623	75 
4624	67 
4625	83 
4626	51 
4627	45 
4628	69 
4629	77 
4630	88 
4631	34 
4632	82 
4633	15 
4634	27 
4635	9 
4636	9 
4637	47 
4638	17 
4639	15 
4640	34 
4641	93 
4642	25 
4643	63 
4644	98 
4645	88 
4646	3 
4647	54 
4648	22 
4649	1 
4650	1 
4651	45 
4652	96 
4653	20 
4654	25 
4655	67 
4656	65 
4657	4 
4658	87 
4659	66 
4660	85 
4661	98 
4662	15 
4663	68 
4664	68 
4665	6 
4666	26 
4667	86 
4668	2 
4669	54 
4670	43 
4671	9 
4672	9 
4673	59 
4674	28 
4675	52 
4676	4 
4677	88 
4678	87 
4679	65 
4680	46 
4681	7 
4682	87 
4683	67 
4684	86 
4685	39 
4686	31 
4687	10 
4688	36 
4689	58 
4690	28 
4691	36 
4692	36 
4693	26 
4694	11 
4695	67 
4696	19 
4697	94 
4698	26 
4699	75 
4700	14 
4701	53 
4702	81 
4703	39 
4704	90 
4705	71 
4706	40 
4707	26 
4708	91 
4709	28 
4710	74 
4711	7 
4712	70 
4713	91 
4714	25 
4715	21 
4716	41 
4717	61 
4718	6 
4719	27 
4720	99 
4721	81 
4722	4 
4723	4 
4724	3 
4725	48 
4726	91 
4727	47 
4728	36 
4729	7 
4730	54 
4731	79 
4732	93 
4733	54 
4734	60 
4735	99 
4736	81 
4737	26 
4738	95 
4739	57 
4740	67 
4741	45 
4742	20 
4743	88 
4744	7 
4745	5 
4746	41 
4747	26 
4748	7 
4749	37 
4750	11 
4751	36 
4752	17 
4753	57 
4754	57 
4755	63 
4756	20 
4757	87 
4758	15 
4759	92 
4760	89 
4761	24 
4762	67 
4763	81 
4764	2 
4765	58 
4766	24 
4767	99 
4768	19 
4769	81 
4770	27 
4771	77 
4772	98 
4773	25 
4774	72 
4775	72 
4776	75 
4777	38 
4778	87 
4779	20 
4780	49 
4781	51 
4782	66 
4783	23 
4784	59 
4785	57 
4786	80 
4787	54 
4788	21 
4789	44 
4790	58 
4791	26 
4792	38 
4793	36 
4794	21 
4795	70 
4796	42 
4797	14 
4798	61 
4799	38 
4800	20 
4801	14 
4802	5 
4803	53 
4804	67 
4805	98 
4806	23 
4807	61 
4808	64 
4809	39 
4810	76 
4811	62 
4812	47 
4813	29 
4814	9 
4815	77 
4816	7 
4817	25 
4818	10 
4819	85 
4820	90 
4821	70 
4822	28 
4823	27 
4824	20 
4825	81 
4826	52 
4827	98 
4828	32 
4829	16 
4830	81 
4831	74 
4832	12 
4833	48 
4834	82 
4835	66 
4836	19 
4837	39 
4838	82 
4839	77 
4840	4 
4841	21 
4842	26 
4843	87 
4844	40 
4845	34 
4846	33 
4847	49 
4848	88 
4849	19 
4850	10 
4851	95 
4852	70 
4853	61 
4854	39 
4855	72 
4856	59 
4857	67 
4858	55 
4859	9 
4860	21 
4861	98 
4862	10 
4863	55 
4864	70 
4865	61 
4866	77 
4867	11 
4868	79 
4869	87 
4870	59 
4871	96 
4872	14 
4873	95 
4874	66 
4875	85 
4876	83 
4877	51 
4878	98 
4879	15 
4880	58 
4881	62 
4882	57 
4883	59 
4884	80 
4885	61 
4886	14 
4887	45 
4888	10 
4889	67 
4890	30 
4891	48 
4892	16 
4893	59 
4894	89 
4895	92 
4896	66 
4897	7 
4898	84 
4899	7 
4900	11 
4901	2 
4902	12 
4903	73 
4904	16 
4905	3 
4906	89 
4907	21 
4908	82 
4909	90 
4910	94 
4911	17 
4912	64 
4913	92 
4914	98 
4915	75 
4916	4 
4917	7 
4918	12 
4919	49 
4920	98 
4921	64 
4922	2 
4923	48 
4924	57 
4925	8 
4926	17 
4927	78 
4928	27 
4929	45 
4930	84 
4931	12 
4932	71 
4933	54 
4934	71 
4935	88 
4936	74 
4937	90 
4938	95 
4939	74 
4940	4 
4941	74 
4942	41 
4943	32 
4944	14 
4945	44 
4946	68 
4947	88 
4948	61 
4949	1 
4950	98 
4951	85 
4952	41 
4953	71 
4954	71 
4955	18 
4956	83 
4957	11 
4958	33 
4959	81 
4960	43 
4961	56 
4962	81 
4963	3 
4964	69 
4965	88 
4966	74 
4967	67 
4968	78 
4969	65 
4970	10 
4971	86 
4972	13 
4973	82 
4974	76 
4975	44 
4976	87 
4977	95 
4978	42 
4979	27 
4980	26 
4981	84 
4982	47 
4983	97 
4984	20 
4985	29 
4986	86 
4987	17 
4988	57 
4989	44 
4990	79 
4991	36 
4992	5 
4993	88 
4994	7 
4995	34 
4996	80 
4997	34 
4998	67 
4999	2 
5000	25 
