1	76 
2	76 
3	77 
4	86 
5	12 
6	51 
7	47 
8	54 
9	92 
10	48 
11	10 
12	39 
13	43 
14	93 
15	92 
16	10 
17	2 
18	5 
19	62 
20	1 
21	56 
22	10 
23	18 
24	16 
25	82 
26	50 
27	23 
28	90 
29	41 
30	50 
31	40 
32	65 
33	54 
34	79 
35	49 
36	80 
37	90 
38	25 
39	10 
40	4 
41	50 
42	25 
43	24 
44	84 
45	72 
46	17 
47	76 
48	88 
49	70 
50	64 
51	44 
52	40 
53	77 
54	53 
55	61 
56	81 
57	84 
58	51 
59	57 
60	92 
61	94 
62	54 
63	19 
64	35 
65	92 
66	26 
67	69 
68	92 
69	94 
70	86 
71	81 
72	79 
73	93 
74	97 
75	90 
76	23 
77	19 
78	92 
79	49 
80	37 
81	44 
82	6 
83	43 
84	44 
85	92 
86	43 
87	54 
88	69 
89	74 
90	10 
91	67 
92	19 
93	83 
94	66 
95	51 
96	82 
97	29 
98	58 
99	61 
100	76 
101	69 
102	85 
103	65 
104	30 
105	44 
106	58 
107	10 
108	95 
109	82 
110	13 
111	65 
112	75 
113	44 
114	18 
115	36 
116	46 
117	24 
118	23 
119	23 
120	97 
121	21 
122	65 
123	52 
124	23 
125	37 
126	97 
127	30 
128	4 
129	78 
130	76 
131	13 
132	37 
133	69 
134	47 
135	81 
136	84 
137	47 
138	5 
139	69 
140	90 
141	74 
142	71 
143	38 
144	70 
145	23 
146	18 
147	56 
148	26 
149	56 
150	2 
151	33 
152	82 
153	30 
154	65 
155	18 
156	84 
157	21 
158	23 
159	65 
160	44 
161	1 
162	84 
163	54 
164	22 
165	89 
166	33 
167	83 
168	79 
169	65 
170	66 
171	2 
172	85 
173	13 
174	37 
175	43 
176	2 
177	44 
178	91 
179	50 
180	8 
181	84 
182	16 
183	70 
184	23 
185	44 
186	67 
187	98 
188	23 
189	58 
190	27 
191	54 
192	14 
193	67 
194	42 
195	79 
196	62 
197	9 
198	57 
199	37 
200	76 
201	52 
202	54 
203	87 
204	46 
205	90 
206	30 
207	13 
208	82 
209	67 
210	92 
211	88 
212	67 
213	4 
214	28 
215	92 
216	24 
217	56 
218	66 
219	92 
220	34 
221	15 
222	36 
223	17 
224	42 
225	9 
226	74 
227	70 
228	36 
229	80 
230	28 
231	63 
232	97 
233	9 
234	20 
235	84 
236	62 
237	50 
238	47 
239	16 
240	2 
241	39 
242	96 
243	50 
244	2 
245	65 
246	33 
247	13 
248	87 
249	79 
250	79 
251	59 
252	61 
253	46 
254	45 
255	37 
256	20 
257	86 
258	74 
259	85 
260	8 
261	40 
262	81 
263	20 
264	29 
265	10 
266	71 
267	9 
268	78 
269	20 
270	34 
271	21 
272	81 
273	33 
274	48 
275	84 
276	45 
277	65 
278	37 
279	59 
280	71 
281	76 
282	23 
283	80 
284	22 
285	27 
286	28 
287	27 
288	69 
289	94 
290	58 
291	37 
292	15 
293	62 
294	81 
295	86 
296	24 
297	35 
298	62 
299	47 
300	48 
301	74 
302	76 
303	39 
304	21 
305	14 
306	90 
307	15 
308	74 
309	33 
310	70 
311	74 
312	62 
313	50 
314	35 
315	25 
316	47 
317	88 
318	24 
319	79 
320	70 
321	77 
322	56 
323	84 
324	42 
325	43 
326	57 
327	65 
328	19 
329	23 
330	25 
331	41 
332	11 
333	38 
334	38 
335	92 
336	39 
337	24 
338	89 
339	62 
340	41 
341	90 
342	18 
343	56 
344	8 
345	65 
346	38 
347	60 
348	79 
349	74 
350	79 
351	39 
352	22 
353	77 
354	60 
355	74 
356	60 
357	46 
358	32 
359	61 
360	93 
361	76 
362	15 
363	69 
364	47 
365	23 
366	11 
367	16 
368	34 
369	95 
370	56 
371	18 
372	30 
373	33 
374	60 
375	61 
376	13 
377	20 
378	51 
379	4 
380	7 
381	24 
382	53 
383	62 
384	50 
385	57 
386	38 
387	97 
388	94 
389	11 
390	53 
391	44 
392	22 
393	61 
394	44 
395	38 
396	54 
397	15 
398	83 
399	42 
400	49 
401	27 
402	96 
403	70 
404	23 
405	30 
406	97 
407	68 
408	51 
409	87 
410	88 
411	33 
412	2 
413	54 
414	92 
415	72 
416	35 
417	68 
418	41 
419	56 
420	74 
421	35 
422	69 
423	25 
424	59 
425	10 
426	43 
427	21 
428	24 
429	68 
430	11 
431	6 
432	36 
433	85 
434	94 
435	10 
436	56 
437	37 
438	56 
439	13 
440	44 
441	13 
442	75 
443	8 
444	49 
445	95 
446	59 
447	65 
448	41 
449	41 
450	88 
451	56 
452	19 
453	10 
454	34 
455	15 
456	44 
457	56 
458	97 
459	24 
460	90 
461	76 
462	83 
463	4 
464	48 
465	72 
466	33 
467	18 
468	85 
469	21 
470	18 
471	30 
472	40 
473	22 
474	70 
475	90 
476	45 
477	28 
478	19 
479	78 
480	7 
481	13 
482	51 
483	20 
484	87 
485	97 
486	88 
487	44 
488	64 
489	92 
490	68 
491	80 
492	43 
493	62 
494	79 
495	41 
496	93 
497	20 
498	78 
499	41 
500	7 
501	92 
502	48 
503	37 
504	56 
505	34 
506	40 
507	76 
508	47 
509	71 
510	35 
511	74 
512	84 
513	56 
514	50 
515	50 
516	44 
517	60 
518	27 
519	65 
520	47 
521	5 
522	42 
523	35 
524	74 
525	90 
526	42 
527	77 
528	94 
529	2 
530	30 
531	20 
532	81 
533	38 
534	42 
535	94 
536	21 
537	90 
538	39 
539	51 
540	34 
541	16 
542	97 
543	41 
544	23 
545	2 
546	42 
547	51 
548	20 
549	86 
550	81 
551	36 
552	4 
553	92 
554	88 
555	56 
556	23 
557	8 
558	9 
559	97 
560	81 
561	23 
562	52 
563	28 
564	19 
565	67 
566	76 
567	14 
568	26 
569	35 
570	78 
571	87 
572	78 
573	80 
574	22 
575	54 
576	46 
577	34 
578	44 
579	69 
580	30 
581	28 
582	94 
583	54 
584	19 
585	82 
586	84 
587	36 
588	24 
589	9 
590	80 
591	86 
592	75 
593	87 
594	24 
595	97 
596	46 
597	90 
598	12 
599	74 
600	1 
601	20 
602	88 
603	15 
604	4 
605	53 
606	90 
607	94 
608	19 
609	2 
610	29 
611	86 
612	15 
613	87 
614	49 
615	28 
616	19 
617	81 
618	25 
619	86 
620	35 
621	65 
622	37 
623	13 
624	2 
625	62 
626	90 
627	91 
628	84 
629	76 
630	55 
631	33 
632	19 
633	5 
634	26 
635	30 
636	64 
637	61 
638	7 
639	9 
640	57 
641	19 
642	92 
643	90 
644	76 
645	65 
646	30 
647	10 
648	72 
649	20 
650	89 
651	22 
652	94 
653	67 
654	57 
655	9 
656	47 
657	86 
658	49 
659	84 
660	20 
661	50 
662	22 
663	82 
664	69 
665	51 
666	76 
667	58 
668	25 
669	89 
670	21 
671	84 
672	68 
673	85 
674	61 
675	38 
676	20 
677	51 
678	86 
679	42 
680	9 
681	20 
682	48 
683	96 
684	73 
685	1 
686	75 
687	98 
688	83 
689	4 
690	82 
691	37 
692	92 
693	75 
694	85 
695	38 
696	85 
697	88 
698	93 
699	85 
700	61 
701	54 
702	85 
703	29 
704	26 
705	84 
706	43 
707	12 
708	65 
709	8 
710	33 
711	25 
712	16 
713	39 
714	44 
715	27 
716	44 
717	36 
718	92 
719	62 
720	6 
721	60 
722	84 
723	76 
724	20 
725	75 
726	5 
727	36 
728	87 
729	35 
730	80 
731	92 
732	47 
733	60 
734	32 
735	63 
736	24 
737	14 
738	70 
739	30 
740	9 
741	24 
742	88 
743	85 
744	25 
745	18 
746	68 
747	80 
748	35 
749	15 
750	92 
751	53 
752	65 
753	95 
754	23 
755	35 
756	15 
757	69 
758	29 
759	21 
760	82 
761	75 
762	97 
763	96 
764	65 
765	20 
766	43 
767	47 
768	68 
769	64 
770	50 
771	69 
772	42 
773	40 
774	33 
775	30 
776	15 
777	86 
778	85 
779	37 
780	10 
781	35 
782	64 
783	80 
784	65 
785	32 
786	97 
787	88 
788	59 
789	20 
790	87 
791	22 
792	15 
793	50 
794	49 
795	15 
796	48 
797	51 
798	68 
799	78 
800	97 
801	97 
802	74 
803	35 
804	98 
805	44 
806	1 
807	38 
808	95 
809	85 
810	22 
811	4 
812	80 
813	54 
814	24 
815	17 
816	23 
817	46 
818	35 
819	24 
820	57 
821	58 
822	33 
823	8 
824	76 
825	30 
826	85 
827	74 
828	50 
829	27 
830	23 
831	23 
832	25 
833	87 
834	9 
835	85 
836	31 
837	55 
838	13 
839	83 
840	80 
841	9 
842	29 
843	85 
844	83 
845	62 
846	30 
847	49 
848	19 
849	29 
850	61 
851	57 
852	30 
853	65 
854	11 
855	60 
856	81 
857	37 
858	70 
859	97 
860	58 
861	82 
862	83 
863	70 
864	41 
865	21 
866	67 
867	44 
868	48 
869	37 
870	57 
871	54 
872	80 
873	44 
874	77 
875	78 
876	38 
877	50 
878	70 
879	60 
880	91 
881	94 
882	4 
883	11 
884	71 
885	4 
886	50 
887	39 
888	92 
889	94 
890	63 
891	42 
892	50 
893	67 
894	63 
895	31 
896	76 
897	19 
898	38 
899	10 
900	44 
901	67 
902	60 
903	59 
904	49 
905	47 
906	53 
907	74 
908	49 
909	74 
910	28 
911	46 
912	36 
913	21 
914	56 
915	17 
916	56 
917	36 
918	7 
919	19 
920	35 
921	67 
922	88 
923	68 
924	82 
925	91 
926	43 
927	31 
928	90 
929	39 
930	71 
931	15 
932	63 
933	53 
934	90 
935	53 
936	94 
937	42 
938	18 
939	19 
940	45 
941	82 
942	36 
943	19 
944	23 
945	28 
946	85 
947	85 
948	57 
949	59 
950	4 
951	61 
952	65 
953	62 
954	54 
955	15 
956	94 
957	78 
958	53 
959	7 
960	41 
961	83 
962	23 
963	30 
964	63 
965	96 
966	55 
967	76 
968	50 
969	60 
970	44 
971	64 
972	54 
973	94 
974	4 
975	57 
976	55 
977	20 
978	17 
979	50 
980	60 
981	21 
982	30 
983	19 
984	64 
985	49 
986	56 
987	56 
988	11 
989	69 
990	42 
991	97 
992	90 
993	65 
994	57 
995	53 
996	36 
997	63 
998	24 
999	80 
1000	85 
1001	75 
1002	45 
1003	91 
1004	46 
1005	39 
1006	16 
1007	27 
1008	87 
1009	65 
1010	31 
1011	13 
1012	54 
1013	78 
1014	50 
1015	19 
1016	35 
1017	1 
1018	4 
1019	90 
1020	1 
1021	80 
1022	76 
1023	7 
1024	94 
1025	82 
1026	76 
1027	39 
1028	90 
1029	78 
1030	94 
1031	95 
1032	81 
1033	83 
1034	90 
1035	42 
1036	30 
1037	30 
1038	54 
1039	72 
1040	50 
1041	12 
1042	27 
1043	19 
1044	84 
1045	33 
1046	27 
1047	12 
1048	23 
1049	63 
1050	42 
1051	71 
1052	76 
1053	56 
1054	9 
1055	23 
1056	73 
1057	89 
1058	81 
1059	95 
1060	74 
1061	22 
1062	97 
1063	69 
1064	77 
1065	45 
1066	87 
1067	18 
1068	37 
1069	12 
1070	17 
1071	25 
1072	23 
1073	97 
1074	33 
1075	11 
1076	24 
1077	53 
1078	92 
1079	18 
1080	28 
1081	39 
1082	51 
1083	42 
1084	15 
1085	10 
1086	30 
1087	65 
1088	53 
1089	92 
1090	10 
1091	75 
1092	75 
1093	79 
1094	50 
1095	53 
1096	14 
1097	81 
1098	43 
1099	56 
1100	54 
1101	37 
1102	83 
1103	4 
1104	87 
1105	61 
1106	57 
1107	41 
1108	76 
1109	43 
1110	20 
1111	22 
1112	72 
1113	47 
1114	78 
1115	39 
1116	86 
1117	78 
1118	27 
1119	77 
1120	43 
1121	57 
1122	70 
1123	74 
1124	28 
1125	92 
1126	15 
1127	55 
1128	67 
1129	65 
1130	70 
1131	97 
1132	36 
1133	18 
1134	47 
1135	44 
1136	53 
1137	29 
1138	78 
1139	80 
1140	36 
1141	74 
1142	53 
1143	4 
1144	50 
1145	94 
1146	12 
1147	9 
1148	54 
1149	17 
1150	57 
1151	13 
1152	84 
1153	69 
1154	13 
1155	73 
1156	36 
1157	19 
1158	81 
1159	49 
1160	8 
1161	44 
1162	29 
1163	70 
1164	41 
1165	35 
1166	24 
1167	92 
1168	56 
1169	83 
1170	37 
1171	28 
1172	22 
1173	89 
1174	59 
1175	84 
1176	52 
1177	61 
1178	33 
1179	46 
1180	15 
1181	58 
1182	8 
1183	91 
1184	61 
1185	84 
1186	34 
1187	15 
1188	92 
1189	79 
1190	2 
1191	36 
1192	2 
1193	79 
1194	24 
1195	77 
1196	82 
1197	47 
1198	95 
1199	11 
1200	1 
1201	19 
1202	11 
1203	38 
1204	37 
1205	58 
1206	37 
1207	13 
1208	14 
1209	85 
1210	27 
1211	37 
1212	46 
1213	91 
1214	29 
1215	46 
1216	62 
1217	86 
1218	45 
1219	91 
1220	27 
1221	90 
1222	62 
1223	86 
1224	44 
1225	94 
1226	39 
1227	43 
1228	95 
1229	24 
1230	8 
1231	87 
1232	23 
1233	95 
1234	84 
1235	97 
1236	23 
1237	98 
1238	92 
1239	87 
1240	14 
1241	82 
1242	36 
1243	57 
1244	62 
1245	43 
1246	55 
1247	23 
1248	9 
1249	58 
1250	95 
1251	15 
1252	79 
1253	20 
1254	13 
1255	19 
1256	2 
1257	22 
1258	23 
1259	25 
1260	90 
1261	25 
1262	92 
1263	6 
1264	78 
1265	46 
1266	65 
1267	65 
1268	38 
1269	49 
1270	86 
1271	53 
1272	21 
1273	60 
1274	41 
1275	23 
1276	76 
1277	90 
1278	62 
1279	84 
1280	80 
1281	67 
1282	51 
1283	39 
1284	27 
1285	43 
1286	18 
1287	87 
1288	53 
1289	23 
1290	41 
1291	54 
1292	63 
1293	29 
1294	57 
1295	74 
1296	10 
1297	72 
1298	25 
1299	84 
1300	29 
1301	33 
1302	46 
1303	40 
1304	65 
1305	28 
1306	13 
1307	51 
1308	91 
1309	7 
1310	42 
1311	80 
1312	9 
1313	38 
1314	12 
1315	49 
1316	9 
1317	43 
1318	21 
1319	83 
1320	50 
1321	28 
1322	10 
1323	18 
1324	57 
1325	66 
1326	50 
1327	9 
1328	50 
1329	95 
1330	3 
1331	93 
1332	37 
1333	86 
1334	71 
1335	48 
1336	86 
1337	49 
1338	17 
1339	23 
1340	29 
1341	6 
1342	65 
1343	18 
1344	9 
1345	85 
1346	23 
1347	2 
1348	12 
1349	4 
1350	25 
1351	57 
1352	4 
1353	53 
1354	54 
1355	39 
1356	19 
1357	84 
1358	79 
1359	53 
1360	27 
1361	27 
1362	16 
1363	30 
1364	57 
1365	36 
1366	97 
1367	36 
1368	19 
1369	92 
1370	94 
1371	20 
1372	87 
1373	2 
1374	25 
1375	27 
1376	7 
1377	22 
1378	68 
1379	50 
1380	85 
1381	56 
1382	10 
1383	97 
1384	46 
1385	21 
1386	86 
1387	90 
1388	56 
1389	28 
1390	79 
1391	90 
1392	60 
1393	97 
1394	7 
1395	22 
1396	54 
1397	13 
1398	23 
1399	94 
1400	48 
1401	79 
1402	17 
1403	34 
1404	44 
1405	38 
1406	35 
1407	2 
1408	81 
1409	23 
1410	33 
1411	1 
1412	35 
1413	58 
1414	56 
1415	15 
1416	61 
1417	33 
1418	8 
1419	85 
1420	52 
1421	75 
1422	6 
1423	56 
1424	9 
1425	24 
1426	55 
1427	57 
1428	98 
1429	5 
1430	85 
1431	70 
1432	90 
1433	38 
1434	76 
1435	19 
1436	74 
1437	15 
1438	64 
1439	95 
1440	48 
1441	65 
1442	35 
1443	20 
1444	31 
1445	77 
1446	74 
1447	54 
1448	92 
1449	30 
1450	35 
1451	19 
1452	43 
1453	68 
1454	74 
1455	76 
1456	97 
1457	50 
1458	6 
1459	65 
1460	50 
1461	26 
1462	24 
1463	82 
1464	2 
1465	55 
1466	58 
1467	62 
1468	25 
1469	21 
1470	24 
1471	20 
1472	77 
1473	29 
1474	97 
1475	57 
1476	34 
1477	76 
1478	15 
1479	10 
1480	41 
1481	82 
1482	17 
1483	51 
1484	42 
1485	38 
1486	35 
1487	75 
1488	49 
1489	24 
1490	23 
1491	96 
1492	4 
1493	68 
1494	75 
1495	88 
1496	56 
1497	76 
1498	85 
1499	12 
1500	56 
1501	50 
1502	34 
1503	76 
1504	62 
1505	97 
1506	38 
1507	1 
1508	20 
1509	15 
1510	95 
1511	42 
1512	41 
1513	30 
1514	90 
1515	56 
1516	84 
1517	59 
1518	64 
1519	20 
1520	90 
1521	10 
1522	57 
1523	44 
1524	81 
1525	86 
1526	48 
1527	78 
1528	5 
1529	29 
1530	85 
1531	12 
1532	56 
1533	28 
1534	86 
1535	74 
1536	23 
1537	21 
1538	54 
1539	32 
1540	46 
1541	6 
1542	49 
1543	25 
1544	20 
1545	38 
1546	60 
1547	23 
1548	85 
1549	34 
1550	74 
1551	47 
1552	35 
1553	41 
1554	6 
1555	19 
1556	13 
1557	94 
1558	42 
1559	55 
1560	4 
1561	53 
1562	42 
1563	42 
1564	19 
1565	24 
1566	53 
1567	59 
1568	57 
1569	20 
1570	76 
1571	80 
1572	18 
1573	65 
1574	92 
1575	90 
1576	35 
1577	61 
1578	58 
1579	18 
1580	94 
1581	46 
1582	28 
1583	60 
1584	35 
1585	82 
1586	44 
1587	94 
1588	73 
1589	37 
1590	83 
1591	92 
1592	74 
1593	56 
1594	97 
1595	60 
1596	50 
1597	58 
1598	85 
1599	5 
1600	10 
1601	19 
1602	97 
1603	69 
1604	28 
1605	56 
1606	39 
1607	82 
1608	23 
1609	1 
1610	81 
1611	97 
1612	42 
1613	47 
1614	18 
1615	29 
1616	43 
1617	47 
1618	67 
1619	81 
1620	2 
1621	50 
1622	40 
1623	57 
1624	3 
1625	92 
1626	23 
1627	47 
1628	2 
1629	19 
1630	78 
1631	66 
1632	61 
1633	64 
1634	30 
1635	75 
1636	33 
1637	44 
1638	50 
1639	44 
1640	15 
1641	46 
1642	4 
1643	63 
1644	74 
1645	35 
1646	95 
1647	67 
1648	48 
1649	88 
1650	42 
1651	29 
1652	1 
1653	80 
1654	91 
1655	51 
1656	63 
1657	22 
1658	86 
1659	80 
1660	48 
1661	52 
1662	35 
1663	53 
1664	38 
1665	50 
1666	30 
1667	56 
1668	35 
1669	39 
1670	69 
1671	29 
1672	39 
1673	56 
1674	97 
1675	10 
1676	79 
1677	21 
1678	18 
1679	8 
1680	18 
1681	62 
1682	40 
1683	38 
1684	13 
1685	44 
1686	60 
1687	14 
1688	65 
1689	30 
1690	9 
1691	9 
1692	91 
1693	74 
1694	32 
1695	63 
1696	85 
1697	89 
1698	82 
1699	18 
1700	71 
1701	69 
1702	31 
1703	85 
1704	30 
1705	83 
1706	57 
1707	61 
1708	62 
1709	11 
1710	89 
1711	44 
1712	13 
1713	24 
1714	1 
1715	70 
1716	53 
1717	55 
1718	90 
1719	50 
1720	72 
1721	50 
1722	48 
1723	30 
1724	49 
1725	74 
1726	69 
1727	77 
1728	19 
1729	90 
1730	49 
1731	2 
1732	94 
1733	12 
1734	25 
1735	60 
1736	78 
1737	38 
1738	54 
1739	31 
1740	41 
1741	57 
1742	18 
1743	54 
1744	87 
1745	20 
1746	84 
1747	88 
1748	29 
1749	50 
1750	97 
1751	93 
1752	70 
1753	50 
1754	82 
1755	94 
1756	39 
1757	11 
1758	95 
1759	65 
1760	93 
1761	49 
1762	28 
1763	77 
1764	41 
1765	19 
1766	57 
1767	58 
1768	8 
1769	52 
1770	96 
1771	42 
1772	62 
1773	82 
1774	4 
1775	13 
1776	97 
1777	49 
1778	97 
1779	9 
1780	46 
1781	22 
1782	53 
1783	42 
1784	95 
1785	22 
1786	60 
1787	82 
1788	4 
1789	69 
1790	49 
1791	25 
1792	45 
1793	15 
1794	62 
1795	44 
1796	38 
1797	12 
1798	74 
1799	30 
1800	50 
1801	51 
1802	66 
1803	31 
1804	50 
1805	65 
1806	16 
1807	85 
1808	76 
1809	40 
1810	93 
1811	74 
1812	90 
1813	87 
1814	61 
1815	44 
1816	47 
1817	4 
1818	40 
1819	90 
1820	31 
1821	94 
1822	84 
1823	30 
1824	54 
1825	33 
1826	18 
1827	46 
1828	97 
1829	28 
1830	2 
1831	49 
1832	65 
1833	84 
1834	28 
1835	85 
1836	42 
1837	85 
1838	75 
1839	22 
1840	92 
1841	13 
1842	44 
1843	91 
1844	8 
1845	81 
1846	94 
1847	19 
1848	42 
1849	66 
1850	78 
1851	20 
1852	26 
1853	23 
1854	82 
1855	57 
1856	59 
1857	67 
1858	39 
1859	44 
1860	44 
1861	39 
1862	76 
1863	96 
1864	80 
1865	76 
1866	94 
1867	94 
1868	20 
1869	72 
1870	37 
1871	8 
1872	86 
1873	24 
1874	27 
1875	87 
1876	29 
1877	47 
1878	49 
1879	85 
1880	46 
1881	89 
1882	72 
1883	43 
1884	68 
1885	37 
1886	92 
1887	65 
1888	80 
1889	43 
1890	53 
1891	35 
1892	86 
1893	78 
1894	75 
1895	35 
1896	76 
1897	38 
1898	59 
1899	37 
1900	71 
1901	19 
1902	27 
1903	56 
1904	62 
1905	59 
1906	13 
1907	33 
1908	35 
1909	1 
1910	14 
1911	48 
1912	4 
1913	42 
1914	93 
1915	90 
1916	48 
1917	56 
1918	98 
1919	74 
1920	9 
1921	83 
1922	38 
1923	56 
1924	47 
1925	42 
1926	94 
1927	28 
1928	92 
1929	54 
1930	69 
1931	6 
1932	35 
1933	93 
1934	78 
1935	15 
1936	27 
1937	44 
1938	60 
1939	70 
1940	98 
1941	57 
1942	87 
1943	94 
1944	76 
1945	57 
1946	27 
1947	21 
1948	97 
1949	59 
1950	29 
1951	97 
1952	13 
1953	98 
1954	42 
1955	14 
1956	13 
1957	82 
1958	8 
1959	42 
1960	49 
1961	49 
1962	7 
1963	92 
1964	48 
1965	69 
1966	45 
1967	80 
1968	2 
1969	33 
1970	67 
1971	25 
1972	46 
1973	82 
1974	57 
1975	83 
1976	69 
1977	38 
1978	68 
1979	20 
1980	10 
1981	64 
1982	12 
1983	18 
1984	46 
1985	35 
1986	27 
1987	69 
1988	74 
1989	23 
1990	86 
1991	90 
1992	23 
1993	58 
1994	37 
1995	85 
1996	83 
1997	2 
1998	1 
1999	11 
2000	64 
2001	36 
2002	20 
2003	80 
2004	29 
2005	11 
2006	68 
2007	59 
2008	91 
2009	85 
2010	49 
2011	8 
2012	27 
2013	51 
2014	97 
2015	85 
2016	14 
2017	58 
2018	11 
2019	21 
2020	36 
2021	95 
2022	35 
2023	21 
2024	87 
2025	85 
2026	53 
2027	56 
2028	94 
2029	65 
2030	30 
2031	87 
2032	95 
2033	65 
2034	73 
2035	13 
2036	88 
2037	73 
2038	76 
2039	33 
2040	32 
2041	79 
2042	93 
2043	28 
2044	40 
2045	42 
2046	5 
2047	49 
2048	30 
2049	97 
2050	52 
2051	5 
2052	44 
2053	70 
2054	15 
2055	51 
2056	65 
2057	63 
2058	27 
2059	50 
2060	28 
2061	75 
2062	68 
2063	65 
2064	23 
2065	65 
2066	80 
2067	9 
2068	30 
2069	4 
2070	68 
2071	10 
2072	49 
2073	92 
2074	65 
2075	30 
2076	34 
2077	92 
2078	42 
2079	11 
2080	20 
2081	48 
2082	97 
2083	62 
2084	11 
2085	43 
2086	19 
2087	35 
2088	97 
2089	18 
2090	21 
2091	22 
2092	74 
2093	80 
2094	84 
2095	19 
2096	83 
2097	41 
2098	35 
2099	31 
2100	14 
2101	76 
2102	92 
2103	23 
2104	69 
2105	76 
2106	49 
2107	94 
2108	85 
2109	63 
2110	53 
2111	86 
2112	94 
2113	21 
2114	80 
2115	54 
2116	8 
2117	48 
2118	86 
2119	79 
2120	57 
2121	49 
2122	35 
2123	41 
2124	56 
2125	30 
2126	81 
2127	81 
2128	83 
2129	72 
2130	81 
2131	90 
2132	57 
2133	63 
2134	13 
2135	47 
2136	20 
2137	4 
2138	91 
2139	97 
2140	98 
2141	56 
2142	57 
2143	17 
2144	78 
2145	74 
2146	59 
2147	70 
2148	9 
2149	72 
2150	57 
2151	28 
2152	53 
2153	2 
2154	41 
2155	30 
2156	87 
2157	24 
2158	57 
2159	36 
2160	67 
2161	56 
2162	44 
2163	4 
2164	97 
2165	3 
2166	25 
2167	71 
2168	23 
2169	35 
2170	55 
2171	68 
2172	62 
2173	62 
2174	37 
2175	63 
2176	65 
2177	92 
2178	38 
2179	65 
2180	94 
2181	23 
2182	70 
2183	50 
2184	31 
2185	96 
2186	97 
2187	79 
2188	25 
2189	65 
2190	79 
2191	63 
2192	67 
2193	89 
2194	92 
2195	42 
2196	81 
2197	6 
2198	18 
2199	42 
2200	23 
2201	23 
2202	86 
2203	43 
2204	66 
2205	52 
2206	12 
2207	87 
2208	44 
2209	92 
2210	62 
2211	26 
2212	20 
2213	8 
2214	90 
2215	62 
2216	65 
2217	68 
2218	49 
2219	17 
2220	60 
2221	85 
2222	71 
2223	34 
2224	62 
2225	43 
2226	95 
2227	74 
2228	62 
2229	23 
2230	15 
2231	77 
2232	29 
2233	76 
2234	30 
2235	89 
2236	85 
2237	57 
2238	85 
2239	11 
2240	27 
2241	15 
2242	63 
2243	15 
2244	82 
2245	29 
2246	84 
2247	18 
2248	7 
2249	69 
2250	37 
2251	49 
2252	56 
2253	76 
2254	79 
2255	74 
2256	6 
2257	97 
2258	35 
2259	14 
2260	29 
2261	91 
2262	63 
2263	39 
2264	6 
2265	9 
2266	53 
2267	95 
2268	13 
2269	14 
2270	48 
2271	67 
2272	35 
2273	31 
2274	82 
2275	89 
2276	46 
2277	35 
2278	19 
2279	78 
2280	69 
2281	24 
2282	15 
2283	22 
2284	69 
2285	76 
2286	33 
2287	90 
2288	50 
2289	47 
2290	47 
2291	34 
2292	95 
2293	95 
2294	9 
2295	87 
2296	24 
2297	8 
2298	70 
2299	60 
2300	50 
2301	35 
2302	87 
2303	85 
2304	81 
2305	12 
2306	93 
2307	27 
2308	47 
2309	94 
2310	86 
2311	49 
2312	57 
2313	63 
2314	35 
2315	63 
2316	15 
2317	44 
2318	4 
2319	50 
2320	85 
2321	62 
2322	81 
2323	2 
2324	59 
2325	22 
2326	94 
2327	20 
2328	22 
2329	20 
2330	92 
2331	44 
2332	33 
2333	49 
2334	25 
2335	91 
2336	53 
2337	34 
2338	35 
2339	1 
2340	92 
2341	28 
2342	7 
2343	54 
2344	39 
2345	24 
2346	13 
2347	69 
2348	53 
2349	96 
2350	65 
2351	76 
2352	15 
2353	19 
2354	37 
2355	6 
2356	27 
2357	76 
2358	45 
2359	9 
2360	23 
2361	30 
2362	79 
2363	58 
2364	87 
2365	71 
2366	57 
2367	46 
2368	39 
2369	7 
2370	96 
2371	59 
2372	1 
2373	81 
2374	77 
2375	2 
2376	58 
2377	43 
2378	74 
2379	4 
2380	59 
2381	19 
2382	92 
2383	5 
2384	77 
2385	32 
2386	38 
2387	15 
2388	28 
2389	70 
2390	23 
2391	87 
2392	44 
2393	16 
2394	53 
2395	41 
2396	88 
2397	33 
2398	82 
2399	70 
2400	26 
2401	90 
2402	35 
2403	49 
2404	93 
2405	67 
2406	92 
2407	29 
2408	20 
2409	39 
2410	78 
2411	18 
2412	94 
2413	76 
2414	41 
2415	90 
2416	27 
2417	94 
2418	79 
2419	35 
2420	78 
2421	85 
2422	58 
2423	92 
2424	51 
2425	57 
2426	39 
2427	56 
2428	30 
2429	65 
2430	30 
2431	67 
2432	56 
2433	51 
2434	74 
2435	4 
2436	69 
2437	3 
2438	8 
2439	28 
2440	62 
2441	56 
2442	74 
2443	42 
2444	46 
2445	64 
2446	97 
2447	90 
2448	42 
2449	49 
2450	70 
2451	34 
2452	97 
2453	32 
2454	85 
2455	65 
2456	62 
2457	85 
2458	50 
2459	73 
2460	44 
2461	4 
2462	88 
2463	21 
2464	33 
2465	68 
2466	76 
2467	58 
2468	49 
2469	46 
2470	49 
2471	10 
2472	84 
2473	83 
2474	85 
2475	79 
2476	42 
2477	94 
2478	94 
2479	76 
2480	74 
2481	72 
2482	43 
2483	53 
2484	16 
2485	57 
2486	89 
2487	33 
2488	50 
2489	72 
2490	72 
2491	30 
2492	85 
2493	22 
2494	31 
2495	9 
2496	78 
2497	1 
2498	33 
2499	80 
2500	47 
2501	51 
2502	1 
2503	95 
2504	15 
2505	68 
2506	22 
2507	80 
2508	23 
2509	38 
2510	97 
2511	91 
2512	44 
2513	44 
2514	62 
2515	73 
2516	49 
2517	46 
2518	72 
2519	85 
2520	62 
2521	50 
2522	51 
2523	68 
2524	56 
2525	4 
2526	60 
2527	27 
2528	65 
2529	22 
2530	53 
2531	79 
2532	20 
2533	65 
2534	72 
2535	59 
2536	78 
2537	2 
2538	21 
2539	84 
2540	33 
2541	50 
2542	92 
2543	77 
2544	65 
2545	4 
2546	20 
2547	31 
2548	77 
2549	35 
2550	40 
2551	22 
2552	54 
2553	65 
2554	48 
2555	78 
2556	25 
2557	90 
2558	66 
2559	15 
2560	49 
2561	95 
2562	61 
2563	92 
2564	47 
2565	93 
2566	92 
2567	86 
2568	50 
2569	26 
2570	59 
2571	3 
2572	77 
2573	97 
2574	54 
2575	13 
2576	43 
2577	70 
2578	97 
2579	52 
2580	25 
2581	98 
2582	30 
2583	87 
2584	15 
2585	97 
2586	78 
2587	68 
2588	31 
2589	65 
2590	93 
2591	48 
2592	32 
2593	30 
2594	97 
2595	93 
2596	83 
2597	70 
2598	22 
2599	28 
2600	30 
2601	75 
2602	44 
2603	41 
2604	53 
2605	9 
2606	74 
2607	74 
2608	4 
2609	32 
2610	52 
2611	80 
2612	92 
2613	24 
2614	60 
2615	54 
2616	30 
2617	85 
2618	5 
2619	76 
2620	48 
2621	23 
2622	48 
2623	65 
2624	76 
2625	11 
2626	52 
2627	94 
2628	63 
2629	57 
2630	23 
2631	15 
2632	72 
2633	84 
2634	74 
2635	31 
2636	4 
2637	54 
2638	22 
2639	67 
2640	23 
2641	26 
2642	21 
2643	27 
2644	28 
2645	79 
2646	88 
2647	45 
2648	31 
2649	65 
2650	35 
2651	88 
2652	26 
2653	76 
2654	35 
2655	45 
2656	15 
2657	75 
2658	57 
2659	7 
2660	48 
2661	62 
2662	54 
2663	77 
2664	43 
2665	36 
2666	30 
2667	29 
2668	30 
2669	29 
2670	92 
2671	46 
2672	2 
2673	71 
2674	62 
2675	58 
2676	48 
2677	96 
2678	68 
2679	23 
2680	35 
2681	68 
2682	82 
2683	81 
2684	65 
2685	15 
2686	68 
2687	49 
2688	97 
2689	80 
2690	15 
2691	3 
2692	21 
2693	55 
2694	5 
2695	96 
2696	59 
2697	98 
2698	76 
2699	78 
2700	6 
2701	10 
2702	4 
2703	87 
2704	90 
2705	33 
2706	43 
2707	28 
2708	49 
2709	65 
2710	76 
2711	69 
2712	11 
2713	78 
2714	74 
2715	97 
2716	86 
2717	23 
2718	40 
2719	84 
2720	9 
2721	50 
2722	65 
2723	85 
2724	56 
2725	85 
2726	79 
2727	87 
2728	26 
2729	37 
2730	42 
2731	42 
2732	13 
2733	74 
2734	25 
2735	56 
2736	44 
2737	86 
2738	92 
2739	30 
2740	84 
2741	45 
2742	74 
2743	69 
2744	5 
2745	65 
2746	20 
2747	54 
2748	95 
2749	59 
2750	64 
2751	66 
2752	51 
2753	98 
2754	65 
2755	8 
2756	90 
2757	66 
2758	37 
2759	47 
2760	80 
2761	81 
2762	22 
2763	16 
2764	49 
2765	36 
2766	22 
2767	33 
2768	21 
2769	23 
2770	51 
2771	79 
2772	74 
2773	44 
2774	66 
2775	13 
2776	85 
2777	94 
2778	49 
2779	48 
2780	42 
2781	56 
2782	55 
2783	9 
2784	91 
2785	90 
2786	49 
2787	8 
2788	45 
2789	79 
2790	42 
2791	29 
2792	85 
2793	4 
2794	81 
2795	13 
2796	4 
2797	35 
2798	15 
2799	8 
2800	86 
2801	34 
2802	15 
2803	47 
2804	53 
2805	86 
2806	51 
2807	85 
2808	37 
2809	16 
2810	95 
2811	50 
2812	57 
2813	22 
2814	74 
2815	65 
2816	82 
2817	57 
2818	93 
2819	88 
2820	66 
2821	54 
2822	35 
2823	28 
2824	95 
2825	34 
2826	35 
2827	56 
2828	57 
2829	15 
2830	6 
2831	76 
2832	9 
2833	63 
2834	92 
2835	14 
2836	15 
2837	60 
2838	43 
2839	24 
2840	42 
2841	72 
2842	15 
2843	61 
2844	72 
2845	77 
2846	97 
2847	19 
2848	84 
2849	84 
2850	93 
2851	55 
2852	62 
2853	90 
2854	79 
2855	37 
2856	70 
2857	26 
2858	21 
2859	56 
2860	49 
2861	4 
2862	70 
2863	74 
2864	18 
2865	29 
2866	12 
2867	93 
2868	41 
2869	58 
2870	5 
2871	35 
2872	80 
2873	9 
2874	19 
2875	26 
2876	30 
2877	79 
2878	74 
2879	87 
2880	50 
2881	88 
2882	76 
2883	62 
2884	93 
2885	40 
2886	36 
2887	79 
2888	43 
2889	8 
2890	96 
2891	62 
2892	49 
2893	28 
2894	81 
2895	43 
2896	98 
2897	89 
2898	43 
2899	82 
2900	25 
2901	80 
2902	76 
2903	81 
2904	18 
2905	69 
2906	44 
2907	17 
2908	96 
2909	2 
2910	85 
2911	97 
2912	57 
2913	47 
2914	49 
2915	21 
2916	68 
2917	11 
2918	57 
2919	44 
2920	25 
2921	78 
2922	11 
2923	92 
2924	42 
2925	37 
2926	14 
2927	63 
2928	59 
2929	3 
2930	59 
2931	64 
2932	44 
2933	50 
2934	21 
2935	81 
2936	73 
2937	6 
2938	74 
2939	23 
2940	24 
2941	41 
2942	98 
2943	81 
2944	22 
2945	14 
2946	80 
2947	47 
2948	81 
2949	74 
2950	29 
2951	62 
2952	57 
2953	83 
2954	31 
2955	83 
2956	21 
2957	94 
2958	1 
2959	19 
2960	66 
2961	62 
2962	9 
2963	93 
2964	32 
2965	6 
2966	85 
2967	87 
2968	92 
2969	43 
2970	23 
2971	81 
2972	19 
2973	27 
2974	90 
2975	85 
2976	4 
2977	16 
2978	63 
2979	49 
2980	28 
2981	98 
2982	19 
2983	81 
2984	90 
2985	63 
2986	68 
2987	84 
2988	85 
2989	80 
2990	43 
2991	59 
2992	44 
2993	56 
2994	69 
2995	88 
2996	97 
2997	71 
2998	84 
2999	74 
3000	41 
3001	67 
3002	60 
3003	6 
3004	67 
3005	44 
3006	23 
3007	59 
3008	24 
3009	15 
3010	91 
3011	97 
3012	58 
3013	62 
3014	57 
3015	94 
3016	82 
3017	19 
3018	21 
3019	60 
3020	92 
3021	31 
3022	95 
3023	26 
3024	84 
3025	75 
3026	40 
3027	79 
3028	80 
3029	68 
3030	87 
3031	10 
3032	15 
3033	59 
3034	28 
3035	69 
3036	59 
3037	15 
3038	47 
3039	38 
3040	26 
3041	41 
3042	74 
3043	80 
3044	46 
3045	92 
3046	18 
3047	27 
3048	67 
3049	53 
3050	95 
3051	11 
3052	24 
3053	60 
3054	50 
3055	62 
3056	25 
3057	15 
3058	85 
3059	97 
3060	92 
3061	30 
3062	37 
3063	90 
3064	98 
3065	80 
3066	92 
3067	28 
3068	91 
3069	93 
3070	42 
3071	56 
3072	57 
3073	74 
3074	33 
3075	26 
3076	43 
3077	50 
3078	89 
3079	15 
3080	69 
3081	47 
3082	9 
3083	39 
3084	87 
3085	49 
3086	49 
3087	30 
3088	28 
3089	21 
3090	43 
3091	44 
3092	57 
3093	59 
3094	51 
3095	33 
3096	46 
3097	82 
3098	23 
3099	65 
3100	41 
3101	89 
3102	1 
3103	30 
3104	46 
3105	80 
3106	78 
3107	82 
3108	94 
3109	4 
3110	22 
3111	24 
3112	54 
3113	97 
3114	50 
3115	44 
3116	62 
3117	65 
3118	47 
3119	26 
3120	42 
3121	49 
3122	9 
3123	3 
3124	92 
3125	50 
3126	54 
3127	81 
3128	76 
3129	39 
3130	29 
3131	62 
3132	43 
3133	35 
3134	12 
3135	89 
3136	71 
3137	20 
3138	53 
3139	67 
3140	90 
3141	15 
3142	43 
3143	56 
3144	78 
3145	27 
3146	39 
3147	15 
3148	75 
3149	37 
3150	68 
3151	1 
3152	58 
3153	75 
3154	6 
3155	30 
3156	39 
3157	37 
3158	67 
3159	92 
3160	49 
3161	66 
3162	35 
3163	61 
3164	48 
3165	95 
3166	35 
3167	81 
3168	41 
3169	22 
3170	94 
3171	91 
3172	35 
3173	62 
3174	70 
3175	10 
3176	32 
3177	85 
3178	18 
3179	76 
3180	47 
3181	4 
3182	20 
3183	9 
3184	78 
3185	65 
3186	88 
3187	9 
3188	22 
3189	67 
3190	44 
3191	65 
3192	11 
3193	94 
3194	18 
3195	51 
3196	56 
3197	19 
3198	84 
3199	44 
3200	97 
3201	53 
3202	29 
3203	40 
3204	95 
3205	81 
3206	48 
3207	12 
3208	52 
3209	17 
3210	22 
3211	30 
3212	64 
3213	62 
3214	78 
3215	23 
3216	72 
3217	96 
3218	1 
3219	30 
3220	9 
3221	35 
3222	47 
3223	16 
3224	4 
3225	16 
3226	31 
3227	91 
3228	81 
3229	4 
3230	69 
3231	14 
3232	92 
3233	97 
3234	48 
3235	45 
3236	70 
3237	23 
3238	93 
3239	42 
3240	46 
3241	38 
3242	23 
3243	41 
3244	44 
3245	31 
3246	89 
3247	84 
3248	76 
3249	68 
3250	17 
3251	19 
3252	37 
3253	15 
3254	68 
3255	23 
3256	86 
3257	37 
3258	86 
3259	49 
3260	18 
3261	74 
3262	8 
3263	90 
3264	81 
3265	12 
3266	93 
3267	52 
3268	76 
3269	55 
3270	44 
3271	72 
3272	95 
3273	19 
3274	84 
3275	85 
3276	96 
3277	35 
3278	58 
3279	55 
3280	57 
3281	10 
3282	20 
3283	98 
3284	30 
3285	47 
3286	74 
3287	1 
3288	29 
3289	72 
3290	62 
3291	64 
3292	38 
3293	71 
3294	15 
3295	45 
3296	73 
3297	6 
3298	21 
3299	14 
3300	47 
3301	29 
3302	53 
3303	46 
3304	91 
3305	80 
3306	51 
3307	80 
3308	49 
3309	77 
3310	20 
3311	1 
3312	33 
3313	90 
3314	39 
3315	97 
3316	96 
3317	47 
3318	56 
3319	85 
3320	69 
3321	42 
3322	74 
3323	29 
3324	94 
3325	95 
3326	29 
3327	51 
3328	87 
3329	10 
3330	70 
3331	50 
3332	59 
3333	59 
3334	67 
3335	70 
3336	95 
3337	59 
3338	4 
3339	83 
3340	18 
3341	92 
3342	60 
3343	2 
3344	97 
3345	74 
3346	24 
3347	68 
3348	60 
3349	89 
3350	60 
3351	32 
3352	92 
3353	4 
3354	65 
3355	76 
3356	20 
3357	31 
3358	87 
3359	61 
3360	2 
3361	86 
3362	74 
3363	69 
3364	67 
3365	87 
3366	51 
3367	57 
3368	54 
3369	57 
3370	81 
3371	80 
3372	26 
3373	18 
3374	83 
3375	80 
3376	20 
3377	30 
3378	42 
3379	30 
3380	85 
3381	47 
3382	85 
3383	91 
3384	72 
3385	63 
3386	39 
3387	65 
3388	37 
3389	12 
3390	60 
3391	85 
3392	3 
3393	23 
3394	79 
3395	25 
3396	82 
3397	92 
3398	83 
3399	23 
3400	7 
3401	43 
3402	92 
3403	50 
3404	92 
3405	35 
3406	20 
3407	50 
3408	32 
3409	4 
3410	90 
3411	98 
3412	79 
3413	17 
3414	9 
3415	21 
3416	30 
3417	56 
3418	65 
3419	69 
3420	2 
3421	9 
3422	19 
3423	22 
3424	79 
3425	91 
3426	79 
3427	69 
3428	18 
3429	75 
3430	30 
3431	74 
3432	86 
3433	83 
3434	52 
3435	44 
3436	42 
3437	97 
3438	62 
3439	23 
3440	94 
3441	43 
3442	35 
3443	67 
3444	28 
3445	91 
3446	30 
3447	24 
3448	11 
3449	98 
3450	48 
3451	56 
3452	79 
3453	38 
3454	37 
3455	62 
3456	92 
3457	90 
3458	6 
3459	92 
3460	54 
3461	95 
3462	7 
3463	94 
3464	70 
3465	24 
3466	65 
3467	44 
3468	94 
3469	83 
3470	16 
3471	75 
3472	84 
3473	58 
3474	61 
3475	19 
3476	43 
3477	8 
3478	85 
3479	90 
3480	3 
3481	95 
3482	49 
3483	51 
3484	49 
3485	13 
3486	53 
3487	96 
3488	21 
3489	15 
3490	43 
3491	56 
3492	15 
3493	15 
3494	22 
3495	83 
3496	17 
3497	46 
3498	6 
3499	14 
3500	80 
3501	68 
3502	79 
3503	28 
3504	80 
3505	63 
3506	92 
3507	1 
3508	53 
3509	53 
3510	63 
3511	6 
3512	91 
3513	86 
3514	85 
3515	53 
3516	85 
3517	25 
3518	85 
3519	80 
3520	44 
3521	23 
3522	56 
3523	92 
3524	38 
3525	26 
3526	18 
3527	20 
3528	76 
3529	97 
3530	88 
3531	88 
3532	74 
3533	53 
3534	56 
3535	27 
3536	74 
3537	16 
3538	69 
3539	27 
3540	97 
3541	73 
3542	25 
3543	94 
3544	29 
3545	2 
3546	18 
3547	92 
3548	16 
3549	65 
3550	28 
3551	9 
3552	35 
3553	26 
3554	87 
3555	43 
3556	80 
3557	50 
3558	51 
3559	2 
3560	60 
3561	95 
3562	39 
3563	68 
3564	15 
3565	12 
3566	84 
3567	62 
3568	7 
3569	15 
3570	39 
3571	56 
3572	78 
3573	97 
3574	44 
3575	97 
3576	35 
3577	70 
3578	65 
3579	66 
3580	42 
3581	28 
3582	58 
3583	44 
3584	28 
3585	30 
3586	24 
3587	91 
3588	80 
3589	10 
3590	97 
3591	79 
3592	41 
3593	64 
3594	81 
3595	14 
3596	93 
3597	43 
3598	4 
3599	57 
3600	63 
3601	2 
3602	38 
3603	46 
3604	10 
3605	15 
3606	25 
3607	82 
3608	72 
3609	97 
3610	97 
3611	28 
3612	88 
3613	92 
3614	90 
3615	24 
3616	21 
3617	81 
3618	15 
3619	76 
3620	8 
3621	46 
3622	68 
3623	7 
3624	3 
3625	72 
3626	65 
3627	49 
3628	24 
3629	85 
3630	14 
3631	14 
3632	8 
3633	65 
3634	12 
3635	9 
3636	53 
3637	88 
3638	93 
3639	77 
3640	96 
3641	92 
3642	68 
3643	88 
3644	93 
3645	29 
3646	62 
3647	33 
3648	90 
3649	93 
3650	85 
3651	39 
3652	62 
3653	69 
3654	67 
3655	75 
3656	53 
3657	50 
3658	80 
3659	70 
3660	65 
3661	50 
3662	37 
3663	46 
3664	83 
3665	31 
3666	61 
3667	78 
3668	87 
3669	94 
3670	91 
3671	42 
3672	68 
3673	51 
3674	54 
3675	27 
3676	66 
3677	48 
3678	26 
3679	1 
3680	20 
3681	5 
3682	85 
3683	42 
3684	13 
3685	84 
3686	35 
3687	62 
3688	24 
3689	93 
3690	22 
3691	15 
3692	77 
3693	87 
3694	21 
3695	8 
3696	38 
3697	41 
3698	23 
3699	80 
3700	37 
3701	83 
3702	44 
3703	2 
3704	84 
3705	90 
3706	82 
3707	37 
3708	44 
3709	28 
3710	65 
3711	24 
3712	78 
3713	50 
3714	40 
3715	50 
3716	4 
3717	47 
3718	85 
3719	88 
3720	22 
3721	94 
3722	44 
3723	87 
3724	53 
3725	50 
3726	67 
3727	69 
3728	93 
3729	55 
3730	83 
3731	74 
3732	26 
3733	25 
3734	83 
3735	81 
3736	59 
3737	97 
3738	88 
3739	85 
3740	91 
3741	40 
3742	41 
3743	37 
3744	37 
3745	49 
3746	83 
3747	9 
3748	50 
3749	79 
3750	10 
3751	37 
3752	19 
3753	73 
3754	65 
3755	87 
3756	35 
3757	98 
3758	81 
3759	64 
3760	30 
3761	56 
3762	39 
3763	74 
3764	50 
3765	44 
3766	44 
3767	63 
3768	31 
3769	29 
3770	7 
3771	66 
3772	62 
3773	38 
3774	93 
3775	23 
3776	13 
3777	23 
3778	56 
3779	20 
3780	77 
3781	68 
3782	30 
3783	58 
3784	20 
3785	21 
3786	13 
3787	23 
3788	17 
3789	61 
3790	35 
3791	80 
3792	92 
3793	13 
3794	82 
3795	26 
3796	68 
3797	47 
3798	90 
3799	85 
3800	86 
3801	3 
3802	75 
3803	73 
3804	91 
3805	46 
3806	19 
3807	65 
3808	46 
3809	91 
3810	79 
3811	53 
3812	81 
3813	20 
3814	65 
3815	44 
3816	73 
3817	86 
3818	10 
3819	56 
3820	90 
3821	70 
3822	52 
3823	79 
3824	40 
3825	12 
3826	38 
3827	56 
3828	80 
3829	71 
3830	22 
3831	30 
3832	4 
3833	70 
3834	43 
3835	36 
3836	42 
3837	36 
3838	65 
3839	82 
3840	19 
3841	34 
3842	50 
3843	20 
3844	25 
3845	75 
3846	95 
3847	23 
3848	80 
3849	21 
3850	65 
3851	94 
3852	65 
3853	83 
3854	43 
3855	6 
3856	60 
3857	68 
3858	41 
3859	29 
3860	85 
3861	62 
3862	2 
3863	10 
3864	19 
3865	69 
3866	41 
3867	4 
3868	93 
3869	79 
3870	15 
3871	76 
3872	79 
3873	45 
3874	3 
3875	86 
3876	68 
3877	84 
3878	68 
3879	3 
3880	54 
3881	1 
3882	38 
3883	1 
3884	32 
3885	30 
3886	32 
3887	50 
3888	98 
3889	8 
3890	41 
3891	49 
3892	81 
3893	3 
3894	50 
3895	59 
3896	46 
3897	56 
3898	48 
3899	62 
3900	83 
3901	93 
3902	38 
3903	41 
3904	60 
3905	43 
3906	97 
3907	81 
3908	53 
3909	46 
3910	29 
3911	64 
3912	53 
3913	83 
3914	19 
3915	1 
3916	35 
3917	85 
3918	22 
3919	76 
3920	30 
3921	91 
3922	9 
3923	33 
3924	20 
3925	27 
3926	63 
3927	20 
3928	46 
3929	8 
3930	16 
3931	56 
3932	16 
3933	72 
3934	52 
3935	97 
3936	48 
3937	51 
3938	24 
3939	81 
3940	70 
3941	20 
3942	29 
3943	21 
3944	82 
3945	27 
3946	96 
3947	56 
3948	57 
3949	58 
3950	90 
3951	84 
3952	88 
3953	47 
3954	56 
3955	48 
3956	37 
3957	16 
3958	29 
3959	22 
3960	73 
3961	10 
3962	84 
3963	85 
3964	25 
3965	5 
3966	20 
3967	74 
3968	76 
3969	75 
3970	94 
3971	26 
3972	9 
3973	42 
3974	66 
3975	81 
3976	83 
3977	39 
3978	15 
3979	42 
3980	24 
3981	40 
3982	50 
3983	56 
3984	66 
3985	33 
3986	57 
3987	12 
3988	49 
3989	32 
3990	41 
3991	24 
3992	53 
3993	96 
3994	56 
3995	44 
3996	68 
3997	70 
3998	20 
3999	54 
4000	76 
4001	87 
4002	4 
4003	81 
4004	77 
4005	24 
4006	54 
4007	93 
4008	7 
4009	6 
4010	35 
4011	23 
4012	6 
4013	86 
4014	78 
4015	1 
4016	97 
4017	84 
4018	44 
4019	61 
4020	8 
4021	81 
4022	95 
4023	30 
4024	38 
4025	95 
4026	2 
4027	92 
4028	77 
4029	65 
4030	92 
4031	23 
4032	46 
4033	79 
4034	94 
4035	56 
4036	2 
4037	98 
4038	59 
4039	42 
4040	92 
4041	95 
4042	83 
4043	1 
4044	2 
4045	97 
4046	26 
4047	60 
4048	13 
4049	41 
4050	19 
4051	97 
4052	46 
4053	97 
4054	17 
4055	51 
4056	84 
4057	4 
4058	97 
4059	59 
4060	74 
4061	4 
4062	48 
4063	81 
4064	90 
4065	46 
4066	59 
4067	7 
4068	78 
4069	64 
4070	10 
4071	60 
4072	79 
4073	47 
4074	67 
4075	43 
4076	56 
4077	95 
4078	37 
4079	26 
4080	44 
4081	97 
4082	21 
4083	6 
4084	87 
4085	42 
4086	61 
4087	13 
4088	3 
4089	23 
4090	81 
4091	92 
4092	3 
4093	51 
4094	36 
4095	43 
4096	9 
4097	55 
4098	96 
4099	15 
4100	21 
4101	8 
4102	80 
4103	67 
4104	30 
4105	32 
4106	70 
4107	46 
4108	48 
4109	42 
4110	28 
4111	35 
4112	92 
4113	23 
4114	77 
4115	23 
4116	47 
4117	51 
4118	73 
4119	36 
4120	52 
4121	10 
4122	26 
4123	63 
4124	75 
4125	13 
4126	84 
4127	35 
4128	74 
4129	56 
4130	42 
4131	33 
4132	9 
4133	66 
4134	21 
4135	76 
4136	19 
4137	93 
4138	20 
4139	44 
4140	50 
4141	54 
4142	30 
4143	47 
4144	14 
4145	90 
4146	37 
4147	57 
4148	29 
4149	3 
4150	35 
4151	4 
4152	69 
4153	75 
4154	28 
4155	53 
4156	90 
4157	16 
4158	30 
4159	47 
4160	69 
4161	53 
4162	95 
4163	63 
4164	8 
4165	87 
4166	72 
4167	74 
4168	90 
4169	70 
4170	42 
4171	55 
4172	97 
4173	42 
4174	2 
4175	46 
4176	1 
4177	74 
4178	59 
4179	79 
4180	70 
4181	79 
4182	77 
4183	43 
4184	49 
4185	1 
4186	81 
4187	56 
4188	63 
4189	15 
4190	49 
4191	93 
4192	42 
4193	31 
4194	74 
4195	34 
4196	10 
4197	12 
4198	54 
4199	19 
4200	94 
4201	93 
4202	92 
4203	97 
4204	56 
4205	57 
4206	69 
4207	37 
4208	62 
4209	71 
4210	97 
4211	21 
4212	46 
4213	44 
4214	38 
4215	14 
4216	27 
4217	57 
4218	24 
4219	78 
4220	19 
4221	28 
4222	79 
4223	94 
4224	59 
4225	36 
4226	2 
4227	53 
4228	18 
4229	50 
4230	42 
4231	68 
4232	78 
4233	68 
4234	33 
4235	84 
4236	87 
4237	57 
4238	21 
4239	77 
4240	31 
4241	36 
4242	94 
4243	21 
4244	76 
4245	55 
4246	97 
4247	85 
4248	63 
4249	3 
4250	22 
4251	95 
4252	46 
4253	92 
4254	23 
4255	20 
4256	76 
4257	21 
4258	86 
4259	30 
4260	67 
4261	54 
4262	46 
4263	39 
4264	15 
4265	19 
4266	35 
4267	92 
4268	94 
4269	1 
4270	68 
4271	3 
4272	93 
4273	65 
4274	93 
4275	74 
4276	49 
4277	86 
4278	36 
4279	52 
4280	58 
4281	28 
4282	28 
4283	22 
4284	73 
4285	94 
4286	58 
4287	10 
4288	20 
4289	12 
4290	49 
4291	52 
4292	83 
4293	70 
4294	78 
4295	91 
4296	1 
4297	84 
4298	11 
4299	3 
4300	85 
4301	42 
4302	61 
4303	35 
4304	81 
4305	25 
4306	54 
4307	20 
4308	39 
4309	24 
4310	17 
4311	77 
4312	15 
4313	65 
4314	68 
4315	49 
4316	18 
4317	87 
4318	92 
4319	35 
4320	15 
4321	54 
4322	7 
4323	92 
4324	54 
4325	23 
4326	23 
4327	67 
4328	65 
4329	42 
4330	87 
4331	50 
4332	49 
4333	35 
4334	17 
4335	52 
4336	76 
4337	40 
4338	56 
4339	98 
4340	46 
4341	35 
4342	17 
4343	93 
4344	74 
4345	8 
4346	43 
4347	35 
4348	58 
4349	23 
4350	37 
4351	92 
4352	73 
4353	71 
4354	19 
4355	30 
4356	80 
4357	30 
4358	96 
4359	65 
4360	7 
4361	39 
4362	94 
4363	56 
4364	21 
4365	51 
4366	45 
4367	66 
4368	39 
4369	21 
4370	59 
4371	94 
4372	1 
4373	46 
4374	37 
4375	28 
4376	57 
4377	76 
4378	84 
4379	40 
4380	24 
4381	58 
4382	30 
4383	42 
4384	56 
4385	59 
4386	4 
4387	36 
4388	81 
4389	15 
4390	81 
4391	44 
4392	9 
4393	14 
4394	85 
4395	25 
4396	95 
4397	32 
4398	23 
4399	30 
4400	15 
4401	36 
4402	81 
4403	72 
4404	95 
4405	45 
4406	35 
4407	72 
4408	35 
4409	12 
4410	54 
4411	8 
4412	51 
4413	53 
4414	29 
4415	47 
4416	74 
4417	8 
4418	49 
4419	74 
4420	63 
4421	73 
4422	59 
4423	4 
4424	97 
4425	15 
4426	87 
4427	41 
4428	97 
4429	24 
4430	92 
4431	42 
4432	63 
4433	85 
4434	49 
4435	81 
4436	65 
4437	74 
4438	45 
4439	17 
4440	59 
4441	84 
4442	62 
4443	83 
4444	20 
4445	28 
4446	21 
4447	1 
4448	38 
4449	54 
4450	79 
4451	83 
4452	40 
4453	65 
4454	22 
4455	13 
4456	83 
4457	62 
4458	41 
4459	31 
4460	81 
4461	71 
4462	45 
4463	97 
4464	36 
4465	53 
4466	62 
4467	6 
4468	68 
4469	40 
4470	64 
4471	45 
4472	13 
4473	45 
4474	13 
4475	2 
4476	30 
4477	58 
4478	59 
4479	15 
4480	90 
4481	33 
4482	83 
4483	30 
4484	27 
4485	51 
4486	15 
4487	31 
4488	42 
4489	75 
4490	50 
4491	36 
4492	18 
4493	27 
4494	5 
4495	87 
4496	88 
4497	57 
4498	21 
4499	56 
4500	22 
4501	89 
4502	96 
4503	85 
4504	14 
4505	76 
4506	9 
4507	55 
4508	15 
4509	63 
4510	26 
4511	88 
4512	56 
4513	56 
4514	50 
4515	39 
4516	49 
4517	29 
4518	56 
4519	91 
4520	35 
4521	65 
4522	75 
4523	92 
4524	4 
4525	93 
4526	27 
4527	35 
4528	2 
4529	38 
4530	62 
4531	57 
4532	36 
4533	10 
4534	50 
4535	20 
4536	74 
4537	65 
4538	11 
4539	18 
4540	28 
4541	1 
4542	85 
4543	14 
4544	85 
4545	16 
4546	79 
4547	37 
4548	90 
4549	50 
4550	21 
4551	1 
4552	22 
4553	46 
4554	57 
4555	20 
4556	46 
4557	20 
4558	14 
4559	69 
4560	49 
4561	24 
4562	48 
4563	56 
4564	87 
4565	3 
4566	70 
4567	33 
4568	32 
4569	68 
4570	15 
4571	29 
4572	40 
4573	88 
4574	82 
4575	81 
4576	33 
4577	85 
4578	28 
4579	82 
4580	54 
4581	80 
4582	97 
4583	79 
4584	2 
4585	63 
4586	15 
4587	86 
4588	93 
4589	98 
4590	68 
4591	38 
4592	49 
4593	41 
4594	42 
4595	47 
4596	26 
4597	78 
4598	27 
4599	28 
4600	19 
4601	30 
4602	89 
4603	27 
4604	5 
4605	62 
4606	82 
4607	77 
4608	97 
4609	28 
4610	13 
4611	37 
4612	55 
4613	21 
4614	83 
4615	85 
4616	11 
4617	50 
4618	68 
4619	86 
4620	67 
4621	90 
4622	50 
4623	42 
4624	52 
4625	97 
4626	35 
4627	70 
4628	53 
4629	29 
4630	63 
4631	22 
4632	94 
4633	93 
4634	85 
4635	77 
4636	60 
4637	82 
4638	43 
4639	61 
4640	43 
4641	35 
4642	23 
4643	59 
4644	18 
4645	83 
4646	51 
4647	15 
4648	22 
4649	9 
4650	9 
4651	5 
4652	27 
4653	77 
4654	13 
4655	82 
4656	90 
4657	90 
4658	77 
4659	42 
4660	51 
4661	13 
4662	26 
4663	95 
4664	83 
4665	24 
4666	69 
4667	86 
4668	69 
4669	65 
4670	93 
4671	60 
4672	94 
4673	21 
4674	22 
4675	54 
4676	87 
4677	47 
4678	4 
4679	84 
4680	68 
4681	62 
4682	24 
4683	65 
4684	13 
4685	19 
4686	28 
4687	32 
4688	56 
4689	73 
4690	15 
4691	5 
4692	85 
4693	16 
4694	23 
4695	87 
4696	29 
4697	28 
4698	85 
4699	64 
4700	30 
4701	92 
4702	43 
4703	97 
4704	43 
4705	76 
4706	8 
4707	24 
4708	51 
4709	19 
4710	2 
4711	27 
4712	82 
4713	40 
4714	21 
4715	48 
4716	7 
4717	41 
4718	72 
4719	8 
4720	24 
4721	7 
4722	64 
4723	28 
4724	91 
4725	78 
4726	27 
4727	33 
4728	19 
4729	35 
4730	43 
4731	1 
4732	57 
4733	75 
4734	66 
4735	80 
4736	8 
4737	56 
4738	15 
4739	15 
4740	82 
4741	23 
4742	87 
4743	21 
4744	18 
4745	23 
4746	86 
4747	93 
4748	92 
4749	21 
4750	13 
4751	38 
4752	43 
4753	69 
4754	94 
4755	67 
4756	11 
4757	38 
4758	97 
4759	75 
4760	36 
4761	6 
4762	50 
4763	3 
4764	47 
4765	56 
4766	37 
4767	24 
4768	81 
4769	85 
4770	44 
4771	97 
4772	56 
4773	97 
4774	85 
4775	13 
4776	67 
4777	19 
4778	37 
4779	63 
4780	52 
4781	83 
4782	56 
4783	9 
4784	43 
4785	90 
4786	54 
4787	18 
4788	19 
4789	76 
4790	25 
4791	53 
4792	83 
4793	66 
4794	6 
4795	7 
4796	40 
4797	36 
4798	79 
4799	16 
4800	47 
4801	68 
4802	42 
4803	88 
4804	62 
4805	55 
4806	30 
4807	85 
4808	20 
4809	55 
4810	13 
4811	12 
4812	21 
4813	37 
4814	24 
4815	76 
4816	77 
4817	59 
4818	35 
4819	75 
4820	76 
4821	53 
4822	22 
4823	91 
4824	92 
4825	87 
4826	15 
4827	23 
4828	44 
4829	67 
4830	74 
4831	2 
4832	77 
4833	87 
4834	26 
4835	85 
4836	47 
4837	16 
4838	49 
4839	27 
4840	10 
4841	36 
4842	95 
4843	41 
4844	61 
4845	37 
4846	60 
4847	88 
4848	69 
4849	25 
4850	55 
4851	60 
4852	19 
4853	69 
4854	43 
4855	53 
4856	53 
4857	82 
4858	63 
4859	59 
4860	44 
4861	13 
4862	87 
4863	44 
4864	56 
4865	30 
4866	33 
4867	61 
4868	90 
4869	2 
4870	65 
4871	65 
4872	49 
4873	7 
4874	77 
4875	61 
4876	46 
4877	31 
4878	46 
4879	37 
4880	77 
4881	97 
4882	94 
4883	33 
4884	9 
4885	67 
4886	87 
4887	58 
4888	42 
4889	37 
4890	49 
4891	11 
4892	19 
4893	39 
4894	44 
4895	15 
4896	67 
4897	83 
4898	36 
4899	84 
4900	97 
4901	53 
4902	93 
4903	24 
4904	76 
4905	69 
4906	94 
4907	78 
4908	14 
4909	92 
4910	95 
4911	92 
4912	49 
4913	50 
4914	57 
4915	42 
4916	42 
4917	23 
4918	92 
4919	97 
4920	82 
4921	74 
4922	90 
4923	15 
4924	47 
4925	84 
4926	75 
4927	23 
4928	81 
4929	72 
4930	65 
4931	65 
4932	22 
4933	95 
4934	82 
4935	14 
4936	35 
4937	60 
4938	47 
4939	42 
4940	80 
4941	26 
4942	7 
4943	85 
4944	6 
4945	60 
4946	4 
4947	30 
4948	57 
4949	87 
4950	2 
4951	44 
4952	74 
4953	81 
4954	76 
4955	43 
4956	44 
4957	49 
4958	9 
4959	54 
4960	50 
4961	70 
4962	42 
4963	86 
4964	51 
4965	26 
4966	19 
4967	74 
4968	75 
4969	60 
4970	97 
4971	51 
4972	75 
4973	30 
4974	39 
4975	80 
4976	70 
4977	50 
4978	57 
4979	23 
4980	94 
4981	47 
4982	92 
4983	44 
4984	24 
4985	25 
4986	24 
4987	21 
4988	35 
4989	40 
4990	65 
4991	59 
4992	78 
4993	28 
4994	23 
4995	86 
4996	35 
4997	68 
4998	49 
4999	67 
5000	15 
