1	65 
2	96 
3	64 
4	65 
5	24 
6	37 
7	1 
8	94 
9	33 
10	60 
11	78 
12	85 
13	57 
14	81 
15	81 
16	101 
17	64 
18	86 
19	24 
20	85 
21	21 
22	93 
23	12 
24	17 
25	64 
26	44 
27	90 
28	48 
29	21 
30	10 
31	41 
32	102 
33	69 
34	58 
35	92 
36	10 
37	63 
38	102 
39	95 
40	84 
41	48 
42	90 
43	7 
44	58 
45	1 
46	68 
47	31 
48	10 
49	6 
50	20 
51	39 
52	47 
53	45 
54	5 
55	57 
56	80 
57	62 
58	98 
59	83 
60	65 
61	100 
62	52 
63	86 
64	40 
65	30 
66	82 
67	48 
68	84 
69	64 
70	75 
71	6 
72	33 
73	10 
74	92 
75	48 
76	81 
77	52 
78	83 
79	81 
80	44 
81	74 
82	70 
83	17 
84	17 
85	32 
86	82 
87	94 
88	76 
89	57 
90	40 
91	99 
92	51 
93	94 
94	81 
95	15 
96	53 
97	93 
98	41 
99	54 
100	86 
101	27 
102	40 
103	74 
104	51 
105	94 
106	35 
107	37 
108	17 
109	9 
110	71 
111	44 
112	65 
113	23 
114	55 
115	51 
116	96 
117	86 
118	31 
119	69 
120	44 
121	29 
122	93 
123	38 
124	69 
125	13 
126	30 
127	65 
128	21 
129	4 
130	73 
131	35 
132	93 
133	50 
134	3 
135	82 
136	73 
137	94 
138	51 
139	48 
140	94 
141	26 
142	27 
143	13 
144	64 
145	81 
146	44 
147	39 
148	17 
149	36 
150	83 
151	40 
152	35 
153	8 
154	42 
155	50 
156	54 
157	39 
158	77 
159	81 
160	68 
161	29 
162	1 
163	64 
164	21 
165	93 
166	20 
167	6 
168	44 
169	75 
170	6 
171	86 
172	51 
173	62 
174	11 
175	74 
176	83 
177	71 
178	81 
179	3 
180	68 
181	67 
182	42 
183	40 
184	98 
185	68 
186	26 
187	87 
188	10 
189	65 
190	64 
191	92 
192	46 
193	85 
194	50 
195	65 
196	73 
197	91 
198	65 
199	39 
200	77 
201	64 
202	54 
203	33 
204	47 
205	67 
206	52 
207	95 
208	80 
209	102 
210	56 
211	1 
212	61 
213	42 
214	68 
215	6 
216	61 
217	85 
218	74 
219	93 
220	99 
221	22 
222	57 
223	6 
224	4 
225	24 
226	4 
227	65 
228	97 
229	28 
230	65 
231	76 
232	65 
233	6 
234	12 
235	46 
236	11 
237	53 
238	99 
239	1 
240	30 
241	13 
242	60 
243	21 
244	70 
245	91 
246	81 
247	2 
248	64 
249	57 
250	65 
251	10 
252	87 
253	76 
254	67 
255	11 
256	3 
257	67 
258	38 
259	59 
260	25 
261	73 
262	93 
263	82 
264	74 
265	20 
266	67 
267	17 
268	31 
269	28 
270	93 
271	89 
272	58 
273	28 
274	44 
275	1 
276	76 
277	73 
278	12 
279	40 
280	33 
281	50 
282	37 
283	33 
284	65 
285	70 
286	21 
287	60 
288	35 
289	28 
290	12 
291	40 
292	17 
293	65 
294	34 
295	24 
296	48 
297	39 
298	79 
299	12 
300	86 
301	22 
302	52 
303	1 
304	38 
305	12 
306	46 
307	44 
308	76 
309	66 
310	38 
311	68 
312	67 
313	76 
314	2 
315	42 
316	24 
317	59 
318	18 
319	20 
320	1 
321	4 
322	19 
323	47 
324	98 
325	47 
326	63 
327	6 
328	74 
329	33 
330	99 
331	62 
332	53 
333	94 
334	13 
335	78 
336	64 
337	42 
338	6 
339	67 
340	18 
341	35 
342	27 
343	21 
344	42 
345	57 
346	58 
347	41 
348	59 
349	60 
350	9 
351	15 
352	38 
353	10 
354	56 
355	76 
356	92 
357	54 
358	18 
359	41 
360	88 
361	38 
362	64 
363	10 
364	3 
365	95 
366	64 
367	1 
368	42 
369	67 
370	66 
371	43 
372	52 
373	87 
374	1 
375	74 
376	4 
377	1 
378	38 
379	94 
380	92 
381	4 
382	86 
383	49 
384	17 
385	76 
386	76 
387	6 
388	57 
389	73 
390	48 
391	35 
392	84 
393	40 
394	64 
395	20 
396	52 
397	99 
398	12 
399	63 
400	68 
401	48 
402	86 
403	102 
404	21 
405	40 
406	67 
407	61 
408	68 
409	19 
410	16 
411	45 
412	3 
413	47 
414	90 
415	34 
416	80 
417	82 
418	42 
419	4 
420	74 
421	12 
422	39 
423	64 
424	27 
425	54 
426	63 
427	60 
428	77 
429	28 
430	32 
431	10 
432	44 
433	85 
434	52 
435	27 
436	5 
437	65 
438	2 
439	14 
440	6 
441	39 
442	68 
443	11 
444	32 
445	87 
446	74 
447	64 
448	17 
449	76 
450	71 
451	41 
452	37 
453	64 
454	73 
455	21 
456	38 
457	38 
458	17 
459	86 
460	97 
461	93 
462	72 
463	62 
464	6 
465	6 
466	6 
467	79 
468	14 
469	31 
470	74 
471	36 
472	58 
473	57 
474	98 
475	53 
476	61 
477	91 
478	30 
479	38 
480	69 
481	85 
482	7 
483	57 
484	53 
485	46 
486	85 
487	41 
488	78 
489	9 
490	20 
491	11 
492	81 
493	5 
494	81 
495	84 
496	91 
497	20 
498	41 
499	3 
500	67 
501	91 
502	32 
503	31 
504	40 
505	54 
506	94 
507	65 
508	35 
509	72 
510	99 
511	20 
512	59 
513	76 
514	67 
515	58 
516	14 
517	32 
518	81 
519	88 
520	85 
521	60 
522	44 
523	58 
524	26 
525	61 
526	42 
527	83 
528	64 
529	93 
530	97 
531	11 
532	76 
533	27 
534	20 
535	68 
536	3 
537	76 
538	59 
539	82 
540	8 
541	73 
542	25 
543	88 
544	50 
545	16 
546	21 
547	76 
548	33 
549	56 
550	63 
551	48 
552	68 
553	74 
554	67 
555	61 
556	50 
557	38 
558	74 
559	100 
560	30 
561	87 
562	73 
563	68 
564	24 
565	28 
566	97 
567	60 
568	11 
569	85 
570	56 
571	32 
572	35 
573	4 
574	30 
575	56 
576	48 
577	81 
578	93 
579	82 
580	40 
581	21 
582	19 
583	38 
584	93 
585	45 
586	85 
587	23 
588	86 
589	22 
590	26 
591	44 
592	68 
593	85 
594	60 
595	70 
596	17 
597	58 
598	3 
599	10 
600	29 
601	94 
602	92 
603	83 
604	1 
605	42 
606	94 
607	83 
608	10 
609	84 
610	89 
611	18 
612	19 
613	44 
614	51 
615	4 
616	76 
617	21 
618	61 
619	48 
620	63 
621	55 
622	94 
623	42 
624	30 
625	12 
626	99 
627	20 
628	51 
629	82 
630	73 
631	15 
632	102 
633	38 
634	32 
635	81 
636	82 
637	16 
638	10 
639	69 
640	74 
641	62 
642	8 
643	94 
644	26 
645	48 
646	70 
647	91 
648	43 
649	31 
650	64 
651	22 
652	51 
653	28 
654	62 
655	78 
656	20 
657	52 
658	54 
659	85 
660	67 
661	65 
662	83 
663	18 
664	49 
665	85 
666	68 
667	67 
668	65 
669	79 
670	94 
671	57 
672	96 
673	6 
674	81 
675	91 
676	64 
677	10 
678	93 
679	99 
680	99 
681	70 
682	7 
683	68 
684	20 
685	84 
686	70 
687	54 
688	86 
689	55 
690	41 
691	82 
692	52 
693	26 
694	17 
695	6 
696	4 
697	10 
698	75 
699	102 
700	78 
701	98 
702	94 
703	55 
704	35 
705	73 
706	82 
707	90 
708	12 
709	37 
710	16 
711	69 
712	81 
713	14 
714	28 
715	33 
716	83 
717	38 
718	98 
719	45 
720	64 
721	56 
722	6 
723	82 
724	28 
725	70 
726	40 
727	56 
728	4 
729	58 
730	84 
731	86 
732	43 
733	37 
734	74 
735	48 
736	73 
737	30 
738	43 
739	20 
740	53 
741	93 
742	54 
743	67 
744	62 
745	20 
746	17 
747	41 
748	21 
749	73 
750	31 
751	100 
752	28 
753	86 
754	58 
755	65 
756	77 
757	7 
758	63 
759	20 
760	58 
761	56 
762	39 
763	32 
764	101 
765	62 
766	17 
767	54 
768	50 
769	34 
770	86 
771	65 
772	25 
773	25 
774	50 
775	53 
776	57 
777	86 
778	47 
779	52 
780	58 
781	26 
782	47 
783	1 
784	34 
785	90 
786	21 
787	39 
788	86 
789	24 
790	21 
791	93 
792	93 
793	86 
794	4 
795	1 
796	76 
797	84 
798	4 
799	44 
800	35 
801	90 
802	1 
803	60 
804	78 
805	78 
806	99 
807	11 
808	84 
809	36 
810	72 
811	60 
812	48 
813	84 
814	97 
815	39 
816	44 
817	85 
818	96 
819	11 
820	45 
821	18 
822	81 
823	60 
824	94 
825	58 
826	89 
827	6 
828	5 
829	1 
830	67 
831	51 
832	83 
833	62 
834	64 
835	8 
836	98 
837	40 
838	30 
839	83 
840	39 
841	81 
842	77 
843	44 
844	73 
845	5 
846	76 
847	61 
848	15 
849	63 
850	44 
851	99 
852	54 
853	33 
854	98 
855	10 
856	97 
857	73 
858	90 
859	10 
860	98 
861	29 
862	81 
863	12 
864	67 
865	60 
866	63 
867	84 
868	52 
869	33 
870	98 
871	18 
872	21 
873	39 
874	71 
875	9 
876	85 
877	84 
878	66 
879	100 
880	62 
881	35 
882	30 
883	84 
884	52 
885	62 
886	73 
887	27 
888	5 
889	22 
890	31 
891	44 
892	11 
893	15 
894	101 
895	89 
896	9 
897	64 
898	58 
899	11 
900	95 
901	67 
902	51 
903	101 
904	48 
905	78 
906	97 
907	66 
908	57 
909	79 
910	95 
911	46 
912	5 
913	45 
914	44 
915	67 
916	68 
917	23 
918	76 
919	31 
920	96 
921	3 
922	62 
923	65 
924	90 
925	95 
926	48 
927	8 
928	102 
929	99 
930	41 
931	65 
932	10 
933	64 
934	11 
935	33 
936	19 
937	96 
938	62 
939	21 
940	13 
941	48 
942	3 
943	92 
944	25 
945	76 
946	81 
947	68 
948	57 
949	47 
950	34 
951	37 
952	51 
953	68 
954	48 
955	68 
956	96 
957	39 
958	28 
959	6 
960	90 
961	65 
962	93 
963	21 
964	22 
965	42 
966	96 
967	60 
968	74 
969	40 
970	63 
971	6 
972	62 
973	13 
974	82 
975	99 
976	6 
977	51 
978	46 
979	11 
980	30 
981	8 
982	21 
983	82 
984	65 
985	81 
986	41 
987	97 
988	79 
989	81 
990	51 
991	73 
992	87 
993	99 
994	88 
995	81 
996	96 
997	51 
998	47 
999	16 
1000	49 
1001	41 
1002	17 
1003	62 
1004	48 
1005	43 
1006	35 
1007	55 
1008	40 
1009	59 
1010	92 
1011	47 
1012	74 
1013	80 
1014	31 
1015	27 
1016	54 
1017	77 
1018	56 
1019	24 
1020	100 
1021	40 
1022	92 
1023	62 
1024	10 
1025	12 
1026	101 
1027	11 
1028	16 
1029	58 
1030	68 
1031	1 
1032	41 
1033	12 
1034	68 
1035	5 
1036	44 
1037	93 
1038	11 
1039	64 
1040	101 
1041	59 
1042	21 
1043	99 
1044	10 
1045	1 
1046	20 
1047	73 
1048	99 
1049	30 
1050	18 
1051	93 
1052	2 
1053	27 
1054	94 
1055	3 
1056	87 
1057	20 
1058	52 
1059	58 
1060	17 
1061	17 
1062	22 
1063	12 
1064	58 
1065	42 
1066	74 
1067	6 
1068	82 
1069	48 
1070	63 
1071	98 
1072	53 
1073	23 
1074	54 
1075	12 
1076	28 
1077	15 
1078	81 
1079	73 
1080	24 
1081	51 
1082	13 
1083	79 
1084	85 
1085	72 
1086	25 
1087	47 
1088	48 
1089	54 
1090	4 
1091	32 
1092	84 
1093	93 
1094	70 
1095	97 
1096	93 
1097	61 
1098	94 
1099	49 
1100	81 
1101	80 
1102	97 
1103	12 
1104	34 
1105	94 
1106	52 
1107	99 
1108	56 
1109	59 
1110	36 
1111	4 
1112	76 
1113	88 
1114	54 
1115	9 
1116	98 
1117	77 
1118	3 
1119	18 
1120	55 
1121	29 
1122	55 
1123	39 
1124	28 
1125	52 
1126	41 
1127	33 
1128	57 
1129	21 
1130	93 
1131	83 
1132	74 
1133	75 
1134	92 
1135	74 
1136	24 
1137	16 
1138	65 
1139	25 
1140	56 
1141	88 
1142	67 
1143	94 
1144	40 
1145	86 
1146	47 
1147	19 
1148	87 
1149	56 
1150	28 
1151	64 
1152	10 
1153	65 
1154	92 
1155	93 
1156	64 
1157	80 
1158	86 
1159	48 
1160	51 
1161	12 
1162	86 
1163	84 
1164	61 
1165	53 
1166	11 
1167	53 
1168	61 
1169	12 
1170	77 
1171	95 
1172	65 
1173	85 
1174	11 
1175	11 
1176	33 
1177	11 
1178	52 
1179	17 
1180	11 
1181	65 
1182	30 
1183	67 
1184	99 
1185	73 
1186	69 
1187	48 
1188	81 
1189	33 
1190	47 
1191	11 
1192	44 
1193	28 
1194	58 
1195	68 
1196	93 
1197	40 
1198	94 
1199	12 
1200	93 
1201	10 
1202	11 
1203	44 
1204	63 
1205	62 
1206	64 
1207	32 
1208	18 
1209	73 
1210	37 
1211	100 
1212	40 
1213	4 
1214	16 
1215	24 
1216	55 
1217	18 
1218	18 
1219	29 
1220	92 
1221	87 
1222	20 
1223	38 
1224	33 
1225	32 
1226	33 
1227	52 
1228	45 
1229	52 
1230	70 
1231	13 
1232	81 
1233	85 
1234	21 
1235	18 
1236	99 
1237	58 
1238	15 
1239	5 
1240	43 
1241	49 
1242	60 
1243	101 
1244	84 
1245	81 
1246	6 
1247	18 
1248	90 
1249	96 
1250	67 
1251	68 
1252	10 
1253	12 
1254	71 
1255	64 
1256	95 
1257	31 
1258	38 
1259	65 
1260	21 
1261	83 
1262	26 
1263	6 
1264	34 
1265	26 
1266	35 
1267	63 
1268	32 
1269	37 
1270	42 
1271	40 
1272	98 
1273	82 
1274	20 
1275	35 
1276	50 
1277	51 
1278	99 
1279	4 
1280	101 
1281	6 
1282	14 
1283	87 
1284	4 
1285	68 
1286	52 
1287	73 
1288	76 
1289	93 
1290	76 
1291	14 
1292	17 
1293	11 
1294	53 
1295	97 
1296	12 
1297	84 
1298	6 
1299	63 
1300	93 
1301	48 
1302	94 
1303	82 
1304	7 
1305	48 
1306	17 
1307	20 
1308	51 
1309	61 
1310	92 
1311	31 
1312	39 
1313	87 
1314	18 
1315	65 
1316	48 
1317	68 
1318	33 
1319	51 
1320	46 
1321	54 
1322	30 
1323	35 
1324	95 
1325	4 
1326	60 
1327	74 
1328	20 
1329	74 
1330	40 
1331	63 
1332	4 
1333	73 
1334	93 
1335	87 
1336	3 
1337	11 
1338	68 
1339	20 
1340	31 
1341	96 
1342	94 
1343	74 
1344	3 
1345	93 
1346	30 
1347	62 
1348	38 
1349	64 
1350	91 
1351	73 
1352	62 
1353	28 
1354	87 
1355	54 
1356	54 
1357	27 
1358	68 
1359	33 
1360	81 
1361	68 
1362	24 
1363	81 
1364	94 
1365	53 
1366	97 
1367	99 
1368	68 
1369	97 
1370	102 
1371	11 
1372	43 
1373	44 
1374	77 
1375	61 
1376	18 
1377	47 
1378	53 
1379	28 
1380	72 
1381	70 
1382	69 
1383	68 
1384	19 
1385	28 
1386	67 
1387	98 
1388	91 
1389	76 
1390	27 
1391	100 
1392	32 
1393	59 
1394	58 
1395	61 
1396	91 
1397	82 
1398	21 
1399	16 
1400	83 
1401	98 
1402	94 
1403	4 
1404	49 
1405	94 
1406	34 
1407	44 
1408	17 
1409	87 
1410	81 
1411	2 
1412	47 
1413	7 
1414	58 
1415	17 
1416	19 
1417	46 
1418	4 
1419	10 
1420	68 
1421	24 
1422	102 
1423	69 
1424	14 
1425	60 
1426	29 
1427	23 
1428	93 
1429	39 
1430	76 
1431	32 
1432	85 
1433	13 
1434	75 
1435	8 
1436	18 
1437	13 
1438	96 
1439	79 
1440	84 
1441	31 
1442	51 
1443	89 
1444	82 
1445	98 
1446	33 
1447	84 
1448	20 
1449	51 
1450	74 
1451	40 
1452	8 
1453	51 
1454	63 
1455	75 
1456	83 
1457	32 
1458	74 
1459	15 
1460	99 
1461	90 
1462	55 
1463	10 
1464	66 
1465	29 
1466	83 
1467	30 
1468	101 
1469	91 
1470	102 
1471	27 
1472	99 
1473	100 
1474	19 
1475	33 
1476	31 
1477	80 
1478	51 
1479	65 
1480	63 
1481	40 
1482	10 
1483	100 
1484	86 
1485	20 
1486	40 
1487	33 
1488	31 
1489	73 
1490	73 
1491	88 
1492	14 
1493	20 
1494	51 
1495	39 
1496	48 
1497	98 
1498	39 
1499	19 
1500	58 
1501	50 
1502	6 
1503	68 
1504	81 
1505	65 
1506	5 
1507	48 
1508	84 
1509	67 
1510	42 
1511	52 
1512	68 
1513	85 
1514	66 
1515	74 
1516	5 
1517	58 
1518	9 
1519	38 
1520	57 
1521	42 
1522	58 
1523	68 
1524	31 
1525	43 
1526	67 
1527	44 
1528	85 
1529	94 
1530	11 
1531	87 
1532	36 
1533	83 
1534	84 
1535	70 
1536	40 
1537	72 
1538	26 
1539	56 
1540	31 
1541	45 
1542	52 
1543	54 
1544	28 
1545	73 
1546	38 
1547	93 
1548	88 
1549	22 
1550	64 
1551	4 
1552	53 
1553	66 
1554	46 
1555	6 
1556	25 
1557	17 
1558	81 
1559	30 
1560	21 
1561	7 
1562	25 
1563	89 
1564	11 
1565	85 
1566	60 
1567	75 
1568	99 
1569	25 
1570	15 
1571	47 
1572	64 
1573	97 
1574	19 
1575	84 
1576	66 
1577	11 
1578	16 
1579	1 
1580	83 
1581	64 
1582	79 
1583	58 
1584	4 
1585	5 
1586	98 
1587	99 
1588	86 
1589	35 
1590	61 
1591	18 
1592	6 
1593	48 
1594	99 
1595	17 
1596	94 
1597	55 
1598	40 
1599	64 
1600	42 
1601	54 
1602	82 
1603	21 
1604	33 
1605	45 
1606	48 
1607	57 
1608	11 
1609	93 
1610	12 
1611	46 
1612	98 
1613	44 
1614	54 
1615	60 
1616	83 
1617	3 
1618	49 
1619	13 
1620	38 
1621	84 
1622	48 
1623	22 
1624	15 
1625	12 
1626	64 
1627	60 
1628	20 
1629	60 
1630	21 
1631	3 
1632	33 
1633	13 
1634	99 
1635	97 
1636	86 
1637	76 
1638	102 
1639	21 
1640	89 
1641	64 
1642	61 
1643	6 
1644	12 
1645	73 
1646	69 
1647	20 
1648	55 
1649	28 
1650	43 
1651	54 
1652	40 
1653	89 
1654	72 
1655	45 
1656	27 
1657	47 
1658	67 
1659	33 
1660	56 
1661	31 
1662	93 
1663	27 
1664	12 
1665	79 
1666	75 
1667	53 
1668	69 
1669	32 
1670	84 
1671	65 
1672	64 
1673	9 
1674	64 
1675	73 
1676	52 
1677	27 
1678	33 
1679	45 
1680	79 
1681	64 
1682	34 
1683	84 
1684	76 
1685	16 
1686	65 
1687	50 
1688	49 
1689	18 
1690	3 
1691	20 
1692	73 
1693	8 
1694	86 
1695	69 
1696	44 
1697	17 
1698	51 
1699	12 
1700	4 
1701	42 
1702	11 
1703	29 
1704	74 
1705	78 
1706	84 
1707	94 
1708	73 
1709	95 
1710	97 
1711	47 
1712	96 
1713	18 
1714	58 
1715	61 
1716	21 
1717	10 
1718	44 
1719	51 
1720	75 
1721	68 
1722	73 
1723	51 
1724	7 
1725	39 
1726	44 
1727	49 
1728	20 
1729	19 
1730	3 
1731	68 
1732	37 
1733	77 
1734	70 
1735	41 
1736	19 
1737	36 
1738	58 
1739	45 
1740	74 
1741	65 
1742	66 
1743	39 
1744	73 
1745	44 
1746	36 
1747	60 
1748	20 
1749	65 
1750	11 
1751	86 
1752	86 
1753	21 
1754	32 
1755	21 
1756	8 
1757	55 
1758	62 
1759	99 
1760	1 
1761	17 
1762	45 
1763	100 
1764	35 
1765	44 
1766	10 
1767	53 
1768	58 
1769	40 
1770	44 
1771	95 
1772	30 
1773	10 
1774	76 
1775	82 
1776	91 
1777	33 
1778	3 
1779	15 
1780	76 
1781	99 
1782	44 
1783	44 
1784	33 
1785	30 
1786	68 
1787	96 
1788	9 
1789	65 
1790	21 
1791	28 
1792	92 
1793	17 
1794	47 
1795	75 
1796	15 
1797	26 
1798	17 
1799	58 
1800	94 
1801	3 
1802	60 
1803	32 
1804	57 
1805	81 
1806	10 
1807	12 
1808	51 
1809	53 
1810	44 
1811	53 
1812	44 
1813	76 
1814	5 
1815	74 
1816	38 
1817	33 
1818	90 
1819	76 
1820	6 
1821	2 
1822	22 
1823	14 
1824	79 
1825	85 
1826	94 
1827	32 
1828	76 
1829	76 
1830	24 
1831	13 
1832	26 
1833	3 
1834	68 
1835	4 
1836	28 
1837	40 
1838	17 
1839	101 
1840	84 
1841	1 
1842	11 
1843	15 
1844	61 
1845	93 
1846	2 
1847	65 
1848	54 
1849	96 
1850	10 
1851	86 
1852	4 
1853	3 
1854	11 
1855	18 
1856	76 
1857	4 
1858	44 
1859	33 
1860	67 
1861	91 
1862	74 
1863	21 
1864	1 
1865	35 
1866	18 
1867	27 
1868	24 
1869	32 
1870	92 
1871	94 
1872	45 
1873	25 
1874	90 
1875	74 
1876	77 
1877	20 
1878	28 
1879	51 
1880	84 
1881	28 
1882	23 
1883	7 
1884	17 
1885	30 
1886	44 
1887	11 
1888	63 
1889	10 
1890	11 
1891	19 
1892	80 
1893	76 
1894	42 
1895	54 
1896	31 
1897	68 
1898	53 
1899	10 
1900	59 
1901	91 
1902	85 
1903	100 
1904	30 
1905	32 
1906	31 
1907	31 
1908	53 
1909	7 
1910	87 
1911	43 
1912	18 
1913	18 
1914	64 
1915	77 
1916	82 
1917	40 
1918	39 
1919	6 
1920	95 
1921	25 
1922	18 
1923	73 
1924	2 
1925	20 
1926	11 
1927	10 
1928	69 
1929	35 
1930	64 
1931	44 
1932	57 
1933	14 
1934	73 
1935	74 
1936	94 
1937	21 
1938	79 
1939	37 
1940	10 
1941	97 
1942	17 
1943	38 
1944	11 
1945	74 
1946	47 
1947	31 
1948	91 
1949	10 
1950	40 
1951	44 
1952	92 
1953	82 
1954	17 
1955	76 
1956	87 
1957	51 
1958	41 
1959	86 
1960	11 
1961	65 
1962	66 
1963	37 
1964	82 
1965	95 
1966	68 
1967	74 
1968	54 
1969	44 
1970	31 
1971	63 
1972	8 
1973	93 
1974	40 
1975	4 
1976	63 
1977	6 
1978	47 
1979	98 
1980	60 
1981	99 
1982	99 
1983	78 
1984	51 
1985	48 
1986	58 
1987	68 
1988	12 
1989	44 
1990	28 
1991	85 
1992	38 
1993	56 
1994	40 
1995	12 
1996	38 
1997	74 
1998	29 
1999	74 
2000	60 
2001	20 
2002	33 
2003	27 
2004	33 
2005	1 
2006	21 
2007	85 
2008	30 
2009	39 
2010	39 
2011	79 
2012	85 
2013	71 
2014	71 
2015	32 
2016	30 
2017	27 
2018	10 
2019	1 
2020	67 
2021	63 
2022	82 
2023	87 
2024	60 
2025	80 
2026	17 
2027	54 
2028	40 
2029	98 
2030	27 
2031	94 
2032	6 
2033	82 
2034	92 
2035	10 
2036	98 
2037	86 
2038	64 
2039	84 
2040	58 
2041	24 
2042	99 
2043	68 
2044	35 
2045	30 
2046	40 
2047	92 
2048	91 
2049	48 
2050	37 
2051	36 
2052	74 
2053	36 
2054	72 
2055	76 
2056	55 
2057	99 
2058	62 
2059	23 
2060	76 
2061	44 
2062	23 
2063	55 
2064	89 
2065	53 
2066	86 
2067	44 
2068	79 
2069	55 
2070	48 
2071	79 
2072	37 
2073	68 
2074	43 
2075	99 
2076	4 
2077	25 
2078	97 
2079	42 
2080	12 
2081	69 
2082	76 
2083	69 
2084	81 
2085	1 
2086	82 
2087	68 
2088	63 
2089	32 
2090	49 
2091	22 
2092	93 
2093	23 
2094	9 
2095	16 
2096	84 
2097	95 
2098	33 
2099	1 
2100	21 
2101	81 
2102	12 
2103	59 
2104	93 
2105	69 
2106	62 
2107	78 
2108	11 
2109	86 
2110	6 
2111	38 
2112	33 
2113	65 
2114	33 
2115	93 
2116	37 
2117	63 
2118	48 
2119	20 
2120	32 
2121	10 
2122	35 
2123	63 
2124	48 
2125	32 
2126	47 
2127	58 
2128	52 
2129	10 
2130	18 
2131	66 
2132	86 
2133	88 
2134	59 
2135	74 
2136	101 
2137	48 
2138	48 
2139	50 
2140	74 
2141	15 
2142	74 
2143	39 
2144	36 
2145	59 
2146	20 
2147	42 
2148	15 
2149	83 
2150	42 
2151	54 
2152	77 
2153	53 
2154	96 
2155	94 
2156	11 
2157	83 
2158	54 
2159	83 
2160	82 
2161	102 
2162	3 
2163	59 
2164	1 
2165	15 
2166	74 
2167	6 
2168	47 
2169	31 
2170	12 
2171	61 
2172	38 
2173	88 
2174	55 
2175	81 
2176	85 
2177	81 
2178	81 
2179	10 
2180	96 
2181	31 
2182	60 
2183	9 
2184	43 
2185	15 
2186	62 
2187	35 
2188	78 
2189	67 
2190	34 
2191	42 
2192	4 
2193	34 
2194	44 
2195	74 
2196	51 
2197	31 
2198	14 
2199	42 
2200	64 
2201	21 
2202	40 
2203	12 
2204	51 
2205	64 
2206	11 
2207	59 
2208	62 
2209	36 
2210	39 
2211	101 
2212	32 
2213	9 
2214	6 
2215	74 
2216	14 
2217	17 
2218	30 
2219	43 
2220	76 
2221	60 
2222	68 
2223	73 
2224	67 
2225	38 
2226	16 
2227	98 
2228	83 
2229	38 
2230	51 
2231	66 
2232	28 
2233	30 
2234	6 
2235	51 
2236	62 
2237	86 
2238	7 
2239	66 
2240	32 
2241	56 
2242	85 
2243	89 
2244	4 
2245	79 
2246	27 
2247	84 
2248	98 
2249	68 
2250	3 
2251	99 
2252	38 
2253	4 
2254	99 
2255	1 
2256	33 
2257	65 
2258	6 
2259	18 
2260	97 
2261	28 
2262	82 
2263	100 
2264	73 
2265	18 
2266	62 
2267	15 
2268	29 
2269	11 
2270	59 
2271	27 
2272	17 
2273	88 
2274	70 
2275	33 
2276	74 
2277	82 
2278	86 
2279	65 
2280	37 
2281	72 
2282	99 
2283	58 
2284	64 
2285	43 
2286	99 
2287	18 
2288	46 
2289	12 
2290	68 
2291	92 
2292	81 
2293	74 
2294	81 
2295	76 
2296	17 
2297	73 
2298	73 
2299	13 
2300	35 
2301	3 
2302	91 
2303	65 
2304	60 
2305	69 
2306	31 
2307	74 
2308	93 
2309	73 
2310	27 
2311	102 
2312	52 
2313	63 
2314	31 
2315	88 
2316	48 
2317	3 
2318	59 
2319	76 
2320	34 
2321	80 
2322	32 
2323	15 
2324	66 
2325	3 
2326	91 
2327	65 
2328	20 
2329	19 
2330	67 
2331	2 
2332	86 
2333	43 
2334	94 
2335	102 
2336	64 
2337	18 
2338	53 
2339	10 
2340	75 
2341	99 
2342	52 
2343	76 
2344	42 
2345	6 
2346	48 
2347	88 
2348	17 
2349	20 
2350	49 
2351	93 
2352	20 
2353	95 
2354	86 
2355	89 
2356	35 
2357	94 
2358	6 
2359	54 
2360	99 
2361	97 
2362	35 
2363	100 
2364	3 
2365	84 
2366	34 
2367	94 
2368	16 
2369	86 
2370	76 
2371	82 
2372	68 
2373	44 
2374	6 
2375	18 
2376	22 
2377	76 
2378	94 
2379	56 
2380	3 
2381	52 
2382	51 
2383	20 
2384	60 
2385	99 
2386	39 
2387	94 
2388	10 
2389	15 
2390	86 
2391	52 
2392	38 
2393	31 
2394	63 
2395	6 
2396	88 
2397	51 
2398	5 
2399	21 
2400	36 
2401	16 
2402	68 
2403	74 
2404	16 
2405	65 
2406	20 
2407	48 
2408	80 
2409	94 
2410	55 
2411	84 
2412	53 
2413	19 
2414	13 
2415	62 
2416	20 
2417	40 
2418	9 
2419	25 
2420	10 
2421	65 
2422	6 
2423	62 
2424	63 
2425	5 
2426	4 
2427	1 
2428	94 
2429	83 
2430	9 
2431	73 
2432	9 
2433	48 
2434	99 
2435	69 
2436	17 
2437	42 
2438	12 
2439	1 
2440	12 
2441	99 
2442	67 
2443	44 
2444	97 
2445	74 
2446	92 
2447	58 
2448	59 
2449	39 
2450	67 
2451	80 
2452	92 
2453	71 
2454	4 
2455	6 
2456	81 
2457	10 
2458	46 
2459	63 
2460	26 
2461	30 
2462	62 
2463	94 
2464	90 
2465	74 
2466	94 
2467	30 
2468	29 
2469	64 
2470	7 
2471	20 
2472	64 
2473	67 
2474	57 
2475	53 
2476	86 
2477	88 
2478	62 
2479	9 
2480	92 
2481	101 
2482	59 
2483	41 
2484	32 
2485	51 
2486	97 
2487	91 
2488	82 
2489	32 
2490	83 
2491	1 
2492	84 
2493	47 
2494	56 
2495	83 
2496	52 
2497	73 
2498	8 
2499	3 
2500	37 
2501	6 
2502	17 
2503	94 
2504	21 
2505	26 
2506	53 
2507	98 
2508	80 
2509	71 
2510	28 
2511	9 
2512	67 
2513	10 
2514	48 
2515	12 
2516	52 
2517	31 
2518	42 
2519	43 
2520	64 
2521	52 
2522	40 
2523	80 
2524	89 
2525	67 
2526	98 
2527	51 
2528	68 
2529	28 
2530	26 
2531	101 
2532	42 
2533	48 
2534	18 
2535	21 
2536	67 
2537	44 
2538	28 
2539	39 
2540	53 
2541	35 
2542	50 
2543	81 
2544	39 
2545	65 
2546	70 
2547	87 
2548	86 
2549	4 
2550	52 
2551	52 
2552	22 
2553	82 
2554	26 
2555	47 
2556	11 
2557	18 
2558	12 
2559	79 
2560	77 
2561	4 
2562	60 
2563	51 
2564	2 
2565	83 
2566	48 
2567	18 
2568	35 
2569	54 
2570	42 
2571	50 
2572	20 
2573	49 
2574	64 
2575	49 
2576	99 
2577	49 
2578	49 
2579	84 
2580	24 
2581	74 
2582	88 
2583	69 
2584	16 
2585	44 
2586	44 
2587	35 
2588	50 
2589	96 
2590	53 
2591	50 
2592	94 
2593	63 
2594	42 
2595	48 
2596	71 
2597	60 
2598	35 
2599	44 
2600	64 
2601	38 
2602	76 
2603	81 
2604	74 
2605	17 
2606	97 
2607	88 
2608	10 
2609	54 
2610	18 
2611	13 
2612	76 
2613	94 
2614	55 
2615	24 
2616	16 
2617	89 
2618	92 
2619	95 
2620	62 
2621	11 
2622	31 
2623	89 
2624	60 
2625	5 
2626	2 
2627	1 
2628	18 
2629	97 
2630	78 
2631	44 
2632	35 
2633	68 
2634	13 
2635	25 
2636	62 
2637	13 
2638	4 
2639	17 
2640	23 
2641	41 
2642	85 
2643	18 
2644	19 
2645	66 
2646	28 
2647	53 
2648	62 
2649	7 
2650	27 
2651	1 
2652	28 
2653	21 
2654	3 
2655	72 
2656	28 
2657	51 
2658	84 
2659	20 
2660	26 
2661	30 
2662	80 
2663	21 
2664	86 
2665	25 
2666	78 
2667	21 
2668	79 
2669	24 
2670	94 
2671	3 
2672	22 
2673	62 
2674	65 
2675	68 
2676	46 
2677	52 
2678	76 
2679	69 
2680	83 
2681	90 
2682	99 
2683	100 
2684	30 
2685	30 
2686	44 
2687	40 
2688	52 
2689	52 
2690	19 
2691	40 
2692	21 
2693	10 
2694	93 
2695	83 
2696	29 
2697	92 
2698	42 
2699	65 
2700	55 
2701	65 
2702	28 
2703	39 
2704	27 
2705	59 
2706	80 
2707	64 
2708	87 
2709	15 
2710	12 
2711	59 
2712	93 
2713	51 
2714	53 
2715	86 
2716	52 
2717	74 
2718	44 
2719	60 
2720	12 
2721	56 
2722	18 
2723	6 
2724	62 
2725	35 
2726	95 
2727	51 
2728	99 
2729	33 
2730	74 
2731	63 
2732	62 
2733	57 
2734	65 
2735	91 
2736	11 
2737	62 
2738	20 
2739	100 
2740	80 
2741	79 
2742	64 
2743	94 
2744	95 
2745	65 
2746	98 
2747	43 
2748	83 
2749	61 
2750	80 
2751	34 
2752	2 
2753	75 
2754	68 
2755	31 
2756	48 
2757	86 
2758	82 
2759	57 
2760	63 
2761	77 
2762	12 
2763	32 
2764	58 
2765	82 
2766	10 
2767	78 
2768	42 
2769	68 
2770	87 
2771	31 
2772	4 
2773	41 
2774	86 
2775	98 
2776	37 
2777	10 
2778	28 
2779	28 
2780	49 
2781	80 
2782	9 
2783	89 
2784	98 
2785	57 
2786	52 
2787	11 
2788	47 
2789	82 
2790	99 
2791	22 
2792	80 
2793	82 
2794	12 
2795	2 
2796	94 
2797	36 
2798	42 
2799	69 
2800	65 
2801	25 
2802	93 
2803	14 
2804	64 
2805	101 
2806	84 
2807	96 
2808	3 
2809	91 
2810	6 
2811	41 
2812	39 
2813	29 
2814	53 
2815	16 
2816	11 
2817	57 
2818	27 
2819	67 
2820	4 
2821	26 
2822	58 
2823	12 
2824	87 
2825	84 
2826	7 
2827	46 
2828	68 
2829	41 
2830	26 
2831	5 
2832	52 
2833	35 
2834	15 
2835	98 
2836	11 
2837	86 
2838	63 
2839	11 
2840	12 
2841	87 
2842	80 
2843	27 
2844	40 
2845	34 
2846	38 
2847	76 
2848	8 
2849	46 
2850	40 
2851	48 
2852	4 
2853	47 
2854	62 
2855	24 
2856	81 
2857	47 
2858	41 
2859	56 
2860	18 
2861	11 
2862	13 
2863	99 
2864	26 
2865	37 
2866	47 
2867	52 
2868	57 
2869	55 
2870	58 
2871	3 
2872	62 
2873	23 
2874	83 
2875	49 
2876	53 
2877	51 
2878	60 
2879	99 
2880	99 
2881	81 
2882	72 
2883	27 
2884	28 
2885	38 
2886	95 
2887	76 
2888	48 
2889	34 
2890	91 
2891	86 
2892	18 
2893	82 
2894	9 
2895	52 
2896	56 
2897	40 
2898	76 
2899	62 
2900	85 
2901	56 
2902	82 
2903	23 
2904	43 
2905	27 
2906	33 
2907	14 
2908	56 
2909	94 
2910	31 
2911	31 
2912	101 
2913	99 
2914	88 
2915	78 
2916	97 
2917	72 
2918	42 
2919	30 
2920	2 
2921	37 
2922	15 
2923	72 
2924	94 
2925	99 
2926	22 
2927	21 
2928	20 
2929	42 
2930	31 
2931	68 
2932	86 
2933	80 
2934	99 
2935	38 
2936	53 
2937	99 
2938	101 
2939	47 
2940	93 
2941	4 
2942	38 
2943	81 
2944	10 
2945	20 
2946	93 
2947	62 
2948	2 
2949	76 
2950	51 
2951	63 
2952	32 
2953	77 
2954	58 
2955	70 
2956	14 
2957	4 
2958	14 
2959	71 
2960	62 
2961	11 
2962	34 
2963	7 
2964	98 
2965	90 
2966	1 
2967	8 
2968	60 
2969	84 
2970	76 
2971	43 
2972	62 
2973	84 
2974	19 
2975	62 
2976	47 
2977	74 
2978	86 
2979	1 
2980	57 
2981	51 
2982	40 
2983	73 
2984	39 
2985	46 
2986	21 
2987	86 
2988	48 
2989	17 
2990	48 
2991	58 
2992	95 
2993	48 
2994	34 
2995	100 
2996	6 
2997	27 
2998	19 
2999	35 
3000	17 
3001	1 
3002	5 
3003	41 
3004	28 
3005	58 
3006	18 
3007	19 
3008	55 
3009	48 
3010	97 
3011	100 
3012	99 
3013	4 
3014	12 
3015	49 
3016	21 
3017	64 
3018	93 
3019	99 
3020	86 
3021	99 
3022	84 
3023	38 
3024	86 
3025	24 
3026	25 
3027	76 
3028	32 
3029	10 
3030	99 
3031	71 
3032	52 
3033	85 
3034	83 
3035	68 
3036	84 
3037	1 
3038	6 
3039	6 
3040	46 
3041	92 
3042	39 
3043	15 
3044	62 
3045	1 
3046	4 
3047	88 
3048	99 
3049	10 
3050	51 
3051	87 
3052	47 
3053	82 
3054	91 
3055	66 
3056	11 
3057	28 
3058	73 
3059	30 
3060	84 
3061	46 
3062	38 
3063	73 
3064	83 
3065	82 
3066	83 
3067	90 
3068	6 
3069	39 
3070	10 
3071	3 
3072	69 
3073	62 
3074	6 
3075	51 
3076	62 
3077	48 
3078	12 
3079	84 
3080	23 
3081	94 
3082	50 
3083	84 
3084	67 
3085	65 
3086	65 
3087	45 
3088	92 
3089	93 
3090	67 
3091	28 
3092	21 
3093	18 
3094	78 
3095	84 
3096	6 
3097	84 
3098	12 
3099	24 
3100	35 
3101	76 
3102	16 
3103	67 
3104	66 
3105	42 
3106	52 
3107	96 
3108	42 
3109	52 
3110	56 
3111	81 
3112	85 
3113	73 
3114	13 
3115	48 
3116	100 
3117	6 
3118	44 
3119	31 
3120	64 
3121	28 
3122	63 
3123	44 
3124	94 
3125	86 
3126	30 
3127	92 
3128	20 
3129	8 
3130	52 
3131	45 
3132	10 
3133	84 
3134	66 
3135	27 
3136	76 
3137	17 
3138	82 
3139	42 
3140	4 
3141	51 
3142	71 
3143	23 
3144	15 
3145	99 
3146	1 
3147	8 
3148	80 
3149	52 
3150	93 
3151	96 
3152	66 
3153	12 
3154	9 
3155	65 
3156	20 
3157	30 
3158	73 
3159	39 
3160	21 
3161	85 
3162	14 
3163	49 
3164	65 
3165	59 
3166	14 
3167	98 
3168	24 
3169	83 
3170	44 
3171	99 
3172	40 
3173	46 
3174	29 
3175	31 
3176	91 
3177	11 
3178	6 
3179	7 
3180	84 
3181	18 
3182	72 
3183	21 
3184	39 
3185	59 
3186	30 
3187	32 
3188	9 
3189	7 
3190	99 
3191	81 
3192	40 
3193	15 
3194	62 
3195	77 
3196	77 
3197	26 
3198	98 
3199	102 
3200	86 
3201	99 
3202	36 
3203	79 
3204	41 
3205	35 
3206	21 
3207	83 
3208	35 
3209	12 
3210	94 
3211	90 
3212	86 
3213	60 
3214	54 
3215	21 
3216	76 
3217	18 
3218	81 
3219	48 
3220	5 
3221	20 
3222	15 
3223	62 
3224	68 
3225	18 
3226	97 
3227	74 
3228	64 
3229	3 
3230	36 
3231	61 
3232	67 
3233	18 
3234	22 
3235	26 
3236	59 
3237	37 
3238	11 
3239	20 
3240	64 
3241	4 
3242	57 
3243	73 
3244	31 
3245	9 
3246	76 
3247	99 
3248	94 
3249	38 
3250	51 
3251	94 
3252	91 
3253	102 
3254	53 
3255	24 
3256	34 
3257	84 
3258	11 
3259	13 
3260	6 
3261	99 
3262	12 
3263	100 
3264	25 
3265	11 
3266	51 
3267	27 
3268	48 
3269	63 
3270	76 
3271	47 
3272	56 
3273	53 
3274	84 
3275	85 
3276	74 
3277	101 
3278	81 
3279	82 
3280	18 
3281	65 
3282	79 
3283	48 
3284	45 
3285	85 
3286	35 
3287	62 
3288	97 
3289	20 
3290	18 
3291	62 
3292	64 
3293	3 
3294	84 
3295	31 
3296	12 
3297	6 
3298	40 
3299	30 
3300	83 
3301	21 
3302	13 
3303	29 
3304	21 
3305	61 
3306	39 
3307	94 
3308	82 
3309	28 
3310	93 
3311	51 
3312	61 
3313	11 
3314	6 
3315	83 
3316	76 
3317	52 
3318	49 
3319	54 
3320	47 
3321	77 
3322	64 
3323	29 
3324	63 
3325	35 
3326	75 
3327	2 
3328	86 
3329	26 
3330	4 
3331	30 
3332	98 
3333	4 
3334	11 
3335	24 
3336	88 
3337	99 
3338	63 
3339	41 
3340	93 
3341	65 
3342	11 
3343	71 
3344	7 
3345	12 
3346	56 
3347	52 
3348	21 
3349	12 
3350	12 
3351	35 
3352	65 
3353	81 
3354	88 
3355	6 
3356	65 
3357	71 
3358	94 
3359	45 
3360	86 
3361	83 
3362	17 
3363	75 
3364	46 
3365	17 
3366	61 
3367	85 
3368	47 
3369	70 
3370	39 
3371	39 
3372	28 
3373	99 
3374	59 
3375	42 
3376	21 
3377	95 
3378	31 
3379	91 
3380	28 
3381	30 
3382	12 
3383	68 
3384	99 
3385	15 
3386	39 
3387	28 
3388	16 
3389	44 
3390	38 
3391	98 
3392	4 
3393	13 
3394	68 
3395	62 
3396	36 
3397	82 
3398	62 
3399	29 
3400	70 
3401	75 
3402	82 
3403	9 
3404	6 
3405	44 
3406	99 
3407	85 
3408	35 
3409	75 
3410	52 
3411	81 
3412	29 
3413	15 
3414	6 
3415	95 
3416	82 
3417	25 
3418	93 
3419	4 
3420	51 
3421	81 
3422	22 
3423	76 
3424	93 
3425	23 
3426	77 
3427	95 
3428	60 
3429	24 
3430	99 
3431	53 
3432	1 
3433	65 
3434	98 
3435	99 
3436	40 
3437	81 
3438	40 
3439	39 
3440	20 
3441	83 
3442	40 
3443	16 
3444	62 
3445	72 
3446	68 
3447	6 
3448	91 
3449	59 
3450	16 
3451	30 
3452	68 
3453	100 
3454	7 
3455	64 
3456	67 
3457	10 
3458	99 
3459	99 
3460	12 
3461	6 
3462	12 
3463	99 
3464	41 
3465	85 
3466	87 
3467	51 
3468	51 
3469	50 
3470	28 
3471	20 
3472	16 
3473	53 
3474	94 
3475	98 
3476	10 
3477	20 
3478	73 
3479	83 
3480	74 
3481	17 
3482	91 
3483	68 
3484	60 
3485	39 
3486	68 
3487	83 
3488	39 
3489	67 
3490	90 
3491	83 
3492	44 
3493	51 
3494	74 
3495	13 
3496	52 
3497	12 
3498	85 
3499	24 
3500	66 
3501	54 
3502	63 
3503	68 
3504	8 
3505	48 
3506	53 
3507	56 
3508	95 
3509	21 
3510	68 
3511	84 
3512	17 
3513	49 
3514	90 
3515	82 
3516	21 
3517	26 
3518	18 
3519	25 
3520	76 
3521	20 
3522	78 
3523	1 
3524	84 
3525	41 
3526	9 
3527	94 
3528	80 
3529	60 
3530	94 
3531	64 
3532	36 
3533	49 
3534	57 
3535	74 
3536	33 
3537	6 
3538	1 
3539	52 
3540	84 
3541	99 
3542	91 
3543	66 
3544	96 
3545	68 
3546	62 
3547	93 
3548	64 
3549	71 
3550	35 
3551	57 
3552	27 
3553	24 
3554	94 
3555	94 
3556	58 
3557	51 
3558	69 
3559	95 
3560	93 
3561	101 
3562	40 
3563	94 
3564	41 
3565	93 
3566	3 
3567	39 
3568	84 
3569	1 
3570	86 
3571	76 
3572	75 
3573	59 
3574	35 
3575	33 
3576	53 
3577	32 
3578	32 
3579	82 
3580	73 
3581	94 
3582	54 
3583	10 
3584	27 
3585	52 
3586	61 
3587	57 
3588	54 
3589	53 
3590	46 
3591	20 
3592	31 
3593	41 
3594	101 
3595	40 
3596	85 
3597	17 
3598	92 
3599	90 
3600	32 
3601	13 
3602	31 
3603	28 
3604	4 
3605	74 
3606	47 
3607	3 
3608	44 
3609	36 
3610	91 
3611	94 
3612	17 
3613	48 
3614	76 
3615	92 
3616	93 
3617	63 
3618	76 
3619	68 
3620	15 
3621	4 
3622	36 
3623	22 
3624	91 
3625	60 
3626	85 
3627	20 
3628	88 
3629	62 
3630	94 
3631	99 
3632	47 
3633	100 
3634	17 
3635	47 
3636	19 
3637	83 
3638	47 
3639	24 
3640	81 
3641	94 
3642	33 
3643	83 
3644	39 
3645	12 
3646	16 
3647	20 
3648	40 
3649	94 
3650	61 
3651	93 
3652	10 
3653	67 
3654	32 
3655	98 
3656	32 
3657	10 
3658	51 
3659	62 
3660	4 
3661	49 
3662	102 
3663	60 
3664	81 
3665	33 
3666	82 
3667	22 
3668	62 
3669	60 
3670	9 
3671	87 
3672	4 
3673	81 
3674	38 
3675	32 
3676	88 
3677	46 
3678	27 
3679	86 
3680	58 
3681	39 
3682	11 
3683	83 
3684	86 
3685	59 
3686	76 
3687	31 
3688	14 
3689	44 
3690	62 
3691	13 
3692	93 
3693	27 
3694	84 
3695	58 
3696	23 
3697	62 
3698	10 
3699	42 
3700	92 
3701	20 
3702	69 
3703	40 
3704	81 
3705	28 
3706	54 
3707	74 
3708	63 
3709	3 
3710	10 
3711	13 
3712	51 
3713	12 
3714	4 
3715	6 
3716	84 
3717	30 
3718	65 
3719	12 
3720	58 
3721	6 
3722	34 
3723	24 
3724	70 
3725	99 
3726	84 
3727	86 
3728	54 
3729	45 
3730	18 
3731	13 
3732	73 
3733	21 
3734	17 
3735	41 
3736	45 
3737	66 
3738	49 
3739	48 
3740	10 
3741	58 
3742	74 
3743	68 
3744	94 
3745	16 
3746	56 
3747	85 
3748	57 
3749	11 
3750	28 
3751	1 
3752	34 
3753	35 
3754	39 
3755	12 
3756	40 
3757	41 
3758	72 
3759	69 
3760	95 
3761	89 
3762	13 
3763	51 
3764	54 
3765	21 
3766	80 
3767	40 
3768	65 
3769	69 
3770	21 
3771	24 
3772	78 
3773	10 
3774	5 
3775	67 
3776	40 
3777	65 
3778	84 
3779	31 
3780	66 
3781	73 
3782	22 
3783	19 
3784	75 
3785	30 
3786	6 
3787	90 
3788	3 
3789	58 
3790	74 
3791	14 
3792	77 
3793	68 
3794	40 
3795	98 
3796	93 
3797	28 
3798	9 
3799	1 
3800	85 
3801	30 
3802	43 
3803	21 
3804	70 
3805	6 
3806	86 
3807	47 
3808	30 
3809	23 
3810	47 
3811	9 
3812	27 
3813	56 
3814	57 
3815	68 
3816	50 
3817	31 
3818	35 
3819	56 
3820	71 
3821	8 
3822	83 
3823	78 
3824	21 
3825	50 
3826	41 
3827	57 
3828	85 
3829	53 
3830	3 
3831	53 
3832	3 
3833	97 
3834	10 
3835	92 
3836	46 
3837	81 
3838	37 
3839	38 
3840	18 
3841	20 
3842	82 
3843	81 
3844	35 
3845	52 
3846	76 
3847	35 
3848	16 
3849	98 
3850	23 
3851	32 
3852	83 
3853	47 
3854	87 
3855	43 
3856	51 
3857	71 
3858	60 
3859	42 
3860	91 
3861	64 
3862	42 
3863	38 
3864	69 
3865	40 
3866	52 
3867	86 
3868	47 
3869	20 
3870	35 
3871	92 
3872	84 
3873	90 
3874	60 
3875	60 
3876	48 
3877	67 
3878	8 
3879	47 
3880	65 
3881	48 
3882	65 
3883	47 
3884	59 
3885	40 
3886	99 
3887	48 
3888	18 
3889	42 
3890	94 
3891	73 
3892	73 
3893	67 
3894	96 
3895	15 
3896	62 
3897	27 
3898	63 
3899	52 
3900	84 
3901	23 
3902	3 
3903	84 
3904	85 
3905	44 
3906	19 
3907	81 
3908	53 
3909	49 
3910	33 
3911	38 
3912	94 
3913	99 
3914	62 
3915	46 
3916	50 
3917	87 
3918	8 
3919	20 
3920	14 
3921	86 
3922	85 
3923	67 
3924	12 
3925	20 
3926	102 
3927	41 
3928	99 
3929	29 
3930	32 
3931	31 
3932	74 
3933	57 
3934	89 
3935	34 
3936	95 
3937	43 
3938	86 
3939	51 
3940	86 
3941	35 
3942	72 
3943	60 
3944	16 
3945	73 
3946	20 
3947	99 
3948	20 
3949	50 
3950	64 
3951	91 
3952	18 
3953	54 
3954	23 
3955	42 
3956	17 
3957	84 
3958	40 
3959	4 
3960	93 
3961	32 
3962	6 
3963	42 
3964	38 
3965	84 
3966	51 
3967	76 
3968	94 
3969	66 
3970	11 
3971	12 
3972	75 
3973	71 
3974	102 
3975	53 
3976	84 
3977	40 
3978	2 
3979	98 
3980	100 
3981	36 
3982	53 
3983	52 
3984	77 
3985	42 
3986	44 
3987	94 
3988	20 
3989	64 
3990	20 
3991	93 
3992	78 
3993	79 
3994	68 
3995	74 
3996	82 
3997	65 
3998	101 
3999	20 
4000	67 
4001	73 
4002	10 
4003	2 
4004	27 
4005	23 
4006	80 
4007	58 
4008	65 
4009	40 
4010	65 
4011	51 
4012	65 
4013	21 
4014	28 
4015	86 
4016	82 
4017	1 
4018	32 
4019	36 
4020	4 
4021	64 
4022	17 
4023	63 
4024	35 
4025	48 
4026	81 
4027	32 
4028	70 
4029	76 
4030	99 
4031	99 
4032	6 
4033	81 
4034	91 
4035	44 
4036	84 
4037	65 
4038	17 
4039	20 
4040	62 
4041	89 
4042	7 
4043	23 
4044	2 
4045	24 
4046	92 
4047	68 
4048	18 
4049	58 
4050	97 
4051	76 
4052	52 
4053	17 
4054	18 
4055	67 
4056	27 
4057	99 
4058	51 
4059	75 
4060	51 
4061	54 
4062	44 
4063	64 
4064	86 
4065	97 
4066	73 
4067	10 
4068	78 
4069	4 
4070	81 
4071	44 
4072	16 
4073	20 
4074	8 
4075	18 
4076	15 
4077	22 
4078	31 
4079	74 
4080	62 
4081	33 
4082	30 
4083	72 
4084	48 
4085	12 
4086	73 
4087	58 
4088	97 
4089	80 
4090	31 
4091	12 
4092	27 
4093	51 
4094	84 
4095	40 
4096	44 
4097	54 
4098	85 
4099	70 
4100	46 
4101	63 
4102	3 
4103	28 
4104	62 
4105	60 
4106	5 
4107	10 
4108	19 
4109	40 
4110	94 
4111	68 
4112	56 
4113	54 
4114	55 
4115	65 
4116	43 
4117	37 
4118	81 
4119	97 
4120	35 
4121	90 
4122	91 
4123	88 
4124	7 
4125	44 
4126	85 
4127	68 
4128	42 
4129	31 
4130	10 
4131	87 
4132	25 
4133	57 
4134	21 
4135	54 
4136	72 
4137	95 
4138	49 
4139	44 
4140	68 
4141	72 
4142	40 
4143	66 
4144	95 
4145	81 
4146	44 
4147	87 
4148	63 
4149	44 
4150	86 
4151	81 
4152	99 
4153	40 
4154	81 
4155	42 
4156	55 
4157	54 
4158	60 
4159	50 
4160	13 
4161	83 
4162	85 
4163	84 
4164	6 
4165	9 
4166	17 
4167	4 
4168	21 
4169	86 
4170	89 
4171	33 
4172	73 
4173	94 
4174	81 
4175	76 
4176	37 
4177	86 
4178	40 
4179	12 
4180	34 
4181	14 
4182	52 
4183	65 
4184	97 
4185	41 
4186	70 
4187	88 
4188	100 
4189	5 
4190	64 
4191	59 
4192	62 
4193	20 
4194	35 
4195	48 
4196	34 
4197	89 
4198	86 
4199	21 
4200	56 
4201	54 
4202	65 
4203	11 
4204	53 
4205	84 
4206	4 
4207	40 
4208	95 
4209	81 
4210	12 
4211	41 
4212	14 
4213	90 
4214	3 
4215	10 
4216	66 
4217	31 
4218	76 
4219	48 
4220	76 
4221	3 
4222	4 
4223	94 
4224	101 
4225	73 
4226	101 
4227	60 
4228	94 
4229	60 
4230	83 
4231	44 
4232	16 
4233	87 
4234	13 
4235	49 
4236	38 
4237	93 
4238	64 
4239	82 
4240	54 
4241	91 
4242	48 
4243	83 
4244	16 
4245	85 
4246	71 
4247	18 
4248	24 
4249	95 
4250	96 
4251	97 
4252	68 
4253	27 
4254	93 
4255	20 
4256	81 
4257	60 
4258	98 
4259	18 
4260	42 
4261	40 
4262	18 
4263	12 
4264	82 
4265	37 
4266	7 
4267	92 
4268	40 
4269	52 
4270	48 
4271	89 
4272	53 
4273	64 
4274	85 
4275	57 
4276	94 
4277	64 
4278	12 
4279	74 
4280	12 
4281	40 
4282	18 
4283	86 
4284	46 
4285	14 
4286	68 
4287	70 
4288	79 
4289	91 
4290	68 
4291	93 
4292	20 
4293	8 
4294	101 
4295	47 
4296	57 
4297	40 
4298	24 
4299	102 
4300	40 
4301	26 
4302	2 
4303	19 
4304	73 
4305	57 
4306	39 
4307	73 
4308	3 
4309	81 
4310	9 
4311	47 
4312	42 
4313	40 
4314	24 
4315	44 
4316	48 
4317	33 
4318	67 
4319	3 
4320	14 
4321	24 
4322	34 
4323	6 
4324	36 
4325	11 
4326	35 
4327	28 
4328	14 
4329	65 
4330	64 
4331	100 
4332	46 
4333	98 
4334	6 
4335	44 
4336	63 
4337	29 
4338	99 
4339	74 
4340	82 
4341	2 
4342	76 
4343	19 
4344	54 
4345	71 
4346	17 
4347	71 
4348	2 
4349	4 
4350	78 
4351	4 
4352	84 
4353	20 
4354	95 
4355	26 
4356	47 
4357	73 
4358	58 
4359	3 
4360	40 
4361	92 
4362	6 
4363	22 
4364	46 
4365	41 
4366	3 
4367	42 
4368	3 
4369	89 
4370	21 
4371	34 
4372	33 
4373	67 
4374	101 
4375	42 
4376	64 
4377	99 
4378	21 
4379	44 
4380	6 
4381	47 
4382	6 
4383	101 
4384	39 
4385	65 
4386	1 
4387	76 
4388	39 
4389	64 
4390	4 
4391	90 
4392	35 
4393	47 
4394	99 
4395	27 
4396	43 
4397	81 
4398	66 
4399	51 
4400	85 
4401	5 
4402	64 
4403	72 
4404	98 
4405	95 
4406	72 
4407	10 
4408	82 
4409	74 
4410	3 
4411	44 
4412	42 
4413	74 
4414	2 
4415	72 
4416	87 
4417	32 
4418	51 
4419	33 
4420	51 
4421	47 
4422	25 
4423	94 
4424	52 
4425	11 
4426	15 
4427	21 
4428	54 
4429	56 
4430	99 
4431	4 
4432	92 
4433	60 
4434	48 
4435	21 
4436	64 
4437	28 
4438	35 
4439	40 
4440	31 
4441	39 
4442	38 
4443	78 
4444	47 
4445	12 
4446	10 
4447	60 
4448	87 
4449	34 
4450	68 
4451	82 
4452	101 
4453	100 
4454	12 
4455	20 
4456	58 
4457	85 
4458	12 
4459	64 
4460	87 
4461	85 
4462	89 
4463	12 
4464	37 
4465	94 
4466	6 
4467	37 
4468	65 
4469	28 
4470	83 
4471	52 
4472	59 
4473	41 
4474	31 
4475	57 
4476	94 
4477	11 
4478	3 
4479	10 
4480	42 
4481	90 
4482	65 
4483	97 
4484	48 
4485	42 
4486	66 
4487	13 
4488	59 
4489	20 
4490	60 
4491	60 
4492	65 
4493	51 
4494	44 
4495	90 
4496	65 
4497	33 
4498	9 
4499	44 
4500	20 
4501	27 
4502	81 
4503	21 
4504	21 
4505	87 
4506	60 
4507	68 
4508	10 
4509	66 
4510	13 
4511	95 
4512	90 
4513	41 
4514	31 
4515	94 
4516	64 
4517	40 
4518	28 
4519	10 
4520	37 
4521	48 
4522	35 
4523	10 
4524	51 
4525	67 
4526	65 
4527	44 
4528	40 
4529	95 
4530	82 
4531	65 
4532	35 
4533	76 
4534	6 
4535	16 
4536	58 
4537	43 
4538	70 
4539	58 
4540	32 
4541	25 
4542	16 
4543	88 
4544	81 
4545	92 
4546	69 
4547	81 
4548	82 
4549	27 
4550	17 
4551	53 
4552	66 
4553	74 
4554	73 
4555	84 
4556	68 
4557	9 
4558	76 
4559	13 
4560	40 
4561	21 
4562	57 
4563	10 
4564	95 
4565	32 
4566	39 
4567	74 
4568	85 
4569	98 
4570	27 
4571	12 
4572	73 
4573	68 
4574	46 
4575	58 
4576	30 
4577	33 
4578	93 
4579	66 
4580	65 
4581	99 
4582	18 
4583	80 
4584	51 
4585	57 
4586	78 
4587	63 
4588	41 
4589	40 
4590	82 
4591	67 
4592	65 
4593	62 
4594	11 
4595	98 
4596	78 
4597	34 
4598	67 
4599	14 
4600	41 
4601	65 
4602	87 
4603	40 
4604	48 
4605	6 
4606	64 
4607	20 
4608	13 
4609	76 
4610	92 
4611	13 
4612	52 
4613	33 
4614	65 
4615	12 
4616	44 
4617	64 
4618	11 
4619	42 
4620	73 
4621	21 
4622	90 
4623	94 
4624	11 
4625	98 
4626	49 
4627	51 
4628	12 
4629	91 
4630	58 
4631	27 
4632	11 
4633	15 
4634	99 
4635	42 
4636	82 
4637	31 
4638	11 
4639	54 
4640	48 
4641	11 
4642	37 
4643	44 
4644	42 
4645	1 
4646	16 
4647	67 
4648	54 
4649	32 
4650	6 
4651	73 
4652	94 
4653	16 
4654	101 
4655	54 
4656	20 
4657	9 
4658	81 
4659	85 
4660	60 
4661	67 
4662	73 
4663	69 
4664	60 
4665	39 
4666	83 
4667	42 
4668	53 
4669	30 
4670	88 
4671	16 
4672	33 
4673	101 
4674	31 
4675	16 
4676	69 
4677	63 
4678	40 
4679	64 
4680	82 
4681	13 
4682	48 
4683	10 
4684	64 
4685	85 
4686	19 
4687	88 
4688	68 
4689	24 
4690	3 
4691	54 
4692	15 
4693	69 
4694	34 
4695	24 
4696	24 
4697	60 
4698	53 
4699	67 
4700	10 
4701	33 
4702	52 
4703	92 
4704	21 
4705	101 
4706	94 
4707	24 
4708	31 
4709	28 
4710	60 
4711	97 
4712	48 
4713	16 
4714	18 
4715	42 
4716	94 
4717	95 
4718	32 
4719	101 
4720	48 
4721	52 
4722	82 
4723	101 
4724	87 
4725	81 
4726	67 
4727	44 
4728	73 
4729	86 
4730	82 
4731	12 
4732	91 
4733	74 
4734	17 
4735	17 
4736	94 
4737	28 
4738	57 
4739	51 
4740	20 
4741	41 
4742	84 
4743	99 
4744	51 
4745	18 
4746	90 
4747	49 
4748	4 
4749	48 
4750	62 
4751	18 
4752	84 
4753	65 
4754	44 
4755	30 
4756	73 
4757	62 
4758	9 
4759	84 
4760	47 
4761	81 
4762	94 
4763	10 
4764	51 
4765	17 
4766	92 
4767	98 
4768	81 
4769	64 
4770	63 
4771	95 
4772	76 
4773	97 
4774	20 
4775	39 
4776	16 
4777	65 
4778	67 
4779	91 
4780	9 
4781	16 
4782	51 
4783	83 
4784	48 
4785	53 
4786	60 
4787	28 
4788	76 
4789	90 
4790	34 
4791	93 
4792	68 
4793	87 
4794	101 
4795	94 
4796	84 
4797	73 
4798	99 
4799	48 
4800	56 
4801	39 
4802	17 
4803	16 
4804	33 
4805	11 
4806	35 
4807	32 
4808	12 
4809	47 
4810	10 
4811	33 
4812	13 
4813	21 
4814	12 
4815	60 
4816	74 
4817	81 
4818	34 
4819	91 
4820	40 
4821	32 
4822	44 
4823	59 
4824	95 
4825	94 
4826	10 
4827	47 
4828	63 
4829	53 
4830	3 
4831	40 
4832	35 
4833	99 
4834	54 
4835	52 
4836	28 
4837	32 
4838	6 
4839	47 
4840	16 
4841	66 
4842	35 
4843	68 
4844	65 
4845	18 
4846	51 
4847	44 
4848	11 
4849	81 
4850	48 
4851	98 
4852	47 
4853	51 
4854	47 
4855	82 
4856	40 
4857	17 
4858	33 
4859	62 
4860	17 
4861	10 
4862	20 
4863	66 
4864	86 
4865	35 
4866	40 
4867	21 
4868	20 
4869	18 
4870	10 
4871	54 
4872	32 
4873	60 
4874	10 
4875	98 
4876	13 
4877	24 
4878	59 
4879	86 
4880	10 
4881	6 
4882	85 
4883	17 
4884	6 
4885	6 
4886	40 
4887	52 
4888	15 
4889	56 
4890	27 
4891	60 
4892	52 
4893	21 
4894	13 
4895	93 
4896	83 
4897	68 
4898	41 
4899	1 
4900	65 
4901	93 
4902	94 
4903	42 
4904	27 
4905	40 
4906	53 
4907	64 
4908	60 
4909	6 
4910	64 
4911	11 
4912	94 
4913	39 
4914	74 
4915	40 
4916	52 
4917	10 
4918	12 
4919	98 
4920	58 
4921	33 
4922	56 
4923	99 
4924	62 
4925	38 
4926	39 
4927	53 
4928	48 
4929	95 
4930	83 
4931	94 
4932	81 
4933	65 
4934	41 
4935	98 
4936	73 
4937	81 
4938	81 
4939	85 
4940	86 
4941	82 
4942	86 
4943	94 
4944	73 
4945	4 
4946	76 
4947	39 
4948	81 
4949	64 
4950	92 
4951	51 
4952	12 
4953	51 
4954	63 
4955	21 
4956	41 
4957	94 
4958	6 
4959	31 
4960	64 
4961	93 
4962	81 
4963	67 
4964	81 
4965	94 
4966	1 
4967	60 
4968	39 
4969	76 
4970	10 
4971	99 
4972	74 
4973	98 
4974	20 
4975	81 
4976	48 
4977	30 
4978	40 
4979	6 
4980	17 
4981	48 
4982	48 
4983	57 
4984	64 
4985	63 
4986	30 
4987	18 
4988	81 
4989	60 
4990	93 
4991	73 
4992	12 
4993	64 
4994	99 
4995	64 
4996	94 
4997	24 
4998	28 
4999	48 
5000	48 
