1	1 
2	15 
3	41 
4	44 
5	60 
6	93 
7	74 
8	7 
9	4 
10	14 
11	52 
12	57 
13	2 
14	69 
15	87 
16	32 
17	27 
18	85 
19	69 
20	75 
21	5 
22	18 
23	12 
24	84 
25	63 
26	20 
27	49 
28	18 
29	80 
30	57 
31	68 
32	71 
33	91 
34	62 
35	22 
36	86 
37	14 
38	45 
39	74 
40	25 
41	74 
42	43 
43	30 
44	3 
45	2 
46	32 
47	79 
48	33 
49	60 
50	31 
51	39 
52	23 
53	1 
54	49 
55	7 
56	39 
57	18 
58	1 
59	74 
60	31 
61	74 
62	11 
63	27 
64	25 
65	14 
66	98 
67	68 
68	51 
69	85 
70	16 
71	77 
72	26 
73	5 
74	39 
75	43 
76	48 
77	6 
78	95 
79	63 
80	96 
81	60 
82	47 
83	10 
84	42 
85	37 
86	15 
87	9 
88	45 
89	27 
90	63 
91	28 
92	57 
93	48 
94	17 
95	75 
96	34 
97	41 
98	42 
99	29 
100	55 
101	58 
102	80 
103	31 
104	21 
105	26 
106	7 
107	18 
108	22 
109	7 
110	83 
111	45 
112	88 
113	96 
114	55 
115	21 
116	88 
117	23 
118	13 
119	74 
120	16 
121	55 
122	30 
123	95 
124	18 
125	34 
126	30 
127	46 
128	55 
129	74 
130	93 
131	1 
132	67 
133	23 
134	56 
135	91 
136	75 
137	42 
138	33 
139	93 
140	88 
141	76 
142	22 
143	84 
144	56 
145	82 
146	10 
147	13 
148	50 
149	14 
150	26 
151	41 
152	7 
153	36 
154	4 
155	61 
156	2 
157	25 
158	93 
159	45 
160	76 
161	50 
162	18 
163	36 
164	53 
165	83 
166	49 
167	15 
168	82 
169	4 
170	46 
171	79 
172	84 
173	91 
174	76 
175	44 
176	74 
177	5 
178	92 
179	2 
180	96 
181	36 
182	47 
183	38 
184	20 
185	46 
186	58 
187	49 
188	61 
189	46 
190	81 
191	82 
192	31 
193	13 
194	72 
195	7 
196	90 
197	3 
198	6 
199	59 
200	92 
201	71 
202	65 
203	93 
204	19 
205	87 
206	7 
207	46 
208	89 
209	86 
210	59 
211	60 
212	87 
213	60 
214	23 
215	9 
216	72 
217	43 
218	99 
219	92 
220	11 
221	73 
222	84 
223	92 
224	77 
225	17 
226	55 
227	82 
228	56 
229	93 
230	21 
231	4 
232	99 
233	83 
234	30 
235	10 
236	4 
237	33 
238	48 
239	50 
240	88 
241	10 
242	18 
243	78 
244	61 
245	63 
246	4 
247	35 
248	17 
249	51 
250	5 
251	5 
252	35 
253	34 
254	43 
255	76 
256	75 
257	4 
258	86 
259	33 
260	37 
261	17 
262	86 
263	97 
264	3 
265	56 
266	90 
267	38 
268	84 
269	10 
270	43 
271	45 
272	59 
273	57 
274	82 
275	36 
276	48 
277	18 
278	33 
279	3 
280	14 
281	63 
282	32 
283	56 
284	87 
285	27 
286	67 
287	78 
288	10 
289	80 
290	24 
291	69 
292	78 
293	34 
294	93 
295	77 
296	75 
297	10 
298	46 
299	53 
300	79 
301	51 
302	82 
303	96 
304	25 
305	64 
306	7 
307	29 
308	53 
309	1 
310	67 
311	99 
312	60 
313	24 
314	18 
315	71 
316	18 
317	69 
318	4 
319	29 
320	26 
321	93 
322	8 
323	67 
324	32 
325	84 
326	2 
327	2 
328	52 
329	11 
330	82 
331	57 
332	92 
333	60 
334	76 
335	3 
336	9 
337	1 
338	7 
339	79 
340	44 
341	58 
342	74 
343	57 
344	47 
345	35 
346	82 
347	95 
348	1 
349	49 
350	97 
351	95 
352	3 
353	22 
354	33 
355	14 
356	76 
357	63 
358	57 
359	8 
360	5 
361	79 
362	94 
363	33 
364	50 
365	79 
366	31 
367	84 
368	70 
369	52 
370	39 
371	71 
372	71 
373	92 
374	7 
375	25 
376	95 
377	10 
378	13 
379	35 
380	15 
381	48 
382	52 
383	55 
384	37 
385	93 
386	26 
387	74 
388	88 
389	37 
390	54 
391	1 
392	74 
393	1 
394	81 
395	57 
396	61 
397	88 
398	50 
399	71 
400	63 
401	17 
402	81 
403	10 
404	76 
405	67 
406	2 
407	58 
408	86 
409	96 
410	97 
411	32 
412	79 
413	87 
414	36 
415	15 
416	7 
417	46 
418	34 
419	89 
420	1 
421	33 
422	30 
423	77 
424	36 
425	60 
426	86 
427	81 
428	34 
429	20 
430	77 
431	9 
432	38 
433	19 
434	49 
435	55 
436	31 
437	43 
438	8 
439	80 
440	18 
441	21 
442	45 
443	52 
444	93 
445	57 
446	27 
447	63 
448	35 
449	84 
450	43 
451	96 
452	86 
453	57 
454	23 
455	77 
456	73 
457	43 
458	31 
459	37 
460	9 
461	14 
462	86 
463	44 
464	48 
465	64 
466	36 
467	33 
468	88 
469	55 
470	4 
471	73 
472	71 
473	58 
474	96 
475	88 
476	18 
477	69 
478	29 
479	86 
480	66 
481	14 
482	63 
483	46 
484	63 
485	26 
486	46 
487	52 
488	98 
489	83 
490	8 
491	10 
492	5 
493	18 
494	82 
495	87 
496	84 
497	62 
498	35 
499	25 
500	43 
501	91 
502	7 
503	24 
504	92 
505	98 
506	39 
507	30 
508	3 
509	81 
510	97 
511	71 
512	90 
513	25 
514	24 
515	45 
516	25 
517	16 
518	88 
519	38 
520	60 
521	52 
522	54 
523	43 
524	41 
525	62 
526	57 
527	77 
528	42 
529	77 
530	37 
531	74 
532	91 
533	28 
534	4 
535	46 
536	13 
537	55 
538	49 
539	48 
540	77 
541	98 
542	73 
543	31 
544	75 
545	8 
546	23 
547	18 
548	78 
549	36 
550	97 
551	20 
552	56 
553	70 
554	71 
555	86 
556	14 
557	72 
558	61 
559	51 
560	95 
561	93 
562	67 
563	68 
564	26 
565	13 
566	80 
567	1 
568	10 
569	21 
570	50 
571	57 
572	7 
573	46 
574	44 
575	45 
576	41 
577	88 
578	82 
579	48 
580	86 
581	79 
582	93 
583	10 
584	49 
585	41 
586	63 
587	71 
588	61 
589	66 
590	19 
591	74 
592	86 
593	76 
594	17 
595	91 
596	69 
597	41 
598	46 
599	28 
600	4 
601	71 
602	95 
603	82 
604	6 
605	89 
606	82 
607	44 
608	39 
609	4 
610	1 
611	84 
612	56 
613	37 
614	84 
615	7 
616	33 
617	49 
618	46 
619	2 
620	69 
621	98 
622	90 
623	74 
624	64 
625	64 
626	24 
627	10 
628	66 
629	11 
630	36 
631	84 
632	28 
633	86 
634	83 
635	35 
636	47 
637	51 
638	32 
639	83 
640	61 
641	86 
642	28 
643	14 
644	25 
645	37 
646	19 
647	22 
648	87 
649	82 
650	93 
651	74 
652	27 
653	1 
654	14 
655	44 
656	7 
657	14 
658	41 
659	94 
660	14 
661	75 
662	63 
663	57 
664	11 
665	24 
666	77 
667	73 
668	73 
669	73 
670	87 
671	81 
672	85 
673	22 
674	45 
675	83 
676	43 
677	70 
678	70 
679	17 
680	89 
681	29 
682	87 
683	86 
684	80 
685	17 
686	89 
687	7 
688	7 
689	18 
690	41 
691	74 
692	31 
693	67 
694	17 
695	42 
696	18 
697	57 
698	47 
699	11 
700	55 
701	74 
702	69 
703	33 
704	18 
705	67 
706	59 
707	5 
708	76 
709	28 
710	99 
711	41 
712	15 
713	79 
714	74 
715	61 
716	14 
717	79 
718	84 
719	80 
720	32 
721	53 
722	62 
723	20 
724	13 
725	53 
726	17 
727	18 
728	87 
729	51 
730	81 
731	1 
732	65 
733	85 
734	41 
735	44 
736	2 
737	58 
738	51 
739	48 
740	5 
741	58 
742	35 
743	45 
744	56 
745	25 
746	63 
747	84 
748	7 
749	20 
750	32 
751	45 
752	51 
753	11 
754	93 
755	84 
756	99 
757	22 
758	79 
759	90 
760	86 
761	46 
762	65 
763	65 
764	44 
765	65 
766	97 
767	66 
768	75 
769	87 
770	59 
771	33 
772	2 
773	48 
774	31 
775	76 
776	29 
777	61 
778	10 
779	47 
780	60 
781	21 
782	26 
783	3 
784	26 
785	66 
786	44 
787	44 
788	18 
789	60 
790	33 
791	47 
792	18 
793	7 
794	20 
795	91 
796	4 
797	38 
798	41 
799	54 
800	44 
801	57 
802	30 
803	42 
804	43 
805	76 
806	93 
807	67 
808	53 
809	73 
810	9 
811	69 
812	77 
813	16 
814	59 
815	75 
816	76 
817	82 
818	97 
819	3 
820	71 
821	77 
822	48 
823	30 
824	59 
825	99 
826	20 
827	47 
828	74 
829	97 
830	72 
831	33 
832	74 
833	41 
834	87 
835	88 
836	10 
837	77 
838	71 
839	48 
840	88 
841	14 
842	1 
843	71 
844	44 
845	1 
846	7 
847	8 
848	9 
849	77 
850	59 
851	13 
852	55 
853	99 
854	64 
855	75 
856	18 
857	26 
858	25 
859	44 
860	87 
861	77 
862	7 
863	49 
864	55 
865	17 
866	57 
867	3 
868	16 
869	4 
870	2 
871	30 
872	88 
873	45 
874	13 
875	93 
876	4 
877	37 
878	39 
879	55 
880	74 
881	97 
882	56 
883	49 
884	4 
885	25 
886	41 
887	29 
888	35 
889	49 
890	12 
891	30 
892	2 
893	17 
894	53 
895	3 
896	71 
897	87 
898	55 
899	80 
900	18 
901	64 
902	1 
903	14 
904	57 
905	72 
906	2 
907	65 
908	49 
909	30 
910	87 
911	70 
912	21 
913	74 
914	18 
915	3 
916	25 
917	31 
918	4 
919	57 
920	43 
921	96 
922	63 
923	70 
924	97 
925	67 
926	83 
927	45 
928	43 
929	58 
930	76 
931	63 
932	27 
933	12 
934	40 
935	28 
936	59 
937	93 
938	34 
939	99 
940	18 
941	16 
942	8 
943	11 
944	92 
945	86 
946	79 
947	15 
948	31 
949	11 
950	67 
951	49 
952	76 
953	21 
954	20 
955	78 
956	25 
957	60 
958	57 
959	24 
960	39 
961	31 
962	41 
963	99 
964	35 
965	82 
966	45 
967	55 
968	44 
969	15 
970	53 
971	45 
972	22 
973	4 
974	76 
975	58 
976	62 
977	30 
978	74 
979	96 
980	82 
981	21 
982	10 
983	3 
984	86 
985	12 
986	23 
987	19 
988	88 
989	2 
990	45 
991	26 
992	12 
993	1 
994	22 
995	1 
996	12 
997	54 
998	16 
999	3 
1000	56 
1001	67 
1002	56 
1003	33 
1004	67 
1005	35 
1006	10 
1007	52 
1008	46 
1009	26 
1010	24 
1011	22 
1012	26 
1013	74 
1014	81 
1015	19 
1016	18 
1017	19 
1018	51 
1019	55 
1020	55 
1021	47 
1022	33 
1023	65 
1024	16 
1025	52 
1026	18 
1027	44 
1028	24 
1029	43 
1030	39 
1031	44 
1032	55 
1033	43 
1034	7 
1035	69 
1036	25 
1037	2 
1038	96 
1039	97 
1040	32 
1041	41 
1042	58 
1043	18 
1044	64 
1045	14 
1046	67 
1047	76 
1048	70 
1049	18 
1050	74 
1051	95 
1052	79 
1053	78 
1054	48 
1055	72 
1056	76 
1057	6 
1058	4 
1059	5 
1060	81 
1061	10 
1062	47 
1063	33 
1064	1 
1065	66 
1066	93 
1067	60 
1068	63 
1069	67 
1070	82 
1071	48 
1072	31 
1073	17 
1074	57 
1075	23 
1076	14 
1077	52 
1078	7 
1079	14 
1080	52 
1081	32 
1082	90 
1083	18 
1084	21 
1085	10 
1086	2 
1087	87 
1088	50 
1089	17 
1090	43 
1091	66 
1092	50 
1093	1 
1094	95 
1095	22 
1096	31 
1097	54 
1098	53 
1099	87 
1100	31 
1101	7 
1102	95 
1103	84 
1104	46 
1105	10 
1106	1 
1107	18 
1108	18 
1109	20 
1110	27 
1111	53 
1112	82 
1113	53 
1114	44 
1115	20 
1116	57 
1117	15 
1118	39 
1119	71 
1120	62 
1121	83 
1122	20 
1123	41 
1124	20 
1125	63 
1126	88 
1127	46 
1128	1 
1129	39 
1130	35 
1131	41 
1132	5 
1133	86 
1134	73 
1135	13 
1136	30 
1137	82 
1138	67 
1139	98 
1140	87 
1141	85 
1142	20 
1143	73 
1144	18 
1145	98 
1146	21 
1147	35 
1148	67 
1149	29 
1150	81 
1151	51 
1152	62 
1153	50 
1154	7 
1155	50 
1156	43 
1157	2 
1158	59 
1159	57 
1160	86 
1161	19 
1162	27 
1163	80 
1164	16 
1165	16 
1166	98 
1167	57 
1168	33 
1169	33 
1170	26 
1171	71 
1172	50 
1173	53 
1174	82 
1175	16 
1176	87 
1177	82 
1178	79 
1179	42 
1180	17 
1181	43 
1182	45 
1183	26 
1184	4 
1185	5 
1186	31 
1187	38 
1188	7 
1189	87 
1190	80 
1191	44 
1192	85 
1193	5 
1194	49 
1195	7 
1196	3 
1197	64 
1198	87 
1199	97 
1200	90 
1201	85 
1202	96 
1203	58 
1204	87 
1205	67 
1206	37 
1207	17 
1208	71 
1209	31 
1210	22 
1211	55 
1212	2 
1213	70 
1214	18 
1215	61 
1216	54 
1217	74 
1218	69 
1219	93 
1220	80 
1221	49 
1222	32 
1223	43 
1224	68 
1225	94 
1226	31 
1227	16 
1228	58 
1229	22 
1230	45 
1231	43 
1232	70 
1233	25 
1234	86 
1235	97 
1236	36 
1237	4 
1238	39 
1239	10 
1240	18 
1241	80 
1242	36 
1243	71 
1244	62 
1245	22 
1246	49 
1247	32 
1248	70 
1249	69 
1250	68 
1251	76 
1252	10 
1253	70 
1254	53 
1255	6 
1256	99 
1257	75 
1258	46 
1259	47 
1260	14 
1261	86 
1262	61 
1263	53 
1264	71 
1265	64 
1266	49 
1267	84 
1268	17 
1269	76 
1270	75 
1271	1 
1272	44 
1273	5 
1274	67 
1275	59 
1276	98 
1277	35 
1278	49 
1279	44 
1280	77 
1281	44 
1282	93 
1283	5 
1284	13 
1285	73 
1286	31 
1287	33 
1288	10 
1289	67 
1290	2 
1291	32 
1292	95 
1293	65 
1294	38 
1295	8 
1296	20 
1297	31 
1298	28 
1299	3 
1300	90 
1301	55 
1302	10 
1303	63 
1304	64 
1305	91 
1306	65 
1307	44 
1308	74 
1309	95 
1310	87 
1311	60 
1312	43 
1313	35 
1314	84 
1315	71 
1316	80 
1317	53 
1318	83 
1319	90 
1320	88 
1321	53 
1322	56 
1323	39 
1324	14 
1325	69 
1326	99 
1327	8 
1328	33 
1329	90 
1330	19 
1331	93 
1332	44 
1333	23 
1334	78 
1335	8 
1336	36 
1337	19 
1338	37 
1339	79 
1340	90 
1341	49 
1342	18 
1343	77 
1344	73 
1345	33 
1346	55 
1347	39 
1348	10 
1349	31 
1350	1 
1351	22 
1352	78 
1353	26 
1354	86 
1355	13 
1356	77 
1357	4 
1358	3 
1359	42 
1360	51 
1361	61 
1362	11 
1363	97 
1364	25 
1365	79 
1366	81 
1367	56 
1368	69 
1369	10 
1370	4 
1371	17 
1372	44 
1373	4 
1374	52 
1375	14 
1376	5 
1377	27 
1378	67 
1379	81 
1380	74 
1381	54 
1382	93 
1383	46 
1384	82 
1385	26 
1386	33 
1387	85 
1388	38 
1389	76 
1390	18 
1391	84 
1392	97 
1393	26 
1394	49 
1395	81 
1396	77 
1397	93 
1398	9 
1399	21 
1400	81 
1401	38 
1402	77 
1403	8 
1404	12 
1405	59 
1406	10 
1407	91 
1408	4 
1409	25 
1410	61 
1411	9 
1412	10 
1413	31 
1414	98 
1415	72 
1416	85 
1417	57 
1418	33 
1419	79 
1420	4 
1421	2 
1422	4 
1423	96 
1424	60 
1425	44 
1426	87 
1427	32 
1428	58 
1429	3 
1430	86 
1431	86 
1432	43 
1433	34 
1434	1 
1435	59 
1436	70 
1437	99 
1438	44 
1439	3 
1440	3 
1441	67 
1442	83 
1443	67 
1444	74 
1445	19 
1446	62 
1447	82 
1448	52 
1449	98 
1450	35 
1451	22 
1452	46 
1453	69 
1454	4 
1455	79 
1456	93 
1457	52 
1458	94 
1459	76 
1460	91 
1461	3 
1462	12 
1463	70 
1464	71 
1465	85 
1466	55 
1467	80 
1468	82 
1469	74 
1470	3 
1471	99 
1472	22 
1473	95 
1474	77 
1475	78 
1476	45 
1477	74 
1478	97 
1479	48 
1480	45 
1481	84 
1482	32 
1483	52 
1484	83 
1485	52 
1486	42 
1487	14 
1488	55 
1489	79 
1490	69 
1491	22 
1492	15 
1493	11 
1494	47 
1495	3 
1496	40 
1497	95 
1498	84 
1499	33 
1500	52 
1501	21 
1502	5 
1503	21 
1504	19 
1505	25 
1506	6 
1507	48 
1508	82 
1509	55 
1510	78 
1511	17 
1512	31 
1513	70 
1514	46 
1515	78 
1516	45 
1517	96 
1518	26 
1519	79 
1520	14 
1521	41 
1522	67 
1523	55 
1524	79 
1525	41 
1526	34 
1527	20 
1528	25 
1529	30 
1530	88 
1531	43 
1532	31 
1533	99 
1534	25 
1535	60 
1536	35 
1537	59 
1538	56 
1539	10 
1540	3 
1541	2 
1542	69 
1543	31 
1544	77 
1545	65 
1546	63 
1547	57 
1548	74 
1549	13 
1550	39 
1551	44 
1552	67 
1553	57 
1554	89 
1555	41 
1556	66 
1557	11 
1558	10 
1559	3 
1560	9 
1561	64 
1562	33 
1563	73 
1564	25 
1565	21 
1566	40 
1567	16 
1568	70 
1569	2 
1570	38 
1571	26 
1572	46 
1573	16 
1574	85 
1575	27 
1576	46 
1577	5 
1578	30 
1579	21 
1580	93 
1581	80 
1582	47 
1583	63 
1584	79 
1585	21 
1586	33 
1587	4 
1588	64 
1589	5 
1590	99 
1591	84 
1592	37 
1593	4 
1594	83 
1595	97 
1596	30 
1597	60 
1598	19 
1599	26 
1600	46 
1601	24 
1602	93 
1603	97 
1604	70 
1605	49 
1606	16 
1607	15 
1608	34 
1609	41 
1610	86 
1611	20 
1612	26 
1613	26 
1614	33 
1615	5 
1616	70 
1617	58 
1618	19 
1619	74 
1620	57 
1621	53 
1622	54 
1623	60 
1624	82 
1625	76 
1626	22 
1627	29 
1628	95 
1629	64 
1630	50 
1631	7 
1632	55 
1633	26 
1634	5 
1635	22 
1636	18 
1637	14 
1638	80 
1639	4 
1640	86 
1641	74 
1642	37 
1643	58 
1644	18 
1645	34 
1646	10 
1647	2 
1648	65 
1649	3 
1650	16 
1651	9 
1652	45 
1653	94 
1654	41 
1655	70 
1656	88 
1657	71 
1658	79 
1659	86 
1660	31 
1661	89 
1662	7 
1663	44 
1664	12 
1665	39 
1666	91 
1667	67 
1668	30 
1669	38 
1670	7 
1671	69 
1672	4 
1673	33 
1674	41 
1675	97 
1676	84 
1677	12 
1678	8 
1679	20 
1680	61 
1681	74 
1682	97 
1683	37 
1684	31 
1685	99 
1686	70 
1687	89 
1688	29 
1689	63 
1690	6 
1691	43 
1692	94 
1693	55 
1694	62 
1695	18 
1696	61 
1697	60 
1698	86 
1699	38 
1700	19 
1701	26 
1702	47 
1703	77 
1704	28 
1705	7 
1706	94 
1707	80 
1708	1 
1709	83 
1710	42 
1711	57 
1712	74 
1713	80 
1714	1 
1715	84 
1716	6 
1717	33 
1718	81 
1719	7 
1720	96 
1721	15 
1722	20 
1723	28 
1724	32 
1725	3 
1726	43 
1727	3 
1728	5 
1729	38 
1730	63 
1731	82 
1732	57 
1733	2 
1734	1 
1735	43 
1736	74 
1737	83 
1738	72 
1739	70 
1740	40 
1741	90 
1742	48 
1743	69 
1744	96 
1745	23 
1746	49 
1747	74 
1748	1 
1749	11 
1750	44 
1751	70 
1752	59 
1753	41 
1754	25 
1755	87 
1756	56 
1757	57 
1758	7 
1759	60 
1760	35 
1761	82 
1762	12 
1763	36 
1764	10 
1765	9 
1766	41 
1767	84 
1768	74 
1769	33 
1770	40 
1771	31 
1772	88 
1773	65 
1774	59 
1775	30 
1776	8 
1777	44 
1778	61 
1779	10 
1780	57 
1781	63 
1782	40 
1783	14 
1784	33 
1785	10 
1786	59 
1787	90 
1788	18 
1789	89 
1790	41 
1791	30 
1792	88 
1793	65 
1794	47 
1795	61 
1796	88 
1797	76 
1798	41 
1799	64 
1800	54 
1801	43 
1802	41 
1803	53 
1804	7 
1805	11 
1806	26 
1807	88 
1808	36 
1809	50 
1810	34 
1811	16 
1812	31 
1813	10 
1814	41 
1815	5 
1816	76 
1817	32 
1818	31 
1819	76 
1820	4 
1821	66 
1822	53 
1823	75 
1824	7 
1825	85 
1826	36 
1827	67 
1828	59 
1829	1 
1830	4 
1831	82 
1832	69 
1833	79 
1834	18 
1835	16 
1836	60 
1837	21 
1838	16 
1839	35 
1840	69 
1841	84 
1842	64 
1843	43 
1844	93 
1845	83 
1846	36 
1847	77 
1848	89 
1849	80 
1850	82 
1851	94 
1852	63 
1853	88 
1854	79 
1855	10 
1856	63 
1857	79 
1858	37 
1859	81 
1860	56 
1861	30 
1862	57 
1863	18 
1864	79 
1865	57 
1866	33 
1867	10 
1868	81 
1869	72 
1870	97 
1871	97 
1872	79 
1873	87 
1874	45 
1875	40 
1876	45 
1877	2 
1878	42 
1879	13 
1880	35 
1881	12 
1882	50 
1883	54 
1884	84 
1885	56 
1886	21 
1887	92 
1888	87 
1889	13 
1890	7 
1891	38 
1892	89 
1893	43 
1894	37 
1895	58 
1896	87 
1897	75 
1898	53 
1899	91 
1900	89 
1901	19 
1902	76 
1903	4 
1904	44 
1905	76 
1906	25 
1907	92 
1908	54 
1909	30 
1910	16 
1911	68 
1912	70 
1913	83 
1914	22 
1915	43 
1916	84 
1917	82 
1918	50 
1919	77 
1920	34 
1921	5 
1922	46 
1923	81 
1924	54 
1925	71 
1926	71 
1927	2 
1928	17 
1929	43 
1930	61 
1931	86 
1932	67 
1933	25 
1934	76 
1935	29 
1936	75 
1937	41 
1938	14 
1939	7 
1940	48 
1941	70 
1942	23 
1943	6 
1944	88 
1945	78 
1946	57 
1947	77 
1948	81 
1949	31 
1950	36 
1951	71 
1952	60 
1953	56 
1954	4 
1955	2 
1956	80 
1957	49 
1958	63 
1959	63 
1960	44 
1961	40 
1962	67 
1963	67 
1964	66 
1965	88 
1966	18 
1967	72 
1968	30 
1969	91 
1970	68 
1971	86 
1972	32 
1973	69 
1974	69 
1975	54 
1976	24 
1977	27 
1978	4 
1979	33 
1980	11 
1981	73 
1982	67 
1983	93 
1984	71 
1985	76 
1986	48 
1987	98 
1988	39 
1989	13 
1990	43 
1991	33 
1992	55 
1993	68 
1994	3 
1995	88 
1996	21 
1997	18 
1998	45 
1999	76 
2000	46 
2001	25 
2002	10 
2003	41 
2004	33 
2005	98 
2006	35 
2007	43 
2008	18 
2009	63 
2010	73 
2011	3 
2012	53 
2013	31 
2014	53 
2015	18 
2016	79 
2017	93 
2018	48 
2019	77 
2020	81 
2021	40 
2022	24 
2023	18 
2024	44 
2025	55 
2026	91 
2027	80 
2028	53 
2029	25 
2030	77 
2031	55 
2032	37 
2033	67 
2034	31 
2035	19 
2036	66 
2037	26 
2038	67 
2039	38 
2040	80 
2041	46 
2042	49 
2043	69 
2044	70 
2045	80 
2046	21 
2047	3 
2048	68 
2049	82 
2050	17 
2051	46 
2052	21 
2053	14 
2054	91 
2055	80 
2056	28 
2057	54 
2058	30 
2059	89 
2060	29 
2061	57 
2062	91 
2063	4 
2064	7 
2065	15 
2066	52 
2067	10 
2068	63 
2069	66 
2070	41 
2071	59 
2072	99 
2073	2 
2074	18 
2075	97 
2076	79 
2077	37 
2078	12 
2079	4 
2080	80 
2081	17 
2082	77 
2083	82 
2084	97 
2085	69 
2086	22 
2087	21 
2088	21 
2089	76 
2090	30 
2091	70 
2092	38 
2093	80 
2094	29 
2095	84 
2096	67 
2097	45 
2098	67 
2099	34 
2100	14 
2101	81 
2102	47 
2103	44 
2104	10 
2105	87 
2106	84 
2107	25 
2108	5 
2109	35 
2110	33 
2111	28 
2112	66 
2113	10 
2114	33 
2115	10 
2116	52 
2117	74 
2118	97 
2119	82 
2120	51 
2121	37 
2122	71 
2123	43 
2124	54 
2125	25 
2126	93 
2127	67 
2128	45 
2129	69 
2130	86 
2131	23 
2132	49 
2133	70 
2134	97 
2135	24 
2136	21 
2137	24 
2138	3 
2139	85 
2140	79 
2141	20 
2142	3 
2143	51 
2144	57 
2145	87 
2146	84 
2147	6 
2148	40 
2149	26 
2150	37 
2151	86 
2152	19 
2153	55 
2154	14 
2155	41 
2156	53 
2157	77 
2158	3 
2159	25 
2160	55 
2161	84 
2162	22 
2163	54 
2164	10 
2165	77 
2166	82 
2167	11 
2168	85 
2169	63 
2170	11 
2171	80 
2172	73 
2173	19 
2174	25 
2175	80 
2176	67 
2177	26 
2178	5 
2179	61 
2180	79 
2181	49 
2182	14 
2183	36 
2184	36 
2185	35 
2186	93 
2187	14 
2188	46 
2189	89 
2190	43 
2191	96 
2192	65 
2193	12 
2194	99 
2195	77 
2196	2 
2197	10 
2198	79 
2199	10 
2200	44 
2201	44 
2202	10 
2203	58 
2204	71 
2205	86 
2206	14 
2207	44 
2208	54 
2209	10 
2210	17 
2211	57 
2212	43 
2213	76 
2214	78 
2215	1 
2216	77 
2217	81 
2218	57 
2219	63 
2220	69 
2221	16 
2222	28 
2223	88 
2224	5 
2225	46 
2226	91 
2227	70 
2228	93 
2229	90 
2230	93 
2231	9 
2232	61 
2233	67 
2234	43 
2235	97 
2236	44 
2237	28 
2238	60 
2239	74 
2240	94 
2241	59 
2242	76 
2243	67 
2244	10 
2245	93 
2246	10 
2247	2 
2248	5 
2249	34 
2250	84 
2251	91 
2252	35 
2253	34 
2254	23 
2255	6 
2256	58 
2257	34 
2258	45 
2259	74 
2260	33 
2261	8 
2262	73 
2263	63 
2264	99 
2265	33 
2266	99 
2267	7 
2268	10 
2269	25 
2270	83 
2271	76 
2272	65 
2273	7 
2274	83 
2275	52 
2276	50 
2277	62 
2278	11 
2279	70 
2280	50 
2281	82 
2282	21 
2283	54 
2284	32 
2285	89 
2286	8 
2287	6 
2288	34 
2289	17 
2290	51 
2291	51 
2292	93 
2293	78 
2294	66 
2295	23 
2296	22 
2297	97 
2298	76 
2299	77 
2300	4 
2301	38 
2302	91 
2303	44 
2304	6 
2305	41 
2306	53 
2307	41 
2308	99 
2309	40 
2310	61 
2311	45 
2312	72 
2313	53 
2314	55 
2315	51 
2316	32 
2317	79 
2318	11 
2319	88 
2320	81 
2321	16 
2322	5 
2323	67 
2324	98 
2325	12 
2326	90 
2327	70 
2328	39 
2329	4 
2330	75 
2331	3 
2332	83 
2333	13 
2334	53 
2335	54 
2336	43 
2337	41 
2338	11 
2339	68 
2340	36 
2341	27 
2342	89 
2343	70 
2344	42 
2345	69 
2346	54 
2347	2 
2348	44 
2349	72 
2350	17 
2351	21 
2352	12 
2353	35 
2354	68 
2355	46 
2356	73 
2357	48 
2358	9 
2359	63 
2360	93 
2361	57 
2362	9 
2363	26 
2364	29 
2365	63 
2366	60 
2367	4 
2368	21 
2369	92 
2370	38 
2371	46 
2372	3 
2373	27 
2374	25 
2375	26 
2376	25 
2377	30 
2378	18 
2379	5 
2380	60 
2381	43 
2382	63 
2383	31 
2384	99 
2385	54 
2386	10 
2387	76 
2388	83 
2389	86 
2390	46 
2391	96 
2392	87 
2393	78 
2394	33 
2395	3 
2396	56 
2397	3 
2398	91 
2399	46 
2400	68 
2401	44 
2402	18 
2403	87 
2404	79 
2405	82 
2406	18 
2407	44 
2408	56 
2409	94 
2410	30 
2411	61 
2412	96 
2413	67 
2414	79 
2415	4 
2416	82 
2417	98 
2418	19 
2419	29 
2420	7 
2421	13 
2422	74 
2423	26 
2424	49 
2425	86 
2426	41 
2427	10 
2428	46 
2429	10 
2430	4 
2431	63 
2432	52 
2433	37 
2434	79 
2435	3 
2436	75 
2437	42 
2438	70 
2439	84 
2440	99 
2441	2 
2442	41 
2443	49 
2444	19 
2445	57 
2446	38 
2447	63 
2448	44 
2449	91 
2450	49 
2451	40 
2452	4 
2453	70 
2454	76 
2455	99 
2456	48 
2457	97 
2458	40 
2459	16 
2460	91 
2461	87 
2462	36 
2463	73 
2464	42 
2465	29 
2466	82 
2467	3 
2468	89 
2469	44 
2470	14 
2471	93 
2472	33 
2473	66 
2474	4 
2475	22 
2476	73 
2477	84 
2478	61 
2479	18 
2480	43 
2481	77 
2482	70 
2483	67 
2484	31 
2485	36 
2486	83 
2487	19 
2488	43 
2489	31 
2490	32 
2491	12 
2492	18 
2493	41 
2494	84 
2495	79 
2496	49 
2497	57 
2498	70 
2499	45 
2500	8 
2501	46 
2502	73 
2503	57 
2504	21 
2505	68 
2506	54 
2507	63 
2508	5 
2509	38 
2510	18 
2511	4 
2512	93 
2513	71 
2514	87 
2515	76 
2516	88 
2517	61 
2518	53 
2519	65 
2520	33 
2521	67 
2522	65 
2523	87 
2524	84 
2525	28 
2526	84 
2527	86 
2528	83 
2529	66 
2530	65 
2531	82 
2532	36 
2533	80 
2534	4 
2535	25 
2536	41 
2537	37 
2538	63 
2539	1 
2540	53 
2541	85 
2542	14 
2543	86 
2544	46 
2545	88 
2546	39 
2547	76 
2548	89 
2549	7 
2550	18 
2551	28 
2552	97 
2553	7 
2554	33 
2555	16 
2556	99 
2557	88 
2558	70 
2559	74 
2560	4 
2561	87 
2562	39 
2563	33 
2564	40 
2565	49 
2566	33 
2567	17 
2568	55 
2569	3 
2570	50 
2571	16 
2572	1 
2573	5 
2574	10 
2575	14 
2576	27 
2577	38 
2578	5 
2579	83 
2580	10 
2581	14 
2582	43 
2583	82 
2584	41 
2585	24 
2586	44 
2587	1 
2588	49 
2589	36 
2590	43 
2591	16 
2592	57 
2593	2 
2594	27 
2595	58 
2596	22 
2597	5 
2598	58 
2599	81 
2600	52 
2601	12 
2602	34 
2603	10 
2604	27 
2605	49 
2606	45 
2607	5 
2608	99 
2609	3 
2610	44 
2611	71 
2612	76 
2613	48 
2614	79 
2615	84 
2616	79 
2617	31 
2618	55 
2619	21 
2620	90 
2621	7 
2622	79 
2623	43 
2624	74 
2625	55 
2626	91 
2627	52 
2628	49 
2629	14 
2630	27 
2631	97 
2632	50 
2633	1 
2634	1 
2635	69 
2636	44 
2637	2 
2638	39 
2639	43 
2640	75 
2641	12 
2642	84 
2643	5 
2644	30 
2645	47 
2646	84 
2647	67 
2648	5 
2649	63 
2650	7 
2651	92 
2652	53 
2653	38 
2654	63 
2655	71 
2656	92 
2657	31 
2658	99 
2659	15 
2660	58 
2661	41 
2662	46 
2663	56 
2664	87 
2665	74 
2666	60 
2667	31 
2668	7 
2669	46 
2670	30 
2671	93 
2672	67 
2673	32 
2674	53 
2675	12 
2676	28 
2677	14 
2678	1 
2679	92 
2680	26 
2681	10 
2682	3 
2683	48 
2684	77 
2685	3 
2686	3 
2687	11 
2688	74 
2689	68 
2690	48 
2691	90 
2692	28 
2693	53 
2694	5 
2695	84 
2696	98 
2697	72 
2698	38 
2699	77 
2700	9 
2701	2 
2702	37 
2703	62 
2704	86 
2705	11 
2706	86 
2707	58 
2708	15 
2709	98 
2710	58 
2711	77 
2712	87 
2713	38 
2714	27 
2715	80 
2716	13 
2717	13 
2718	8 
2719	86 
2720	45 
2721	76 
2722	1 
2723	84 
2724	5 
2725	38 
2726	91 
2727	71 
2728	57 
2729	46 
2730	1 
2731	53 
2732	57 
2733	82 
2734	88 
2735	95 
2736	79 
2737	37 
2738	80 
2739	84 
2740	42 
2741	11 
2742	73 
2743	79 
2744	60 
2745	46 
2746	39 
2747	45 
2748	43 
2749	4 
2750	60 
2751	90 
2752	39 
2753	32 
2754	7 
2755	68 
2756	20 
2757	83 
2758	11 
2759	29 
2760	57 
2761	99 
2762	9 
2763	76 
2764	58 
2765	40 
2766	32 
2767	43 
2768	20 
2769	18 
2770	22 
2771	63 
2772	31 
2773	38 
2774	31 
2775	46 
2776	47 
2777	22 
2778	48 
2779	7 
2780	51 
2781	33 
2782	38 
2783	74 
2784	63 
2785	63 
2786	95 
2787	7 
2788	94 
2789	26 
2790	3 
2791	97 
2792	41 
2793	7 
2794	99 
2795	39 
2796	24 
2797	7 
2798	79 
2799	83 
2800	69 
2801	36 
2802	10 
2803	38 
2804	27 
2805	84 
2806	18 
2807	84 
2808	49 
2809	20 
2810	10 
2811	69 
2812	11 
2813	31 
2814	50 
2815	22 
2816	5 
2817	46 
2818	69 
2819	7 
2820	95 
2821	18 
2822	39 
2823	59 
2824	41 
2825	64 
2826	59 
2827	86 
2828	33 
2829	52 
2830	22 
2831	4 
2832	48 
2833	3 
2834	6 
2835	50 
2836	48 
2837	75 
2838	49 
2839	36 
2840	20 
2841	2 
2842	76 
2843	94 
2844	59 
2845	70 
2846	35 
2847	82 
2848	7 
2849	69 
2850	26 
2851	97 
2852	43 
2853	37 
2854	84 
2855	70 
2856	90 
2857	40 
2858	84 
2859	60 
2860	5 
2861	30 
2862	65 
2863	19 
2864	60 
2865	4 
2866	67 
2867	85 
2868	5 
2869	68 
2870	45 
2871	90 
2872	97 
2873	35 
2874	77 
2875	32 
2876	31 
2877	31 
2878	74 
2879	62 
2880	29 
2881	77 
2882	39 
2883	43 
2884	83 
2885	31 
2886	14 
2887	78 
2888	1 
2889	74 
2890	88 
2891	13 
2892	66 
2893	60 
2894	41 
2895	38 
2896	43 
2897	97 
2898	63 
2899	91 
2900	1 
2901	86 
2902	27 
2903	78 
2904	30 
2905	41 
2906	97 
2907	18 
2908	49 
2909	41 
2910	55 
2911	18 
2912	33 
2913	54 
2914	27 
2915	67 
2916	77 
2917	14 
2918	55 
2919	65 
2920	1 
2921	41 
2922	86 
2923	10 
2924	86 
2925	37 
2926	54 
2927	1 
2928	82 
2929	87 
2930	74 
2931	31 
2932	41 
2933	46 
2934	20 
2935	26 
2936	46 
2937	86 
2938	3 
2939	56 
2940	54 
2941	39 
2942	79 
2943	49 
2944	8 
2945	17 
2946	18 
2947	34 
2948	90 
2949	48 
2950	20 
2951	29 
2952	52 
2953	26 
2954	70 
2955	27 
2956	67 
2957	71 
2958	31 
2959	38 
2960	53 
2961	53 
2962	35 
2963	23 
2964	33 
2965	17 
2966	12 
2967	87 
2968	23 
2969	80 
2970	46 
2971	69 
2972	78 
2973	84 
2974	14 
2975	5 
2976	42 
2977	28 
2978	67 
2979	18 
2980	23 
2981	63 
2982	86 
2983	4 
2984	13 
2985	53 
2986	6 
2987	61 
2988	3 
2989	35 
2990	63 
2991	32 
2992	42 
2993	6 
2994	79 
2995	82 
2996	31 
2997	3 
2998	3 
2999	97 
3000	28 
3001	13 
3002	77 
3003	95 
3004	82 
3005	22 
3006	26 
3007	53 
3008	32 
3009	84 
3010	74 
3011	53 
3012	43 
3013	80 
3014	52 
3015	49 
3016	94 
3017	39 
3018	96 
3019	79 
3020	86 
3021	57 
3022	21 
3023	46 
3024	49 
3025	23 
3026	93 
3027	60 
3028	70 
3029	26 
3030	31 
3031	55 
3032	10 
3033	29 
3034	26 
3035	86 
3036	14 
3037	38 
3038	96 
3039	61 
3040	89 
3041	71 
3042	36 
3043	60 
3044	41 
3045	34 
3046	48 
3047	7 
3048	53 
3049	52 
3050	3 
3051	80 
3052	82 
3053	12 
3054	18 
3055	12 
3056	8 
3057	41 
3058	1 
3059	82 
3060	71 
3061	84 
3062	81 
3063	67 
3064	47 
3065	26 
3066	55 
3067	14 
3068	7 
3069	38 
3070	65 
3071	77 
3072	1 
3073	26 
3074	73 
3075	3 
3076	3 
3077	69 
3078	65 
3079	71 
3080	67 
3081	26 
3082	45 
3083	82 
3084	36 
3085	40 
3086	89 
3087	2 
3088	69 
3089	71 
3090	93 
3091	14 
3092	26 
3093	12 
3094	57 
3095	97 
3096	77 
3097	2 
3098	5 
3099	99 
3100	2 
3101	46 
3102	52 
3103	1 
3104	22 
3105	44 
3106	75 
3107	45 
3108	6 
3109	91 
3110	20 
3111	20 
3112	79 
3113	44 
3114	26 
3115	71 
3116	74 
3117	46 
3118	26 
3119	39 
3120	74 
3121	57 
3122	49 
3123	57 
3124	97 
3125	47 
3126	16 
3127	33 
3128	58 
3129	7 
3130	46 
3131	18 
3132	16 
3133	4 
3134	36 
3135	76 
3136	79 
3137	82 
3138	87 
3139	25 
3140	73 
3141	67 
3142	84 
3143	67 
3144	68 
3145	10 
3146	60 
3147	74 
3148	30 
3149	36 
3150	11 
3151	79 
3152	1 
3153	25 
3154	29 
3155	52 
3156	7 
3157	3 
3158	38 
3159	6 
3160	86 
3161	38 
3162	19 
3163	64 
3164	60 
3165	5 
3166	27 
3167	38 
3168	55 
3169	67 
3170	60 
3171	25 
3172	71 
3173	54 
3174	13 
3175	42 
3176	37 
3177	82 
3178	45 
3179	1 
3180	94 
3181	11 
3182	74 
3183	18 
3184	69 
3185	51 
3186	12 
3187	15 
3188	57 
3189	57 
3190	33 
3191	51 
3192	49 
3193	52 
3194	44 
3195	37 
3196	29 
3197	13 
3198	49 
3199	53 
3200	73 
3201	7 
3202	89 
3203	43 
3204	17 
3205	22 
3206	60 
3207	50 
3208	18 
3209	2 
3210	58 
3211	33 
3212	55 
3213	21 
3214	40 
3215	75 
3216	62 
3217	88 
3218	67 
3219	70 
3220	25 
3221	16 
3222	3 
3223	5 
3224	71 
3225	79 
3226	86 
3227	71 
3228	10 
3229	76 
3230	88 
3231	57 
3232	48 
3233	73 
3234	90 
3235	67 
3236	60 
3237	11 
3238	81 
3239	46 
3240	99 
3241	63 
3242	73 
3243	51 
3244	57 
3245	29 
3246	52 
3247	91 
3248	5 
3249	35 
3250	77 
3251	63 
3252	53 
3253	57 
3254	3 
3255	34 
3256	18 
3257	44 
3258	82 
3259	49 
3260	2 
3261	31 
3262	55 
3263	92 
3264	53 
3265	14 
3266	7 
3267	30 
3268	69 
3269	98 
3270	88 
3271	3 
3272	18 
3273	14 
3274	29 
3275	64 
3276	90 
3277	7 
3278	13 
3279	55 
3280	33 
3281	3 
3282	97 
3283	87 
3284	38 
3285	42 
3286	72 
3287	3 
3288	37 
3289	29 
3290	99 
3291	39 
3292	1 
3293	35 
3294	82 
3295	45 
3296	48 
3297	10 
3298	58 
3299	1 
3300	36 
3301	40 
3302	60 
3303	62 
3304	28 
3305	28 
3306	17 
3307	54 
3308	87 
3309	79 
3310	63 
3311	10 
3312	17 
3313	73 
3314	88 
3315	55 
3316	23 
3317	80 
3318	36 
3319	83 
3320	57 
3321	16 
3322	5 
3323	74 
3324	87 
3325	4 
3326	18 
3327	70 
3328	50 
3329	97 
3330	49 
3331	59 
3332	2 
3333	41 
3334	22 
3335	3 
3336	51 
3337	74 
3338	99 
3339	28 
3340	39 
3341	18 
3342	12 
3343	3 
3344	91 
3345	17 
3346	3 
3347	31 
3348	19 
3349	69 
3350	11 
3351	87 
3352	84 
3353	67 
3354	18 
3355	19 
3356	33 
3357	10 
3358	72 
3359	95 
3360	46 
3361	19 
3362	41 
3363	67 
3364	47 
3365	81 
3366	43 
3367	27 
3368	88 
3369	62 
3370	4 
3371	62 
3372	35 
3373	86 
3374	75 
3375	85 
3376	82 
3377	84 
3378	74 
3379	25 
3380	72 
3381	2 
3382	56 
3383	87 
3384	45 
3385	94 
3386	37 
3387	9 
3388	96 
3389	71 
3390	68 
3391	26 
3392	38 
3393	72 
3394	22 
3395	41 
3396	31 
3397	77 
3398	41 
3399	91 
3400	82 
3401	49 
3402	40 
3403	5 
3404	32 
3405	60 
3406	31 
3407	93 
3408	26 
3409	89 
3410	84 
3411	78 
3412	31 
3413	41 
3414	14 
3415	63 
3416	15 
3417	86 
3418	30 
3419	93 
3420	81 
3421	77 
3422	41 
3423	82 
3424	47 
3425	36 
3426	72 
3427	97 
3428	97 
3429	7 
3430	5 
3431	43 
3432	30 
3433	82 
3434	51 
3435	45 
3436	43 
3437	86 
3438	25 
3439	1 
3440	43 
3441	3 
3442	49 
3443	84 
3444	55 
3445	86 
3446	63 
3447	79 
3448	62 
3449	58 
3450	5 
3451	82 
3452	49 
3453	89 
3454	90 
3455	43 
3456	16 
3457	50 
3458	12 
3459	60 
3460	49 
3461	46 
3462	16 
3463	46 
3464	65 
3465	53 
3466	84 
3467	56 
3468	25 
3469	65 
3470	84 
3471	77 
3472	98 
3473	65 
3474	92 
3475	56 
3476	18 
3477	6 
3478	33 
3479	38 
3480	5 
3481	46 
3482	5 
3483	37 
3484	83 
3485	36 
3486	22 
3487	33 
3488	77 
3489	74 
3490	77 
3491	38 
3492	66 
3493	94 
3494	21 
3495	58 
3496	33 
3497	98 
3498	71 
3499	43 
3500	97 
3501	92 
3502	54 
3503	85 
3504	37 
3505	83 
3506	52 
3507	12 
3508	1 
3509	83 
3510	92 
3511	88 
3512	93 
3513	78 
3514	93 
3515	43 
3516	90 
3517	28 
3518	3 
3519	17 
3520	25 
3521	48 
3522	76 
3523	34 
3524	32 
3525	78 
3526	17 
3527	1 
3528	48 
3529	18 
3530	65 
3531	38 
3532	1 
3533	22 
3534	60 
3535	71 
3536	34 
3537	2 
3538	25 
3539	30 
3540	55 
3541	8 
3542	88 
3543	78 
3544	77 
3545	88 
3546	97 
3547	21 
3548	12 
3549	11 
3550	42 
3551	45 
3552	16 
3553	65 
3554	10 
3555	25 
3556	69 
3557	87 
3558	3 
3559	19 
3560	3 
3561	39 
3562	2 
3563	32 
3564	26 
3565	92 
3566	10 
3567	17 
3568	38 
3569	32 
3570	26 
3571	18 
3572	82 
3573	84 
3574	79 
3575	74 
3576	5 
3577	85 
3578	5 
3579	9 
3580	9 
3581	31 
3582	82 
3583	71 
3584	72 
3585	38 
3586	14 
3587	3 
3588	79 
3589	41 
3590	49 
3591	2 
3592	10 
3593	71 
3594	25 
3595	48 
3596	53 
3597	21 
3598	84 
3599	49 
3600	33 
3601	8 
3602	11 
3603	82 
3604	9 
3605	32 
3606	69 
3607	80 
3608	46 
3609	93 
3610	44 
3611	43 
3612	45 
3613	12 
3614	84 
3615	45 
3616	92 
3617	71 
3618	72 
3619	10 
3620	5 
3621	30 
3622	30 
3623	51 
3624	31 
3625	78 
3626	83 
3627	53 
3628	56 
3629	50 
3630	82 
3631	5 
3632	14 
3633	84 
3634	22 
3635	46 
3636	16 
3637	62 
3638	69 
3639	61 
3640	59 
3641	16 
3642	60 
3643	7 
3644	59 
3645	46 
3646	4 
3647	31 
3648	41 
3649	82 
3650	52 
3651	88 
3652	32 
3653	77 
3654	73 
3655	53 
3656	40 
3657	57 
3658	95 
3659	38 
3660	74 
3661	26 
3662	1 
3663	26 
3664	68 
3665	17 
3666	51 
3667	35 
3668	8 
3669	60 
3670	74 
3671	56 
3672	76 
3673	1 
3674	65 
3675	79 
3676	40 
3677	77 
3678	93 
3679	53 
3680	31 
3681	84 
3682	84 
3683	4 
3684	67 
3685	46 
3686	7 
3687	95 
3688	90 
3689	87 
3690	76 
3691	6 
3692	99 
3693	5 
3694	90 
3695	35 
3696	64 
3697	27 
3698	94 
3699	91 
3700	75 
3701	52 
3702	16 
3703	49 
3704	82 
3705	56 
3706	86 
3707	30 
3708	57 
3709	75 
3710	77 
3711	8 
3712	32 
3713	57 
3714	32 
3715	71 
3716	40 
3717	15 
3718	6 
3719	25 
3720	24 
3721	21 
3722	31 
3723	45 
3724	25 
3725	10 
3726	49 
3727	86 
3728	49 
3729	24 
3730	87 
3731	16 
3732	93 
3733	24 
3734	71 
3735	51 
3736	63 
3737	75 
3738	41 
3739	67 
3740	77 
3741	46 
3742	53 
3743	1 
3744	56 
3745	2 
3746	7 
3747	74 
3748	61 
3749	36 
3750	63 
3751	90 
3752	84 
3753	37 
3754	11 
3755	75 
3756	41 
3757	63 
3758	54 
3759	4 
3760	82 
3761	15 
3762	52 
3763	70 
3764	23 
3765	21 
3766	5 
3767	41 
3768	1 
3769	18 
3770	73 
3771	66 
3772	23 
3773	75 
3774	38 
3775	44 
3776	19 
3777	70 
3778	16 
3779	90 
3780	82 
3781	53 
3782	3 
3783	20 
3784	38 
3785	77 
3786	45 
3787	6 
3788	25 
3789	3 
3790	74 
3791	77 
3792	87 
3793	13 
3794	12 
3795	49 
3796	56 
3797	86 
3798	80 
3799	46 
3800	49 
3801	31 
3802	45 
3803	76 
3804	18 
3805	55 
3806	62 
3807	2 
3808	5 
3809	80 
3810	91 
3811	66 
3812	57 
3813	64 
3814	6 
3815	88 
3816	7 
3817	84 
3818	10 
3819	1 
3820	85 
3821	10 
3822	69 
3823	8 
3824	84 
3825	63 
3826	63 
3827	63 
3828	17 
3829	36 
3830	93 
3831	22 
3832	91 
3833	99 
3834	15 
3835	31 
3836	35 
3837	83 
3838	90 
3839	82 
3840	5 
3841	3 
3842	67 
3843	61 
3844	15 
3845	82 
3846	82 
3847	7 
3848	33 
3849	95 
3850	33 
3851	53 
3852	94 
3853	67 
3854	68 
3855	49 
3856	25 
3857	16 
3858	72 
3859	59 
3860	29 
3861	76 
3862	21 
3863	49 
3864	72 
3865	87 
3866	41 
3867	3 
3868	88 
3869	35 
3870	38 
3871	70 
3872	84 
3873	87 
3874	92 
3875	1 
3876	19 
3877	60 
3878	20 
3879	87 
3880	20 
3881	13 
3882	71 
3883	48 
3884	37 
3885	49 
3886	68 
3887	55 
3888	67 
3889	88 
3890	31 
3891	10 
3892	74 
3893	89 
3894	37 
3895	55 
3896	45 
3897	3 
3898	35 
3899	98 
3900	45 
3901	57 
3902	38 
3903	62 
3904	35 
3905	78 
3906	21 
3907	26 
3908	87 
3909	92 
3910	4 
3911	67 
3912	8 
3913	71 
3914	22 
3915	5 
3916	74 
3917	88 
3918	77 
3919	38 
3920	55 
3921	40 
3922	97 
3923	27 
3924	8 
3925	37 
3926	31 
3927	51 
3928	41 
3929	39 
3930	90 
3931	54 
3932	74 
3933	80 
3934	23 
3935	66 
3936	93 
3937	74 
3938	71 
3939	88 
3940	86 
3941	43 
3942	54 
3943	48 
3944	75 
3945	19 
3946	56 
3947	27 
3948	83 
3949	76 
3950	82 
3951	32 
3952	14 
3953	95 
3954	72 
3955	86 
3956	27 
3957	48 
3958	99 
3959	38 
3960	44 
3961	40 
3962	83 
3963	1 
3964	16 
3965	16 
3966	33 
3967	7 
3968	38 
3969	72 
3970	71 
3971	44 
3972	70 
3973	99 
3974	63 
3975	72 
3976	46 
3977	79 
3978	14 
3979	53 
3980	67 
3981	61 
3982	33 
3983	53 
3984	51 
3985	28 
3986	84 
3987	38 
3988	84 
3989	88 
3990	52 
3991	3 
3992	9 
3993	78 
3994	32 
3995	44 
3996	71 
3997	51 
3998	86 
3999	79 
4000	5 
4001	43 
4002	61 
4003	7 
4004	69 
4005	92 
4006	30 
4007	26 
4008	49 
4009	39 
4010	33 
4011	14 
4012	87 
4013	83 
4014	53 
4015	57 
4016	23 
4017	20 
4018	45 
4019	86 
4020	76 
4021	4 
4022	85 
4023	1 
4024	40 
4025	82 
4026	33 
4027	20 
4028	86 
4029	8 
4030	94 
4031	36 
4032	48 
4033	83 
4034	6 
4035	30 
4036	18 
4037	10 
4038	18 
4039	53 
4040	5 
4041	96 
4042	37 
4043	7 
4044	24 
4045	18 
4046	48 
4047	28 
4048	68 
4049	31 
4050	25 
4051	84 
4052	84 
4053	67 
4054	57 
4055	74 
4056	74 
4057	20 
4058	21 
4059	19 
4060	22 
4061	39 
4062	10 
4063	17 
4064	71 
4065	17 
4066	39 
4067	15 
4068	57 
4069	17 
4070	5 
4071	21 
4072	7 
4073	22 
4074	72 
4075	72 
4076	91 
4077	34 
4078	49 
4079	36 
4080	57 
4081	24 
4082	63 
4083	84 
4084	54 
4085	69 
4086	55 
4087	65 
4088	41 
4089	32 
4090	77 
4091	80 
4092	68 
4093	80 
4094	32 
4095	33 
4096	84 
4097	38 
4098	45 
4099	95 
4100	91 
4101	21 
4102	39 
4103	94 
4104	84 
4105	5 
4106	71 
4107	85 
4108	94 
4109	7 
4110	94 
4111	36 
4112	74 
4113	78 
4114	8 
4115	57 
4116	11 
4117	4 
4118	77 
4119	85 
4120	75 
4121	71 
4122	75 
4123	52 
4124	91 
4125	30 
4126	7 
4127	7 
4128	77 
4129	73 
4130	63 
4131	1 
4132	63 
4133	18 
4134	73 
4135	86 
4136	71 
4137	26 
4138	16 
4139	67 
4140	43 
4141	41 
4142	19 
4143	49 
4144	92 
4145	74 
4146	86 
4147	26 
4148	38 
4149	83 
4150	10 
4151	19 
4152	39 
4153	19 
4154	93 
4155	33 
4156	7 
4157	51 
4158	47 
4159	79 
4160	30 
4161	11 
4162	58 
4163	84 
4164	47 
4165	91 
4166	55 
4167	88 
4168	99 
4169	35 
4170	17 
4171	18 
4172	51 
4173	3 
4174	12 
4175	36 
4176	58 
4177	2 
4178	82 
4179	2 
4180	53 
4181	74 
4182	74 
4183	76 
4184	88 
4185	36 
4186	61 
4187	69 
4188	82 
4189	41 
4190	55 
4191	14 
4192	4 
4193	3 
4194	29 
4195	83 
4196	82 
4197	10 
4198	3 
4199	17 
4200	87 
4201	63 
4202	32 
4203	91 
4204	41 
4205	36 
4206	38 
4207	70 
4208	78 
4209	87 
4210	80 
4211	36 
4212	4 
4213	55 
4214	57 
4215	22 
4216	20 
4217	97 
4218	86 
4219	41 
4220	52 
4221	43 
4222	59 
4223	86 
4224	12 
4225	45 
4226	60 
4227	33 
4228	88 
4229	5 
4230	70 
4231	74 
4232	82 
4233	15 
4234	85 
4235	37 
4236	33 
4237	79 
4238	49 
4239	14 
4240	58 
4241	86 
4242	15 
4243	65 
4244	36 
4245	10 
4246	20 
4247	55 
4248	57 
4249	67 
4250	7 
4251	15 
4252	35 
4253	46 
4254	88 
4255	49 
4256	90 
4257	20 
4258	69 
4259	46 
4260	92 
4261	26 
4262	7 
4263	20 
4264	59 
4265	97 
4266	53 
4267	3 
4268	3 
4269	4 
4270	33 
4271	41 
4272	46 
4273	63 
4274	31 
4275	17 
4276	82 
4277	83 
4278	25 
4279	33 
4280	41 
4281	92 
4282	91 
4283	41 
4284	56 
4285	29 
4286	3 
4287	18 
4288	28 
4289	91 
4290	21 
4291	79 
4292	30 
4293	61 
4294	4 
4295	28 
4296	88 
4297	15 
4298	11 
4299	36 
4300	11 
4301	27 
4302	63 
4303	57 
4304	72 
4305	75 
4306	33 
4307	5 
4308	26 
4309	53 
4310	17 
4311	60 
4312	44 
4313	81 
4314	3 
4315	8 
4316	97 
4317	63 
4318	82 
4319	18 
4320	67 
4321	65 
4322	87 
4323	83 
4324	82 
4325	91 
4326	26 
4327	5 
4328	30 
4329	7 
4330	38 
4331	69 
4332	49 
4333	11 
4334	26 
4335	31 
4336	80 
4337	97 
4338	38 
4339	29 
4340	56 
4341	20 
4342	49 
4343	22 
4344	86 
4345	71 
4346	29 
4347	41 
4348	1 
4349	70 
4350	44 
4351	17 
4352	56 
4353	41 
4354	14 
4355	13 
4356	93 
4357	48 
4358	49 
4359	87 
4360	38 
4361	18 
4362	31 
4363	67 
4364	82 
4365	32 
4366	49 
4367	17 
4368	79 
4369	26 
4370	33 
4371	53 
4372	19 
4373	73 
4374	91 
4375	63 
4376	52 
4377	52 
4378	88 
4379	49 
4380	70 
4381	86 
4382	55 
4383	79 
4384	43 
4385	22 
4386	3 
4387	82 
4388	81 
4389	32 
4390	73 
4391	74 
4392	12 
4393	93 
4394	33 
4395	1 
4396	80 
4397	33 
4398	45 
4399	97 
4400	93 
4401	1 
4402	87 
4403	44 
4404	25 
4405	83 
4406	7 
4407	86 
4408	13 
4409	5 
4410	74 
4411	17 
4412	41 
4413	84 
4414	18 
4415	58 
4416	27 
4417	84 
4418	83 
4419	17 
4420	53 
4421	74 
4422	63 
4423	78 
4424	55 
4425	38 
4426	33 
4427	69 
4428	81 
4429	63 
4430	38 
4431	82 
4432	72 
4433	3 
4434	31 
4435	41 
4436	40 
4437	99 
4438	43 
4439	63 
4440	11 
4441	26 
4442	3 
4443	20 
4444	53 
4445	36 
4446	14 
4447	79 
4448	21 
4449	16 
4450	33 
4451	79 
4452	5 
4453	67 
4454	63 
4455	99 
4456	46 
4457	81 
4458	69 
4459	18 
4460	69 
4461	48 
4462	70 
4463	33 
4464	86 
4465	63 
4466	51 
4467	53 
4468	87 
4469	93 
4470	53 
4471	45 
4472	75 
4473	27 
4474	39 
4475	91 
4476	60 
4477	81 
4478	59 
4479	90 
4480	17 
4481	1 
4482	13 
4483	16 
4484	55 
4485	58 
4486	17 
4487	46 
4488	22 
4489	60 
4490	28 
4491	72 
4492	60 
4493	87 
4494	7 
4495	54 
4496	19 
4497	12 
4498	74 
4499	77 
4500	83 
4501	80 
4502	20 
4503	46 
4504	49 
4505	4 
4506	30 
4507	21 
4508	7 
4509	63 
4510	55 
4511	86 
4512	74 
4513	33 
4514	74 
4515	79 
4516	16 
4517	26 
4518	1 
4519	11 
4520	51 
4521	31 
4522	76 
4523	14 
4524	30 
4525	87 
4526	56 
4527	71 
4528	46 
4529	69 
4530	29 
4531	53 
4532	44 
4533	49 
4534	10 
4535	46 
4536	5 
4537	2 
4538	53 
4539	55 
4540	41 
4541	30 
4542	69 
4543	71 
4544	36 
4545	51 
4546	93 
4547	82 
4548	49 
4549	82 
4550	17 
4551	7 
4552	77 
4553	49 
4554	25 
4555	20 
4556	36 
4557	4 
4558	10 
4559	38 
4560	33 
4561	55 
4562	41 
4563	74 
4564	18 
4565	10 
4566	4 
4567	5 
4568	22 
4569	41 
4570	43 
4571	77 
4572	22 
4573	76 
4574	41 
4575	74 
4576	1 
4577	37 
4578	88 
4579	55 
4580	31 
4581	4 
4582	17 
4583	56 
4584	87 
4585	25 
4586	43 
4587	4 
4588	12 
4589	73 
4590	1 
4591	67 
4592	88 
4593	88 
4594	54 
4595	5 
4596	76 
4597	10 
4598	80 
4599	7 
4600	45 
4601	41 
4602	73 
4603	11 
4604	53 
4605	70 
4606	30 
4607	36 
4608	70 
4609	46 
4610	20 
4611	33 
4612	79 
4613	58 
4614	16 
4615	77 
4616	16 
4617	93 
4618	71 
4619	48 
4620	43 
4621	14 
4622	55 
4623	18 
4624	73 
4625	76 
4626	37 
4627	57 
4628	25 
4629	56 
4630	67 
4631	82 
4632	32 
4633	26 
4634	82 
4635	14 
4636	4 
4637	26 
4638	10 
4639	35 
4640	99 
4641	14 
4642	36 
4643	10 
4644	57 
4645	16 
4646	73 
4647	43 
4648	67 
4649	35 
4650	93 
4651	52 
4652	60 
4653	18 
4654	90 
4655	71 
4656	25 
4657	44 
4658	31 
4659	77 
4660	18 
4661	41 
4662	31 
4663	18 
4664	1 
4665	84 
4666	84 
4667	49 
4668	32 
4669	17 
4670	83 
4671	14 
4672	5 
4673	99 
4674	60 
4675	37 
4676	84 
4677	16 
4678	7 
4679	93 
4680	12 
4681	17 
4682	10 
4683	80 
4684	48 
4685	46 
4686	2 
4687	2 
4688	41 
4689	1 
4690	33 
4691	83 
4692	77 
4693	39 
4694	86 
4695	10 
4696	43 
4697	4 
4698	1 
4699	74 
4700	84 
4701	4 
4702	69 
4703	10 
4704	73 
4705	33 
4706	69 
4707	99 
4708	48 
4709	46 
4710	71 
4711	2 
4712	43 
4713	11 
4714	46 
4715	58 
4716	83 
4717	20 
4718	84 
4719	67 
4720	67 
4721	82 
4722	45 
4723	32 
4724	14 
4725	36 
4726	11 
4727	77 
4728	73 
4729	45 
4730	46 
4731	20 
4732	70 
4733	57 
4734	12 
4735	10 
4736	70 
4737	83 
4738	79 
4739	69 
4740	14 
4741	73 
4742	37 
4743	16 
4744	22 
4745	63 
4746	80 
4747	87 
4748	33 
4749	82 
4750	18 
4751	46 
4752	21 
4753	84 
4754	70 
4755	41 
4756	31 
4757	44 
4758	58 
4759	77 
4760	58 
4761	46 
4762	77 
4763	97 
4764	36 
4765	7 
4766	93 
4767	5 
4768	26 
4769	20 
4770	43 
4771	38 
4772	53 
4773	84 
4774	45 
4775	1 
4776	32 
4777	36 
4778	4 
4779	74 
4780	71 
4781	53 
4782	11 
4783	46 
4784	46 
4785	48 
4786	74 
4787	2 
4788	38 
4789	77 
4790	67 
4791	18 
4792	41 
4793	84 
4794	1 
4795	55 
4796	33 
4797	33 
4798	32 
4799	46 
4800	33 
4801	17 
4802	7 
4803	20 
4804	33 
4805	44 
4806	55 
4807	87 
4808	49 
4809	99 
4810	22 
4811	26 
4812	91 
4813	30 
4814	53 
4815	63 
4816	70 
4817	52 
4818	17 
4819	86 
4820	3 
4821	70 
4822	37 
4823	14 
4824	39 
4825	7 
4826	43 
4827	35 
4828	26 
4829	38 
4830	87 
4831	21 
4832	33 
4833	39 
4834	31 
4835	4 
4836	3 
4837	5 
4838	21 
4839	99 
4840	14 
4841	26 
4842	21 
4843	76 
4844	4 
4845	49 
4846	36 
4847	14 
4848	14 
4849	86 
4850	31 
4851	38 
4852	91 
4853	36 
4854	73 
4855	83 
4856	83 
4857	26 
4858	10 
4859	4 
4860	10 
4861	49 
4862	63 
4863	83 
4864	18 
4865	36 
4866	5 
4867	86 
4868	1 
4869	22 
4870	14 
4871	26 
4872	31 
4873	26 
4874	26 
4875	21 
4876	33 
4877	11 
4878	49 
4879	48 
4880	97 
4881	76 
4882	53 
4883	38 
4884	69 
4885	74 
4886	7 
4887	21 
4888	36 
4889	41 
4890	41 
4891	70 
4892	41 
4893	52 
4894	80 
4895	33 
4896	1 
4897	1 
4898	3 
4899	77 
4900	36 
4901	82 
4902	14 
4903	17 
4904	7 
4905	71 
4906	79 
4907	84 
4908	5 
4909	33 
4910	74 
4911	5 
4912	18 
4913	82 
4914	79 
4915	88 
4916	25 
4917	31 
4918	63 
4919	60 
4920	49 
4921	45 
4922	69 
4923	17 
4924	22 
4925	76 
4926	97 
4927	3 
4928	4 
4929	53 
4930	41 
4931	3 
4932	80 
4933	46 
4934	10 
4935	45 
4936	91 
4937	11 
4938	18 
4939	83 
4940	1 
4941	67 
4942	53 
4943	91 
4944	4 
4945	99 
4946	53 
4947	7 
4948	21 
4949	77 
4950	55 
4951	67 
4952	91 
4953	41 
4954	36 
4955	74 
4956	30 
4957	41 
4958	49 
4959	84 
4960	63 
4961	88 
4962	1 
4963	3 
4964	30 
4965	76 
4966	80 
4967	91 
4968	5 
4969	46 
4970	31 
4971	80 
4972	87 
4973	7 
4974	76 
4975	49 
4976	87 
4977	82 
4978	7 
4979	33 
4980	20 
4981	63 
4982	87 
4983	86 
4984	97 
4985	5 
4986	88 
4987	3 
4988	53 
4989	57 
4990	38 
4991	83 
4992	21 
4993	91 
4994	2 
4995	21 
4996	31 
4997	14 
4998	55 
4999	30 
5000	71 
