1	79 
2	38 
3	61 
4	65 
5	101 
6	21 
7	106 
8	53 
9	67 
10	80 
11	75 
12	68 
13	90 
14	32 
15	57 
16	94 
17	100 
18	42 
19	2 
20	1 
21	11 
22	84 
23	47 
24	16 
25	50 
26	2 
27	8 
28	62 
29	2 
30	31 
31	6 
32	33 
33	84 
34	30 
35	12 
36	52 
37	3 
38	42 
39	60 
40	87 
41	48 
42	52 
43	3 
44	48 
45	53 
46	64 
47	87 
48	44 
49	82 
50	73 
51	80 
52	26 
53	79 
54	60 
55	55 
56	31 
57	70 
58	100 
59	78 
60	28 
61	66 
62	19 
63	67 
64	4 
65	2 
66	84 
67	89 
68	85 
69	103 
70	22 
71	58 
72	44 
73	60 
74	68 
75	44 
76	105 
77	84 
78	27 
79	62 
80	84 
81	18 
82	82 
83	44 
84	36 
85	87 
86	31 
87	44 
88	34 
89	44 
90	52 
91	67 
92	95 
93	34 
94	34 
95	8 
96	83 
97	6 
98	97 
99	1 
100	97 
101	80 
102	5 
103	14 
104	82 
105	43 
106	32 
107	105 
108	44 
109	17 
110	60 
111	4 
112	105 
113	15 
114	27 
115	81 
116	28 
117	12 
118	36 
119	4 
120	49 
121	33 
122	15 
123	39 
124	107 
125	74 
126	8 
127	98 
128	24 
129	79 
130	49 
131	2 
132	33 
133	67 
134	73 
135	18 
136	28 
137	87 
138	59 
139	19 
140	21 
141	12 
142	75 
143	46 
144	8 
145	60 
146	84 
147	28 
148	15 
149	97 
150	76 
151	71 
152	80 
153	71 
154	24 
155	74 
156	70 
157	101 
158	21 
159	34 
160	90 
161	67 
162	75 
163	48 
164	31 
165	78 
166	27 
167	105 
168	77 
169	50 
170	45 
171	52 
172	15 
173	12 
174	15 
175	84 
176	9 
177	22 
178	54 
179	57 
180	7 
181	98 
182	19 
183	101 
184	96 
185	7 
186	90 
187	3 
188	29 
189	101 
190	80 
191	42 
192	59 
193	78 
194	47 
195	6 
196	23 
197	17 
198	41 
199	44 
200	92 
201	71 
202	90 
203	102 
204	84 
205	21 
206	100 
207	20 
208	101 
209	92 
210	107 
211	33 
212	4 
213	48 
214	18 
215	4 
216	84 
217	43 
218	7 
219	44 
220	83 
221	79 
222	23 
223	30 
224	8 
225	28 
226	27 
227	44 
228	60 
229	78 
230	70 
231	15 
232	88 
233	39 
234	105 
235	38 
236	91 
237	15 
238	82 
239	68 
240	36 
241	51 
242	36 
243	64 
244	11 
245	37 
246	102 
247	82 
248	100 
249	63 
250	100 
251	53 
252	101 
253	89 
254	41 
255	42 
256	23 
257	22 
258	76 
259	100 
260	36 
261	81 
262	24 
263	92 
264	95 
265	65 
266	21 
267	10 
268	14 
269	52 
270	31 
271	5 
272	12 
273	28 
274	52 
275	45 
276	24 
277	17 
278	43 
279	84 
280	68 
281	90 
282	84 
283	68 
284	11 
285	11 
286	33 
287	35 
288	101 
289	92 
290	29 
291	78 
292	6 
293	15 
294	32 
295	42 
296	11 
297	99 
298	36 
299	33 
300	104 
301	56 
302	20 
303	90 
304	71 
305	78 
306	31 
307	74 
308	31 
309	105 
310	10 
311	34 
312	47 
313	41 
314	17 
315	82 
316	106 
317	106 
318	34 
319	70 
320	78 
321	58 
322	100 
323	78 
324	10 
325	92 
326	12 
327	63 
328	65 
329	63 
330	86 
331	30 
332	10 
333	27 
334	56 
335	2 
336	11 
337	19 
338	46 
339	39 
340	58 
341	103 
342	58 
343	1 
344	23 
345	27 
346	65 
347	94 
348	46 
349	23 
350	12 
351	97 
352	79 
353	32 
354	71 
355	92 
356	101 
357	103 
358	67 
359	67 
360	101 
361	38 
362	6 
363	44 
364	8 
365	15 
366	84 
367	25 
368	20 
369	15 
370	84 
371	14 
372	5 
373	57 
374	90 
375	84 
376	41 
377	37 
378	1 
379	59 
380	13 
381	99 
382	29 
383	70 
384	13 
385	94 
386	16 
387	3 
388	78 
389	27 
390	79 
391	92 
392	18 
393	84 
394	17 
395	67 
396	70 
397	1 
398	101 
399	44 
400	15 
401	44 
402	84 
403	89 
404	102 
405	30 
406	38 
407	45 
408	74 
409	56 
410	99 
411	83 
412	28 
413	71 
414	52 
415	82 
416	29 
417	18 
418	98 
419	65 
420	80 
421	12 
422	27 
423	28 
424	31 
425	67 
426	79 
427	63 
428	29 
429	1 
430	17 
431	29 
432	34 
433	39 
434	76 
435	79 
436	65 
437	60 
438	36 
439	15 
440	4 
441	82 
442	44 
443	53 
444	106 
445	101 
446	37 
447	70 
448	66 
449	101 
450	41 
451	71 
452	95 
453	77 
454	4 
455	6 
456	23 
457	13 
458	29 
459	78 
460	79 
461	14 
462	41 
463	63 
464	59 
465	71 
466	80 
467	78 
468	40 
469	72 
470	84 
471	12 
472	89 
473	32 
474	96 
475	23 
476	46 
477	29 
478	29 
479	44 
480	59 
481	19 
482	32 
483	58 
484	74 
485	28 
486	83 
487	48 
488	32 
489	5 
490	15 
491	92 
492	71 
493	12 
494	10 
495	44 
496	67 
497	84 
498	84 
499	52 
500	17 
501	33 
502	87 
503	76 
504	19 
505	7 
506	78 
507	53 
508	21 
509	23 
510	74 
511	49 
512	41 
513	87 
514	31 
515	26 
516	34 
517	32 
518	107 
519	13 
520	33 
521	44 
522	90 
523	96 
524	61 
525	92 
526	12 
527	36 
528	8 
529	65 
530	21 
531	67 
532	36 
533	12 
534	69 
535	82 
536	28 
537	55 
538	95 
539	44 
540	82 
541	89 
542	70 
543	37 
544	71 
545	26 
546	97 
547	59 
548	84 
549	70 
550	7 
551	67 
552	58 
553	91 
554	77 
555	84 
556	17 
557	51 
558	3 
559	53 
560	93 
561	48 
562	27 
563	11 
564	29 
565	91 
566	35 
567	19 
568	57 
569	51 
570	97 
571	81 
572	84 
573	64 
574	19 
575	74 
576	34 
577	70 
578	24 
579	27 
580	57 
581	57 
582	107 
583	88 
584	77 
585	23 
586	107 
587	84 
588	33 
589	65 
590	20 
591	3 
592	17 
593	49 
594	71 
595	50 
596	14 
597	42 
598	36 
599	33 
600	76 
601	31 
602	79 
603	93 
604	10 
605	29 
606	76 
607	85 
608	97 
609	103 
610	59 
611	11 
612	37 
613	7 
614	54 
615	90 
616	44 
617	14 
618	81 
619	61 
620	10 
621	77 
622	63 
623	23 
624	40 
625	25 
626	98 
627	18 
628	40 
629	65 
630	98 
631	7 
632	104 
633	76 
634	66 
635	66 
636	106 
637	60 
638	18 
639	87 
640	30 
641	34 
642	12 
643	73 
644	97 
645	67 
646	86 
647	98 
648	101 
649	71 
650	9 
651	57 
652	100 
653	22 
654	30 
655	85 
656	57 
657	42 
658	21 
659	73 
660	83 
661	41 
662	14 
663	106 
664	89 
665	12 
666	12 
667	71 
668	97 
669	71 
670	92 
671	44 
672	18 
673	87 
674	73 
675	7 
676	90 
677	52 
678	61 
679	83 
680	49 
681	72 
682	79 
683	11 
684	79 
685	67 
686	98 
687	76 
688	32 
689	59 
690	92 
691	15 
692	29 
693	105 
694	80 
695	7 
696	23 
697	56 
698	34 
699	5 
700	105 
701	93 
702	65 
703	105 
704	105 
705	93 
706	89 
707	86 
708	12 
709	102 
710	70 
711	80 
712	99 
713	90 
714	31 
715	17 
716	6 
717	41 
718	57 
719	96 
720	22 
721	100 
722	81 
723	72 
724	12 
725	76 
726	24 
727	19 
728	84 
729	89 
730	105 
731	56 
732	79 
733	106 
734	5 
735	63 
736	12 
737	3 
738	41 
739	17 
740	91 
741	101 
742	12 
743	100 
744	45 
745	14 
746	15 
747	46 
748	40 
749	92 
750	44 
751	17 
752	39 
753	82 
754	67 
755	80 
756	101 
757	67 
758	42 
759	42 
760	27 
761	28 
762	36 
763	90 
764	100 
765	17 
766	44 
767	89 
768	57 
769	87 
770	74 
771	56 
772	52 
773	107 
774	87 
775	106 
776	34 
777	19 
778	39 
779	98 
780	42 
781	30 
782	67 
783	100 
784	12 
785	82 
786	13 
787	37 
788	87 
789	56 
790	83 
791	28 
792	22 
793	79 
794	9 
795	106 
796	71 
797	101 
798	10 
799	16 
800	71 
801	7 
802	92 
803	84 
804	5 
805	82 
806	43 
807	48 
808	87 
809	16 
810	87 
811	84 
812	81 
813	60 
814	5 
815	55 
816	22 
817	64 
818	88 
819	100 
820	32 
821	60 
822	5 
823	99 
824	90 
825	98 
826	100 
827	107 
828	65 
829	86 
830	45 
831	46 
832	24 
833	23 
834	30 
835	28 
836	45 
837	2 
838	13 
839	28 
840	18 
841	36 
842	18 
843	42 
844	72 
845	104 
846	6 
847	57 
848	64 
849	32 
850	67 
851	81 
852	27 
853	103 
854	43 
855	67 
856	82 
857	43 
858	25 
859	36 
860	101 
861	46 
862	38 
863	1 
864	56 
865	58 
866	13 
867	87 
868	91 
869	57 
870	96 
871	20 
872	100 
873	46 
874	36 
875	65 
876	56 
877	105 
878	99 
879	40 
880	5 
881	90 
882	1 
883	34 
884	55 
885	11 
886	63 
887	92 
888	18 
889	85 
890	98 
891	42 
892	31 
893	7 
894	20 
895	26 
896	49 
897	3 
898	6 
899	51 
900	74 
901	90 
902	73 
903	65 
904	88 
905	40 
906	28 
907	28 
908	8 
909	16 
910	65 
911	54 
912	99 
913	87 
914	27 
915	22 
916	15 
917	36 
918	50 
919	42 
920	83 
921	106 
922	49 
923	24 
924	3 
925	79 
926	32 
927	35 
928	93 
929	5 
930	92 
931	69 
932	82 
933	29 
934	55 
935	44 
936	75 
937	28 
938	75 
939	29 
940	67 
941	87 
942	105 
943	82 
944	106 
945	60 
946	79 
947	103 
948	82 
949	77 
950	99 
951	44 
952	34 
953	84 
954	95 
955	46 
956	67 
957	55 
958	30 
959	20 
960	15 
961	9 
962	72 
963	11 
964	74 
965	5 
966	45 
967	9 
968	7 
969	42 
970	29 
971	79 
972	27 
973	95 
974	14 
975	10 
976	60 
977	41 
978	84 
979	60 
980	7 
981	6 
982	65 
983	5 
984	79 
985	81 
986	67 
987	36 
988	91 
989	15 
990	36 
991	72 
992	27 
993	101 
994	27 
995	92 
996	90 
997	20 
998	28 
999	26 
1000	4 
1001	75 
1002	102 
1003	75 
1004	17 
1005	74 
1006	105 
1007	89 
1008	59 
1009	90 
1010	72 
1011	23 
1012	5 
1013	60 
1014	45 
1015	65 
1016	44 
1017	79 
1018	49 
1019	50 
1020	27 
1021	66 
1022	88 
1023	88 
1024	25 
1025	87 
1026	53 
1027	18 
1028	18 
1029	47 
1030	49 
1031	101 
1032	32 
1033	63 
1034	10 
1035	28 
1036	82 
1037	24 
1038	68 
1039	57 
1040	72 
1041	102 
1042	8 
1043	96 
1044	104 
1045	28 
1046	44 
1047	84 
1048	101 
1049	84 
1050	22 
1051	10 
1052	83 
1053	28 
1054	18 
1055	83 
1056	83 
1057	99 
1058	99 
1059	10 
1060	3 
1061	80 
1062	97 
1063	18 
1064	27 
1065	84 
1066	94 
1067	46 
1068	87 
1069	87 
1070	8 
1071	57 
1072	106 
1073	38 
1074	59 
1075	74 
1076	14 
1077	61 
1078	79 
1079	55 
1080	67 
1081	106 
1082	30 
1083	11 
1084	38 
1085	17 
1086	65 
1087	100 
1088	71 
1089	57 
1090	21 
1091	78 
1092	45 
1093	80 
1094	7 
1095	29 
1096	94 
1097	9 
1098	17 
1099	51 
1100	54 
1101	11 
1102	42 
1103	67 
1104	47 
1105	87 
1106	8 
1107	43 
1108	96 
1109	3 
1110	3 
1111	80 
1112	74 
1113	26 
1114	94 
1115	19 
1116	65 
1117	22 
1118	91 
1119	85 
1120	10 
1121	100 
1122	59 
1123	95 
1124	65 
1125	106 
1126	5 
1127	34 
1128	18 
1129	104 
1130	31 
1131	55 
1132	2 
1133	14 
1134	44 
1135	11 
1136	32 
1137	89 
1138	21 
1139	28 
1140	7 
1141	65 
1142	76 
1143	55 
1144	56 
1145	90 
1146	63 
1147	42 
1148	18 
1149	18 
1150	54 
1151	57 
1152	66 
1153	20 
1154	60 
1155	105 
1156	16 
1157	82 
1158	14 
1159	76 
1160	34 
1161	16 
1162	28 
1163	13 
1164	99 
1165	27 
1166	95 
1167	44 
1168	11 
1169	92 
1170	39 
1171	8 
1172	72 
1173	81 
1174	106 
1175	63 
1176	80 
1177	47 
1178	14 
1179	96 
1180	88 
1181	99 
1182	14 
1183	85 
1184	51 
1185	104 
1186	27 
1187	86 
1188	19 
1189	30 
1190	66 
1191	5 
1192	92 
1193	105 
1194	61 
1195	67 
1196	7 
1197	12 
1198	19 
1199	68 
1200	47 
1201	41 
1202	16 
1203	106 
1204	55 
1205	82 
1206	77 
1207	30 
1208	5 
1209	86 
1210	79 
1211	77 
1212	26 
1213	60 
1214	91 
1215	14 
1216	41 
1217	90 
1218	105 
1219	68 
1220	101 
1221	10 
1222	57 
1223	23 
1224	65 
1225	40 
1226	52 
1227	15 
1228	69 
1229	47 
1230	17 
1231	39 
1232	10 
1233	37 
1234	51 
1235	44 
1236	15 
1237	69 
1238	97 
1239	38 
1240	59 
1241	67 
1242	2 
1243	73 
1244	69 
1245	95 
1246	17 
1247	17 
1248	54 
1249	58 
1250	59 
1251	84 
1252	43 
1253	36 
1254	15 
1255	7 
1256	53 
1257	45 
1258	53 
1259	60 
1260	101 
1261	18 
1262	83 
1263	89 
1264	83 
1265	28 
1266	74 
1267	106 
1268	85 
1269	31 
1270	27 
1271	80 
1272	89 
1273	27 
1274	70 
1275	40 
1276	14 
1277	87 
1278	19 
1279	4 
1280	103 
1281	18 
1282	18 
1283	8 
1284	18 
1285	78 
1286	14 
1287	86 
1288	59 
1289	70 
1290	73 
1291	105 
1292	53 
1293	99 
1294	96 
1295	104 
1296	96 
1297	12 
1298	106 
1299	49 
1300	22 
1301	49 
1302	47 
1303	88 
1304	84 
1305	10 
1306	75 
1307	8 
1308	46 
1309	55 
1310	6 
1311	67 
1312	57 
1313	58 
1314	53 
1315	3 
1316	33 
1317	30 
1318	92 
1319	101 
1320	31 
1321	23 
1322	100 
1323	65 
1324	66 
1325	8 
1326	65 
1327	104 
1328	105 
1329	83 
1330	17 
1331	79 
1332	18 
1333	61 
1334	74 
1335	19 
1336	15 
1337	71 
1338	48 
1339	36 
1340	86 
1341	74 
1342	27 
1343	1 
1344	54 
1345	69 
1346	12 
1347	87 
1348	82 
1349	83 
1350	33 
1351	54 
1352	23 
1353	94 
1354	37 
1355	97 
1356	49 
1357	12 
1358	13 
1359	98 
1360	88 
1361	46 
1362	72 
1363	84 
1364	69 
1365	86 
1366	58 
1367	93 
1368	98 
1369	71 
1370	50 
1371	71 
1372	56 
1373	44 
1374	105 
1375	56 
1376	36 
1377	75 
1378	6 
1379	67 
1380	16 
1381	79 
1382	14 
1383	69 
1384	1 
1385	62 
1386	69 
1387	76 
1388	95 
1389	105 
1390	73 
1391	44 
1392	15 
1393	29 
1394	5 
1395	42 
1396	47 
1397	22 
1398	79 
1399	39 
1400	68 
1401	61 
1402	88 
1403	92 
1404	16 
1405	5 
1406	28 
1407	2 
1408	103 
1409	40 
1410	98 
1411	12 
1412	79 
1413	11 
1414	29 
1415	66 
1416	104 
1417	65 
1418	71 
1419	55 
1420	56 
1421	16 
1422	56 
1423	40 
1424	102 
1425	51 
1426	12 
1427	36 
1428	86 
1429	24 
1430	23 
1431	60 
1432	18 
1433	22 
1434	27 
1435	92 
1436	15 
1437	14 
1438	36 
1439	34 
1440	6 
1441	103 
1442	41 
1443	56 
1444	8 
1445	52 
1446	62 
1447	68 
1448	86 
1449	72 
1450	23 
1451	19 
1452	17 
1453	8 
1454	25 
1455	107 
1456	23 
1457	6 
1458	18 
1459	13 
1460	87 
1461	12 
1462	81 
1463	36 
1464	82 
1465	50 
1466	90 
1467	84 
1468	40 
1469	40 
1470	24 
1471	76 
1472	94 
1473	12 
1474	101 
1475	19 
1476	103 
1477	56 
1478	29 
1479	79 
1480	80 
1481	90 
1482	83 
1483	23 
1484	12 
1485	78 
1486	92 
1487	33 
1488	12 
1489	105 
1490	32 
1491	19 
1492	6 
1493	68 
1494	50 
1495	105 
1496	34 
1497	80 
1498	31 
1499	84 
1500	67 
1501	80 
1502	49 
1503	29 
1504	106 
1505	22 
1506	89 
1507	105 
1508	71 
1509	14 
1510	27 
1511	7 
1512	4 
1513	21 
1514	99 
1515	53 
1516	14 
1517	105 
1518	7 
1519	93 
1520	29 
1521	70 
1522	102 
1523	29 
1524	80 
1525	36 
1526	95 
1527	80 
1528	32 
1529	42 
1530	30 
1531	17 
1532	31 
1533	28 
1534	63 
1535	9 
1536	102 
1537	21 
1538	106 
1539	12 
1540	69 
1541	36 
1542	49 
1543	26 
1544	83 
1545	40 
1546	92 
1547	67 
1548	76 
1549	39 
1550	5 
1551	92 
1552	56 
1553	92 
1554	88 
1555	44 
1556	83 
1557	79 
1558	98 
1559	99 
1560	26 
1561	91 
1562	89 
1563	19 
1564	7 
1565	65 
1566	43 
1567	56 
1568	47 
1569	46 
1570	76 
1571	50 
1572	34 
1573	105 
1574	105 
1575	17 
1576	52 
1577	54 
1578	65 
1579	17 
1580	49 
1581	71 
1582	28 
1583	72 
1584	83 
1585	65 
1586	85 
1587	63 
1588	48 
1589	84 
1590	26 
1591	10 
1592	14 
1593	33 
1594	102 
1595	5 
1596	84 
1597	105 
1598	67 
1599	56 
1600	67 
1601	99 
1602	106 
1603	12 
1604	57 
1605	94 
1606	24 
1607	45 
1608	84 
1609	75 
1610	38 
1611	106 
1612	63 
1613	11 
1614	14 
1615	65 
1616	49 
1617	72 
1618	14 
1619	8 
1620	26 
1621	89 
1622	84 
1623	36 
1624	87 
1625	61 
1626	28 
1627	12 
1628	19 
1629	34 
1630	87 
1631	92 
1632	68 
1633	87 
1634	13 
1635	25 
1636	107 
1637	38 
1638	100 
1639	51 
1640	5 
1641	13 
1642	105 
1643	12 
1644	101 
1645	60 
1646	84 
1647	90 
1648	21 
1649	8 
1650	106 
1651	81 
1652	70 
1653	76 
1654	78 
1655	26 
1656	2 
1657	53 
1658	12 
1659	5 
1660	30 
1661	80 
1662	27 
1663	82 
1664	31 
1665	15 
1666	42 
1667	95 
1668	10 
1669	96 
1670	90 
1671	64 
1672	40 
1673	67 
1674	5 
1675	86 
1676	2 
1677	2 
1678	20 
1679	82 
1680	52 
1681	90 
1682	101 
1683	11 
1684	65 
1685	64 
1686	51 
1687	60 
1688	33 
1689	47 
1690	77 
1691	23 
1692	84 
1693	74 
1694	4 
1695	92 
1696	88 
1697	94 
1698	26 
1699	62 
1700	17 
1701	88 
1702	75 
1703	90 
1704	100 
1705	92 
1706	57 
1707	6 
1708	90 
1709	48 
1710	65 
1711	12 
1712	28 
1713	57 
1714	74 
1715	85 
1716	85 
1717	23 
1718	63 
1719	28 
1720	18 
1721	9 
1722	36 
1723	42 
1724	11 
1725	39 
1726	65 
1727	84 
1728	72 
1729	98 
1730	19 
1731	94 
1732	35 
1733	50 
1734	17 
1735	89 
1736	42 
1737	25 
1738	69 
1739	62 
1740	92 
1741	30 
1742	106 
1743	93 
1744	84 
1745	65 
1746	71 
1747	99 
1748	23 
1749	77 
1750	69 
1751	31 
1752	55 
1753	14 
1754	105 
1755	75 
1756	85 
1757	42 
1758	34 
1759	50 
1760	56 
1761	16 
1762	44 
1763	10 
1764	44 
1765	54 
1766	80 
1767	64 
1768	106 
1769	103 
1770	11 
1771	6 
1772	103 
1773	56 
1774	52 
1775	28 
1776	18 
1777	9 
1778	4 
1779	84 
1780	106 
1781	65 
1782	36 
1783	8 
1784	27 
1785	82 
1786	18 
1787	107 
1788	84 
1789	77 
1790	10 
1791	15 
1792	44 
1793	10 
1794	28 
1795	35 
1796	88 
1797	15 
1798	12 
1799	71 
1800	29 
1801	101 
1802	10 
1803	30 
1804	100 
1805	62 
1806	23 
1807	35 
1808	2 
1809	105 
1810	72 
1811	79 
1812	18 
1813	58 
1814	4 
1815	84 
1816	52 
1817	39 
1818	40 
1819	74 
1820	2 
1821	74 
1822	13 
1823	107 
1824	82 
1825	14 
1826	5 
1827	77 
1828	99 
1829	85 
1830	18 
1831	23 
1832	79 
1833	77 
1834	6 
1835	18 
1836	65 
1837	85 
1838	13 
1839	20 
1840	93 
1841	57 
1842	38 
1843	7 
1844	46 
1845	82 
1846	67 
1847	40 
1848	9 
1849	71 
1850	106 
1851	19 
1852	22 
1853	75 
1854	62 
1855	46 
1856	18 
1857	64 
1858	8 
1859	82 
1860	86 
1861	20 
1862	106 
1863	31 
1864	105 
1865	27 
1866	49 
1867	36 
1868	82 
1869	86 
1870	11 
1871	73 
1872	97 
1873	10 
1874	79 
1875	105 
1876	23 
1877	63 
1878	15 
1879	83 
1880	9 
1881	77 
1882	10 
1883	92 
1884	30 
1885	40 
1886	98 
1887	36 
1888	2 
1889	106 
1890	84 
1891	14 
1892	24 
1893	99 
1894	24 
1895	39 
1896	33 
1897	66 
1898	99 
1899	33 
1900	57 
1901	103 
1902	71 
1903	74 
1904	74 
1905	84 
1906	106 
1907	42 
1908	56 
1909	76 
1910	11 
1911	49 
1912	56 
1913	59 
1914	48 
1915	40 
1916	65 
1917	1 
1918	63 
1919	71 
1920	83 
1921	34 
1922	34 
1923	99 
1924	65 
1925	60 
1926	61 
1927	91 
1928	65 
1929	42 
1930	73 
1931	81 
1932	18 
1933	89 
1934	58 
1935	46 
1936	92 
1937	62 
1938	14 
1939	82 
1940	5 
1941	51 
1942	74 
1943	72 
1944	23 
1945	26 
1946	23 
1947	24 
1948	90 
1949	14 
1950	78 
1951	20 
1952	57 
1953	26 
1954	12 
1955	57 
1956	15 
1957	48 
1958	69 
1959	79 
1960	81 
1961	20 
1962	11 
1963	80 
1964	35 
1965	12 
1966	29 
1967	72 
1968	90 
1969	24 
1970	99 
1971	63 
1972	48 
1973	96 
1974	41 
1975	82 
1976	58 
1977	2 
1978	51 
1979	24 
1980	7 
1981	83 
1982	66 
1983	106 
1984	73 
1985	5 
1986	46 
1987	104 
1988	62 
1989	10 
1990	13 
1991	60 
1992	4 
1993	18 
1994	74 
1995	60 
1996	40 
1997	48 
1998	51 
1999	31 
2000	101 
2001	10 
2002	12 
2003	85 
2004	6 
2005	18 
2006	65 
2007	26 
2008	19 
2009	37 
2010	65 
2011	40 
2012	9 
2013	40 
2014	5 
2015	48 
2016	70 
2017	87 
2018	35 
2019	23 
2020	103 
2021	88 
2022	26 
2023	23 
2024	52 
2025	76 
2026	10 
2027	60 
2028	64 
2029	75 
2030	3 
2031	23 
2032	1 
2033	103 
2034	56 
2035	28 
2036	69 
2037	62 
2038	26 
2039	82 
2040	106 
2041	7 
2042	34 
2043	21 
2044	51 
2045	69 
2046	27 
2047	9 
2048	59 
2049	83 
2050	83 
2051	65 
2052	94 
2053	57 
2054	58 
2055	106 
2056	84 
2057	44 
2058	5 
2059	22 
2060	90 
2061	46 
2062	49 
2063	61 
2064	82 
2065	82 
2066	42 
2067	5 
2068	44 
2069	50 
2070	87 
2071	37 
2072	23 
2073	71 
2074	48 
2075	79 
2076	7 
2077	15 
2078	28 
2079	10 
2080	47 
2081	71 
2082	29 
2083	19 
2084	96 
2085	40 
2086	44 
2087	4 
2088	56 
2089	5 
2090	24 
2091	51 
2092	22 
2093	76 
2094	54 
2095	17 
2096	90 
2097	21 
2098	50 
2099	59 
2100	44 
2101	73 
2102	79 
2103	56 
2104	67 
2105	30 
2106	14 
2107	67 
2108	107 
2109	65 
2110	79 
2111	84 
2112	25 
2113	32 
2114	65 
2115	32 
2116	106 
2117	11 
2118	41 
2119	17 
2120	39 
2121	58 
2122	73 
2123	36 
2124	37 
2125	1 
2126	92 
2127	8 
2128	87 
2129	81 
2130	67 
2131	97 
2132	43 
2133	78 
2134	22 
2135	43 
2136	45 
2137	21 
2138	23 
2139	54 
2140	38 
2141	32 
2142	56 
2143	18 
2144	52 
2145	63 
2146	17 
2147	94 
2148	6 
2149	46 
2150	53 
2151	84 
2152	80 
2153	103 
2154	47 
2155	104 
2156	101 
2157	55 
2158	34 
2159	29 
2160	44 
2161	18 
2162	52 
2163	1 
2164	37 
2165	20 
2166	103 
2167	49 
2168	84 
2169	18 
2170	78 
2171	69 
2172	2 
2173	90 
2174	15 
2175	89 
2176	32 
2177	84 
2178	19 
2179	87 
2180	41 
2181	15 
2182	27 
2183	20 
2184	40 
2185	77 
2186	70 
2187	65 
2188	87 
2189	67 
2190	46 
2191	19 
2192	16 
2193	57 
2194	29 
2195	40 
2196	80 
2197	27 
2198	28 
2199	32 
2200	44 
2201	92 
2202	82 
2203	27 
2204	32 
2205	101 
2206	83 
2207	76 
2208	71 
2209	23 
2210	92 
2211	82 
2212	65 
2213	24 
2214	74 
2215	59 
2216	14 
2217	14 
2218	83 
2219	71 
2220	11 
2221	100 
2222	11 
2223	28 
2224	75 
2225	92 
2226	84 
2227	73 
2228	11 
2229	87 
2230	56 
2231	103 
2232	45 
2233	104 
2234	103 
2235	24 
2236	36 
2237	40 
2238	66 
2239	29 
2240	32 
2241	101 
2242	65 
2243	80 
2244	105 
2245	23 
2246	8 
2247	15 
2248	36 
2249	44 
2250	23 
2251	99 
2252	31 
2253	78 
2254	45 
2255	29 
2256	89 
2257	55 
2258	56 
2259	15 
2260	36 
2261	53 
2262	75 
2263	26 
2264	26 
2265	47 
2266	12 
2267	82 
2268	62 
2269	13 
2270	44 
2271	84 
2272	92 
2273	14 
2274	20 
2275	12 
2276	99 
2277	19 
2278	40 
2279	27 
2280	67 
2281	78 
2282	105 
2283	32 
2284	18 
2285	29 
2286	88 
2287	18 
2288	15 
2289	22 
2290	40 
2291	52 
2292	9 
2293	46 
2294	36 
2295	6 
2296	94 
2297	44 
2298	92 
2299	23 
2300	62 
2301	15 
2302	107 
2303	4 
2304	99 
2305	64 
2306	48 
2307	22 
2308	34 
2309	91 
2310	78 
2311	106 
2312	9 
2313	25 
2314	87 
2315	71 
2316	85 
2317	32 
2318	92 
2319	70 
2320	100 
2321	80 
2322	63 
2323	69 
2324	15 
2325	103 
2326	6 
2327	27 
2328	59 
2329	36 
2330	92 
2331	36 
2332	1 
2333	83 
2334	3 
2335	74 
2336	92 
2337	27 
2338	105 
2339	98 
2340	48 
2341	101 
2342	90 
2343	74 
2344	70 
2345	24 
2346	76 
2347	32 
2348	93 
2349	5 
2350	76 
2351	90 
2352	74 
2353	93 
2354	18 
2355	27 
2356	30 
2357	105 
2358	65 
2359	100 
2360	23 
2361	22 
2362	100 
2363	7 
2364	56 
2365	83 
2366	84 
2367	105 
2368	30 
2369	82 
2370	88 
2371	5 
2372	27 
2373	46 
2374	93 
2375	87 
2376	83 
2377	20 
2378	57 
2379	35 
2380	63 
2381	42 
2382	99 
2383	76 
2384	38 
2385	95 
2386	15 
2387	70 
2388	96 
2389	6 
2390	74 
2391	29 
2392	84 
2393	90 
2394	26 
2395	6 
2396	41 
2397	18 
2398	52 
2399	79 
2400	22 
2401	82 
2402	34 
2403	27 
2404	32 
2405	3 
2406	20 
2407	91 
2408	46 
2409	17 
2410	84 
2411	66 
2412	27 
2413	67 
2414	36 
2415	74 
2416	56 
2417	10 
2418	41 
2419	98 
2420	46 
2421	20 
2422	6 
2423	37 
2424	102 
2425	70 
2426	80 
2427	64 
2428	7 
2429	4 
2430	43 
2431	62 
2432	24 
2433	29 
2434	5 
2435	17 
2436	36 
2437	44 
2438	7 
2439	84 
2440	8 
2441	26 
2442	92 
2443	86 
2444	28 
2445	7 
2446	101 
2447	79 
2448	41 
2449	103 
2450	83 
2451	15 
2452	18 
2453	27 
2454	12 
2455	6 
2456	67 
2457	21 
2458	22 
2459	107 
2460	53 
2461	90 
2462	101 
2463	27 
2464	12 
2465	59 
2466	30 
2467	15 
2468	32 
2469	44 
2470	94 
2471	21 
2472	18 
2473	106 
2474	97 
2475	71 
2476	34 
2477	14 
2478	90 
2479	98 
2480	101 
2481	60 
2482	85 
2483	3 
2484	40 
2485	90 
2486	34 
2487	23 
2488	18 
2489	12 
2490	19 
2491	23 
2492	25 
2493	26 
2494	104 
2495	6 
2496	105 
2497	102 
2498	82 
2499	86 
2500	18 
2501	10 
2502	106 
2503	32 
2504	20 
2505	56 
2506	65 
2507	5 
2508	54 
2509	36 
2510	23 
2511	59 
2512	10 
2513	18 
2514	107 
2515	72 
2516	87 
2517	106 
2518	36 
2519	37 
2520	90 
2521	90 
2522	11 
2523	14 
2524	80 
2525	11 
2526	90 
2527	19 
2528	105 
2529	100 
2530	38 
2531	57 
2532	79 
2533	98 
2534	96 
2535	57 
2536	69 
2537	45 
2538	72 
2539	82 
2540	31 
2541	67 
2542	18 
2543	36 
2544	4 
2545	106 
2546	17 
2547	71 
2548	48 
2549	105 
2550	56 
2551	60 
2552	36 
2553	67 
2554	10 
2555	14 
2556	75 
2557	101 
2558	97 
2559	87 
2560	36 
2561	97 
2562	105 
2563	84 
2564	58 
2565	12 
2566	17 
2567	40 
2568	77 
2569	92 
2570	76 
2571	29 
2572	14 
2573	38 
2574	5 
2575	71 
2576	87 
2577	36 
2578	61 
2579	101 
2580	29 
2581	27 
2582	84 
2583	12 
2584	20 
2585	88 
2586	89 
2587	103 
2588	6 
2589	67 
2590	36 
2591	100 
2592	7 
2593	27 
2594	19 
2595	31 
2596	39 
2597	27 
2598	52 
2599	12 
2600	44 
2601	20 
2602	72 
2603	73 
2604	57 
2605	18 
2606	1 
2607	90 
2608	67 
2609	100 
2610	6 
2611	32 
2612	57 
2613	27 
2614	80 
2615	77 
2616	32 
2617	93 
2618	100 
2619	103 
2620	51 
2621	9 
2622	65 
2623	17 
2624	4 
2625	56 
2626	44 
2627	5 
2628	65 
2629	70 
2630	32 
2631	60 
2632	27 
2633	70 
2634	44 
2635	27 
2636	95 
2637	105 
2638	1 
2639	60 
2640	70 
2641	57 
2642	37 
2643	3 
2644	83 
2645	47 
2646	17 
2647	79 
2648	42 
2649	101 
2650	67 
2651	85 
2652	56 
2653	43 
2654	73 
2655	29 
2656	60 
2657	73 
2658	20 
2659	82 
2660	81 
2661	44 
2662	80 
2663	10 
2664	25 
2665	35 
2666	58 
2667	33 
2668	15 
2669	102 
2670	41 
2671	101 
2672	49 
2673	99 
2674	53 
2675	26 
2676	10 
2677	32 
2678	61 
2679	44 
2680	92 
2681	56 
2682	20 
2683	83 
2684	83 
2685	77 
2686	61 
2687	77 
2688	87 
2689	19 
2690	39 
2691	18 
2692	19 
2693	32 
2694	62 
2695	86 
2696	93 
2697	5 
2698	49 
2699	5 
2700	77 
2701	52 
2702	32 
2703	15 
2704	101 
2705	90 
2706	1 
2707	12 
2708	8 
2709	19 
2710	36 
2711	61 
2712	10 
2713	97 
2714	106 
2715	23 
2716	37 
2717	21 
2718	41 
2719	3 
2720	12 
2721	36 
2722	79 
2723	70 
2724	87 
2725	17 
2726	68 
2727	105 
2728	23 
2729	79 
2730	53 
2731	30 
2732	27 
2733	48 
2734	83 
2735	29 
2736	73 
2737	38 
2738	69 
2739	32 
2740	2 
2741	98 
2742	18 
2743	43 
2744	97 
2745	27 
2746	16 
2747	19 
2748	12 
2749	27 
2750	93 
2751	27 
2752	92 
2753	33 
2754	102 
2755	14 
2756	4 
2757	75 
2758	72 
2759	103 
2760	57 
2761	23 
2762	25 
2763	105 
2764	92 
2765	91 
2766	28 
2767	20 
2768	82 
2769	29 
2770	25 
2771	66 
2772	99 
2773	12 
2774	13 
2775	18 
2776	41 
2777	5 
2778	12 
2779	90 
2780	14 
2781	52 
2782	82 
2783	103 
2784	4 
2785	87 
2786	79 
2787	82 
2788	106 
2789	54 
2790	63 
2791	55 
2792	92 
2793	55 
2794	86 
2795	79 
2796	65 
2797	29 
2798	44 
2799	96 
2800	28 
2801	53 
2802	83 
2803	67 
2804	41 
2805	89 
2806	25 
2807	62 
2808	94 
2809	37 
2810	79 
2811	99 
2812	23 
2813	92 
2814	34 
2815	4 
2816	87 
2817	10 
2818	85 
2819	34 
2820	61 
2821	24 
2822	16 
2823	102 
2824	103 
2825	45 
2826	42 
2827	35 
2828	98 
2829	66 
2830	107 
2831	25 
2832	48 
2833	11 
2834	87 
2835	68 
2836	21 
2837	34 
2838	3 
2839	93 
2840	57 
2841	79 
2842	18 
2843	106 
2844	106 
2845	93 
2846	105 
2847	42 
2848	68 
2849	79 
2850	84 
2851	87 
2852	91 
2853	83 
2854	37 
2855	34 
2856	83 
2857	35 
2858	58 
2859	79 
2860	6 
2861	65 
2862	92 
2863	88 
2864	38 
2865	92 
2866	42 
2867	15 
2868	95 
2869	25 
2870	1 
2871	14 
2872	103 
2873	12 
2874	30 
2875	36 
2876	36 
2877	65 
2878	31 
2879	44 
2880	56 
2881	51 
2882	17 
2883	29 
2884	9 
2885	56 
2886	98 
2887	42 
2888	5 
2889	26 
2890	39 
2891	33 
2892	68 
2893	61 
2894	65 
2895	18 
2896	67 
2897	29 
2898	105 
2899	83 
2900	56 
2901	50 
2902	106 
2903	32 
2904	69 
2905	10 
2906	97 
2907	96 
2908	63 
2909	18 
2910	30 
2911	87 
2912	98 
2913	30 
2914	97 
2915	82 
2916	29 
2917	12 
2918	37 
2919	84 
2920	14 
2921	67 
2922	30 
2923	56 
2924	42 
2925	43 
2926	99 
2927	34 
2928	42 
2929	73 
2930	98 
2931	39 
2932	65 
2933	65 
2934	27 
2935	97 
2936	56 
2937	66 
2938	35 
2939	6 
2940	99 
2941	42 
2942	19 
2943	20 
2944	26 
2945	63 
2946	22 
2947	63 
2948	79 
2949	42 
2950	7 
2951	82 
2952	34 
2953	21 
2954	105 
2955	15 
2956	79 
2957	10 
2958	77 
2959	102 
2960	105 
2961	67 
2962	44 
2963	103 
2964	57 
2965	9 
2966	54 
2967	97 
2968	84 
2969	37 
2970	94 
2971	38 
2972	97 
2973	28 
2974	48 
2975	57 
2976	56 
2977	7 
2978	105 
2979	40 
2980	44 
2981	31 
2982	75 
2983	71 
2984	87 
2985	88 
2986	98 
2987	65 
2988	55 
2989	93 
2990	80 
2991	34 
2992	57 
2993	64 
2994	36 
2995	22 
2996	52 
2997	91 
2998	22 
2999	62 
3000	57 
3001	44 
3002	52 
3003	5 
3004	14 
3005	79 
3006	48 
3007	89 
3008	38 
3009	52 
3010	42 
3011	50 
3012	10 
3013	11 
3014	89 
3015	74 
3016	73 
3017	105 
3018	95 
3019	29 
3020	58 
3021	83 
3022	35 
3023	44 
3024	82 
3025	95 
3026	106 
3027	53 
3028	36 
3029	57 
3030	98 
3031	5 
3032	70 
3033	52 
3034	11 
3035	56 
3036	2 
3037	61 
3038	87 
3039	93 
3040	11 
3041	23 
3042	6 
3043	96 
3044	58 
3045	79 
3046	2 
3047	39 
3048	82 
3049	24 
3050	3 
3051	18 
3052	70 
3053	92 
3054	35 
3055	56 
3056	55 
3057	11 
3058	83 
3059	12 
3060	8 
3061	14 
3062	18 
3063	56 
3064	106 
3065	48 
3066	10 
3067	84 
3068	93 
3069	54 
3070	19 
3071	103 
3072	40 
3073	6 
3074	66 
3075	90 
3076	90 
3077	4 
3078	6 
3079	46 
3080	22 
3081	51 
3082	92 
3083	92 
3084	91 
3085	59 
3086	14 
3087	60 
3088	10 
3089	52 
3090	45 
3091	10 
3092	8 
3093	28 
3094	82 
3095	101 
3096	77 
3097	39 
3098	43 
3099	15 
3100	52 
3101	6 
3102	12 
3103	81 
3104	49 
3105	90 
3106	105 
3107	105 
3108	80 
3109	49 
3110	99 
3111	84 
3112	79 
3113	54 
3114	33 
3115	70 
3116	66 
3117	76 
3118	106 
3119	10 
3120	92 
3121	104 
3122	80 
3123	99 
3124	16 
3125	51 
3126	23 
3127	87 
3128	23 
3129	105 
3130	102 
3131	80 
3132	105 
3133	97 
3134	105 
3135	67 
3136	31 
3137	23 
3138	33 
3139	32 
3140	70 
3141	18 
3142	69 
3143	83 
3144	23 
3145	89 
3146	11 
3147	70 
3148	7 
3149	44 
3150	107 
3151	92 
3152	26 
3153	34 
3154	64 
3155	94 
3156	83 
3157	44 
3158	74 
3159	1 
3160	35 
3161	59 
3162	36 
3163	42 
3164	50 
3165	99 
3166	37 
3167	101 
3168	79 
3169	36 
3170	87 
3171	17 
3172	33 
3173	101 
3174	31 
3175	56 
3176	76 
3177	84 
3178	62 
3179	79 
3180	106 
3181	42 
3182	71 
3183	10 
3184	33 
3185	81 
3186	10 
3187	15 
3188	5 
3189	47 
3190	45 
3191	98 
3192	50 
3193	97 
3194	52 
3195	5 
3196	107 
3197	18 
3198	96 
3199	46 
3200	73 
3201	106 
3202	70 
3203	27 
3204	23 
3205	91 
3206	93 
3207	4 
3208	87 
3209	1 
3210	82 
3211	29 
3212	20 
3213	69 
3214	99 
3215	80 
3216	92 
3217	77 
3218	81 
3219	71 
3220	94 
3221	67 
3222	26 
3223	35 
3224	30 
3225	83 
3226	65 
3227	31 
3228	23 
3229	16 
3230	98 
3231	102 
3232	65 
3233	106 
3234	103 
3235	47 
3236	27 
3237	84 
3238	41 
3239	87 
3240	45 
3241	53 
3242	10 
3243	88 
3244	6 
3245	30 
3246	96 
3247	91 
3248	82 
3249	39 
3250	59 
3251	106 
3252	94 
3253	15 
3254	104 
3255	71 
3256	12 
3257	87 
3258	55 
3259	90 
3260	19 
3261	9 
3262	90 
3263	36 
3264	5 
3265	24 
3266	105 
3267	10 
3268	44 
3269	92 
3270	22 
3271	79 
3272	63 
3273	92 
3274	74 
3275	28 
3276	31 
3277	5 
3278	9 
3279	34 
3280	82 
3281	95 
3282	15 
3283	61 
3284	22 
3285	6 
3286	28 
3287	100 
3288	92 
3289	8 
3290	93 
3291	97 
3292	28 
3293	74 
3294	62 
3295	48 
3296	80 
3297	11 
3298	12 
3299	65 
3300	34 
3301	101 
3302	11 
3303	92 
3304	44 
3305	58 
3306	67 
3307	22 
3308	53 
3309	82 
3310	7 
3311	7 
3312	48 
3313	13 
3314	79 
3315	21 
3316	16 
3317	13 
3318	29 
3319	23 
3320	95 
3321	105 
3322	60 
3323	13 
3324	82 
3325	87 
3326	29 
3327	68 
3328	63 
3329	91 
3330	83 
3331	42 
3332	58 
3333	51 
3334	84 
3335	10 
3336	78 
3337	54 
3338	85 
3339	22 
3340	63 
3341	50 
3342	36 
3343	7 
3344	106 
3345	74 
3346	107 
3347	28 
3348	71 
3349	87 
3350	31 
3351	52 
3352	87 
3353	56 
3354	33 
3355	94 
3356	5 
3357	37 
3358	106 
3359	43 
3360	65 
3361	101 
3362	83 
3363	12 
3364	79 
3365	8 
3366	27 
3367	82 
3368	27 
3369	42 
3370	24 
3371	22 
3372	78 
3373	85 
3374	92 
3375	89 
3376	36 
3377	68 
3378	18 
3379	83 
3380	15 
3381	36 
3382	57 
3383	106 
3384	62 
3385	27 
3386	91 
3387	5 
3388	17 
3389	57 
3390	41 
3391	8 
3392	95 
3393	63 
3394	37 
3395	59 
3396	65 
3397	11 
3398	100 
3399	43 
3400	52 
3401	100 
3402	12 
3403	92 
3404	101 
3405	87 
3406	66 
3407	18 
3408	84 
3409	71 
3410	38 
3411	14 
3412	8 
3413	106 
3414	58 
3415	1 
3416	21 
3417	56 
3418	29 
3419	28 
3420	79 
3421	90 
3422	80 
3423	14 
3424	99 
3425	23 
3426	12 
3427	41 
3428	88 
3429	62 
3430	82 
3431	50 
3432	58 
3433	21 
3434	47 
3435	56 
3436	18 
3437	99 
3438	10 
3439	27 
3440	13 
3441	56 
3442	20 
3443	70 
3444	93 
3445	66 
3446	30 
3447	36 
3448	12 
3449	5 
3450	106 
3451	14 
3452	20 
3453	29 
3454	52 
3455	67 
3456	45 
3457	40 
3458	37 
3459	14 
3460	6 
3461	41 
3462	83 
3463	27 
3464	71 
3465	27 
3466	27 
3467	10 
3468	102 
3469	75 
3470	3 
3471	99 
3472	94 
3473	14 
3474	11 
3475	11 
3476	61 
3477	24 
3478	50 
3479	45 
3480	104 
3481	95 
3482	94 
3483	36 
3484	71 
3485	18 
3486	106 
3487	28 
3488	71 
3489	47 
3490	56 
3491	29 
3492	67 
3493	42 
3494	82 
3495	26 
3496	28 
3497	29 
3498	106 
3499	87 
3500	43 
3501	37 
3502	44 
3503	60 
3504	39 
3505	12 
3506	14 
3507	38 
3508	60 
3509	90 
3510	52 
3511	16 
3512	44 
3513	103 
3514	90 
3515	99 
3516	56 
3517	79 
3518	102 
3519	83 
3520	99 
3521	56 
3522	62 
3523	13 
3524	104 
3525	25 
3526	19 
3527	13 
3528	95 
3529	73 
3530	74 
3531	51 
3532	42 
3533	100 
3534	9 
3535	61 
3536	12 
3537	96 
3538	42 
3539	72 
3540	12 
3541	86 
3542	53 
3543	68 
3544	93 
3545	77 
3546	50 
3547	40 
3548	33 
3549	17 
3550	22 
3551	55 
3552	25 
3553	8 
3554	15 
3555	67 
3556	80 
3557	64 
3558	79 
3559	48 
3560	30 
3561	57 
3562	77 
3563	37 
3564	76 
3565	77 
3566	34 
3567	21 
3568	12 
3569	42 
3570	9 
3571	7 
3572	44 
3573	44 
3574	74 
3575	37 
3576	70 
3577	17 
3578	60 
3579	49 
3580	25 
3581	26 
3582	71 
3583	3 
3584	69 
3585	89 
3586	12 
3587	101 
3588	107 
3589	27 
3590	23 
3591	74 
3592	83 
3593	53 
3594	53 
3595	57 
3596	25 
3597	2 
3598	102 
3599	8 
3600	35 
3601	18 
3602	21 
3603	28 
3604	26 
3605	29 
3606	1 
3607	42 
3608	41 
3609	50 
3610	29 
3611	6 
3612	44 
3613	13 
3614	27 
3615	44 
3616	105 
3617	100 
3618	90 
3619	90 
3620	28 
3621	57 
3622	28 
3623	23 
3624	67 
3625	18 
3626	85 
3627	74 
3628	23 
3629	104 
3630	57 
3631	85 
3632	43 
3633	99 
3634	60 
3635	22 
3636	23 
3637	100 
3638	86 
3639	41 
3640	27 
3641	70 
3642	56 
3643	64 
3644	42 
3645	28 
3646	18 
3647	61 
3648	100 
3649	97 
3650	23 
3651	29 
3652	23 
3653	56 
3654	11 
3655	52 
3656	6 
3657	10 
3658	67 
3659	79 
3660	27 
3661	65 
3662	96 
3663	12 
3664	88 
3665	52 
3666	76 
3667	84 
3668	17 
3669	86 
3670	82 
3671	84 
3672	38 
3673	91 
3674	88 
3675	36 
3676	78 
3677	97 
3678	26 
3679	5 
3680	52 
3681	42 
3682	82 
3683	8 
3684	28 
3685	46 
3686	23 
3687	14 
3688	80 
3689	29 
3690	42 
3691	7 
3692	100 
3693	43 
3694	7 
3695	85 
3696	67 
3697	89 
3698	43 
3699	84 
3700	27 
3701	73 
3702	4 
3703	80 
3704	49 
3705	105 
3706	70 
3707	61 
3708	80 
3709	34 
3710	93 
3711	29 
3712	57 
3713	54 
3714	23 
3715	76 
3716	78 
3717	38 
3718	92 
3719	27 
3720	76 
3721	54 
3722	84 
3723	87 
3724	89 
3725	23 
3726	32 
3727	14 
3728	97 
3729	71 
3730	35 
3731	92 
3732	104 
3733	56 
3734	6 
3735	82 
3736	50 
3737	3 
3738	65 
3739	36 
3740	14 
3741	23 
3742	49 
3743	56 
3744	34 
3745	71 
3746	74 
3747	2 
3748	33 
3749	62 
3750	16 
3751	37 
3752	41 
3753	65 
3754	13 
3755	95 
3756	81 
3757	29 
3758	67 
3759	43 
3760	44 
3761	98 
3762	65 
3763	28 
3764	65 
3765	22 
3766	63 
3767	14 
3768	67 
3769	59 
3770	34 
3771	80 
3772	45 
3773	31 
3774	56 
3775	91 
3776	79 
3777	23 
3778	43 
3779	18 
3780	106 
3781	99 
3782	84 
3783	84 
3784	82 
3785	41 
3786	22 
3787	107 
3788	68 
3789	84 
3790	74 
3791	67 
3792	59 
3793	49 
3794	54 
3795	70 
3796	59 
3797	20 
3798	18 
3799	67 
3800	56 
3801	86 
3802	82 
3803	44 
3804	48 
3805	25 
3806	29 
3807	14 
3808	64 
3809	18 
3810	59 
3811	90 
3812	65 
3813	8 
3814	67 
3815	60 
3816	49 
3817	56 
3818	75 
3819	47 
3820	17 
3821	28 
3822	7 
3823	84 
3824	32 
3825	12 
3826	65 
3827	34 
3828	102 
3829	104 
3830	23 
3831	74 
3832	65 
3833	17 
3834	68 
3835	14 
3836	71 
3837	51 
3838	64 
3839	74 
3840	36 
3841	52 
3842	53 
3843	100 
3844	62 
3845	10 
3846	65 
3847	96 
3848	57 
3849	10 
3850	45 
3851	45 
3852	89 
3853	46 
3854	99 
3855	54 
3856	79 
3857	74 
3858	78 
3859	77 
3860	23 
3861	82 
3862	22 
3863	23 
3864	46 
3865	44 
3866	75 
3867	105 
3868	56 
3869	20 
3870	74 
3871	77 
3872	68 
3873	53 
3874	107 
3875	60 
3876	65 
3877	5 
3878	31 
3879	85 
3880	31 
3881	95 
3882	28 
3883	59 
3884	43 
3885	10 
3886	65 
3887	32 
3888	23 
3889	32 
3890	13 
3891	7 
3892	58 
3893	90 
3894	21 
3895	39 
3896	80 
3897	83 
3898	76 
3899	49 
3900	41 
3901	82 
3902	98 
3903	98 
3904	71 
3905	5 
3906	80 
3907	16 
3908	56 
3909	70 
3910	43 
3911	18 
3912	105 
3913	19 
3914	43 
3915	56 
3916	67 
3917	17 
3918	5 
3919	44 
3920	5 
3921	12 
3922	22 
3923	42 
3924	17 
3925	1 
3926	64 
3927	43 
3928	14 
3929	67 
3930	47 
3931	17 
3932	92 
3933	53 
3934	2 
3935	64 
3936	62 
3937	34 
3938	18 
3939	26 
3940	85 
3941	92 
3942	43 
3943	42 
3944	7 
3945	32 
3946	70 
3947	92 
3948	75 
3949	27 
3950	15 
3951	84 
3952	39 
3953	36 
3954	10 
3955	18 
3956	69 
3957	15 
3958	17 
3959	10 
3960	94 
3961	11 
3962	90 
3963	76 
3964	5 
3965	65 
3966	7 
3967	32 
3968	92 
3969	46 
3970	63 
3971	33 
3972	7 
3973	48 
3974	8 
3975	51 
3976	96 
3977	81 
3978	33 
3979	34 
3980	11 
3981	98 
3982	42 
3983	16 
3984	35 
3985	44 
3986	84 
3987	24 
3988	20 
3989	97 
3990	16 
3991	7 
3992	15 
3993	22 
3994	83 
3995	96 
3996	85 
3997	16 
3998	14 
3999	19 
4000	42 
4001	81 
4002	15 
4003	83 
4004	80 
4005	86 
4006	18 
4007	21 
4008	61 
4009	23 
4010	79 
4011	46 
4012	96 
4013	58 
4014	31 
4015	15 
4016	6 
4017	15 
4018	18 
4019	7 
4020	30 
4021	44 
4022	20 
4023	65 
4024	12 
4025	28 
4026	23 
4027	17 
4028	92 
4029	82 
4030	13 
4031	29 
4032	59 
4033	8 
4034	80 
4035	56 
4036	105 
4037	1 
4038	100 
4039	94 
4040	18 
4041	65 
4042	18 
4043	103 
4044	37 
4045	18 
4046	92 
4047	56 
4048	33 
4049	1 
4050	7 
4051	105 
4052	82 
4053	29 
4054	29 
4055	83 
4056	60 
4057	15 
4058	70 
4059	52 
4060	44 
4061	31 
4062	106 
4063	67 
4064	93 
4065	84 
4066	34 
4067	18 
4068	74 
4069	90 
4070	10 
4071	17 
4072	10 
4073	31 
4074	56 
4075	53 
4076	81 
4077	82 
4078	71 
4079	3 
4080	50 
4081	92 
4082	79 
4083	67 
4084	2 
4085	2 
4086	99 
4087	16 
4088	76 
4089	40 
4090	91 
4091	105 
4092	84 
4093	63 
4094	65 
4095	7 
4096	13 
4097	28 
4098	98 
4099	78 
4100	29 
4101	67 
4102	36 
4103	41 
4104	2 
4105	16 
4106	16 
4107	25 
4108	15 
4109	65 
4110	28 
4111	73 
4112	44 
4113	60 
4114	89 
4115	65 
4116	87 
4117	40 
4118	29 
4119	97 
4120	91 
4121	44 
4122	87 
4123	41 
4124	73 
4125	27 
4126	77 
4127	19 
4128	62 
4129	65 
4130	11 
4131	83 
4132	79 
4133	25 
4134	87 
4135	6 
4136	10 
4137	90 
4138	29 
4139	7 
4140	73 
4141	70 
4142	74 
4143	103 
4144	12 
4145	23 
4146	38 
4147	29 
4148	82 
4149	5 
4150	56 
4151	67 
4152	52 
4153	75 
4154	21 
4155	84 
4156	17 
4157	23 
4158	92 
4159	5 
4160	16 
4161	78 
4162	15 
4163	74 
4164	47 
4165	28 
4166	82 
4167	79 
4168	3 
4169	46 
4170	5 
4171	44 
4172	7 
4173	13 
4174	63 
4175	20 
4176	37 
4177	8 
4178	40 
4179	17 
4180	17 
4181	105 
4182	15 
4183	12 
4184	46 
4185	26 
4186	19 
4187	34 
4188	105 
4189	71 
4190	83 
4191	88 
4192	3 
4193	98 
4194	103 
4195	97 
4196	4 
4197	49 
4198	103 
4199	68 
4200	17 
4201	48 
4202	19 
4203	47 
4204	29 
4205	23 
4206	82 
4207	45 
4208	29 
4209	95 
4210	52 
4211	88 
4212	68 
4213	78 
4214	24 
4215	13 
4216	16 
4217	103 
4218	3 
4219	28 
4220	32 
4221	92 
4222	18 
4223	44 
4224	44 
4225	83 
4226	57 
4227	10 
4228	87 
4229	27 
4230	23 
4231	61 
4232	67 
4233	70 
4234	70 
4235	19 
4236	42 
4237	15 
4238	74 
4239	44 
4240	101 
4241	63 
4242	46 
4243	59 
4244	29 
4245	23 
4246	19 
4247	78 
4248	56 
4249	11 
4250	10 
4251	8 
4252	42 
4253	15 
4254	12 
4255	103 
4256	103 
4257	83 
4258	96 
4259	27 
4260	38 
4261	101 
4262	18 
4263	44 
4264	67 
4265	14 
4266	78 
4267	100 
4268	74 
4269	56 
4270	67 
4271	101 
4272	7 
4273	97 
4274	68 
4275	34 
4276	15 
4277	6 
4278	24 
4279	106 
4280	36 
4281	51 
4282	93 
4283	88 
4284	90 
4285	92 
4286	46 
4287	17 
4288	29 
4289	84 
4290	59 
4291	106 
4292	62 
4293	6 
4294	51 
4295	98 
4296	67 
4297	90 
4298	42 
4299	48 
4300	71 
4301	79 
4302	94 
4303	32 
4304	80 
4305	10 
4306	90 
4307	71 
4308	32 
4309	92 
4310	67 
4311	67 
4312	70 
4313	77 
4314	30 
4315	27 
4316	74 
4317	71 
4318	43 
4319	45 
4320	92 
4321	39 
4322	44 
4323	27 
4324	29 
4325	39 
4326	30 
4327	3 
4328	18 
4329	5 
4330	98 
4331	18 
4332	106 
4333	18 
4334	79 
4335	101 
4336	67 
4337	101 
4338	38 
4339	34 
4340	76 
4341	19 
4342	36 
4343	83 
4344	1 
4345	6 
4346	89 
4347	70 
4348	82 
4349	43 
4350	87 
4351	38 
4352	22 
4353	11 
4354	18 
4355	83 
4356	16 
4357	7 
4358	29 
4359	42 
4360	83 
4361	40 
4362	79 
4363	42 
4364	103 
4365	39 
4366	65 
4367	23 
4368	83 
4369	77 
4370	62 
4371	57 
4372	63 
4373	57 
4374	82 
4375	79 
4376	94 
4377	63 
4378	11 
4379	94 
4380	44 
4381	47 
4382	56 
4383	32 
4384	96 
4385	12 
4386	59 
4387	67 
4388	88 
4389	18 
4390	36 
4391	99 
4392	88 
4393	40 
4394	46 
4395	79 
4396	19 
4397	13 
4398	5 
4399	53 
4400	19 
4401	58 
4402	15 
4403	105 
4404	51 
4405	57 
4406	22 
4407	52 
4408	59 
4409	4 
4410	101 
4411	65 
4412	82 
4413	47 
4414	33 
4415	17 
4416	58 
4417	56 
4418	36 
4419	67 
4420	96 
4421	76 
4422	103 
4423	53 
4424	11 
4425	39 
4426	56 
4427	78 
4428	36 
4429	80 
4430	103 
4431	40 
4432	36 
4433	4 
4434	43 
4435	96 
4436	94 
4437	39 
4438	17 
4439	37 
4440	34 
4441	31 
4442	11 
4443	13 
4444	80 
4445	18 
4446	17 
4447	15 
4448	13 
4449	94 
4450	87 
4451	44 
4452	82 
4453	12 
4454	84 
4455	73 
4456	37 
4457	13 
4458	26 
4459	84 
4460	32 
4461	56 
4462	106 
4463	103 
4464	40 
4465	30 
4466	65 
4467	94 
4468	105 
4469	3 
4470	83 
4471	56 
4472	5 
4473	70 
4474	90 
4475	78 
4476	29 
4477	103 
4478	23 
4479	92 
4480	7 
4481	5 
4482	24 
4483	87 
4484	26 
4485	67 
4486	41 
4487	5 
4488	11 
4489	36 
4490	23 
4491	11 
4492	52 
4493	6 
4494	92 
4495	42 
4496	71 
4497	70 
4498	99 
4499	30 
4500	23 
4501	67 
4502	67 
4503	46 
4504	10 
4505	73 
4506	77 
4507	6 
4508	36 
4509	79 
4510	82 
4511	92 
4512	89 
4513	7 
4514	67 
4515	42 
4516	13 
4517	105 
4518	99 
4519	44 
4520	79 
4521	5 
4522	63 
4523	22 
4524	40 
4525	76 
4526	73 
4527	46 
4528	1 
4529	1 
4530	76 
4531	14 
4532	17 
4533	17 
4534	16 
4535	90 
4536	7 
4537	28 
4538	12 
4539	26 
4540	34 
4541	15 
4542	84 
4543	99 
4544	32 
4545	10 
4546	23 
4547	18 
4548	70 
4549	56 
4550	87 
4551	106 
4552	6 
4553	48 
4554	10 
4555	14 
4556	40 
4557	77 
4558	87 
4559	100 
4560	23 
4561	10 
4562	90 
4563	96 
4564	87 
4565	30 
4566	57 
4567	42 
4568	18 
4569	21 
4570	7 
4571	46 
4572	83 
4573	42 
4574	56 
4575	65 
4576	6 
4577	84 
4578	36 
4579	67 
4580	42 
4581	105 
4582	87 
4583	28 
4584	27 
4585	23 
4586	90 
4587	13 
4588	105 
4589	106 
4590	52 
4591	79 
4592	76 
4593	84 
4594	105 
4595	59 
4596	101 
4597	18 
4598	12 
4599	12 
4600	67 
4601	33 
4602	65 
4603	57 
4604	106 
4605	48 
4606	11 
4607	52 
4608	32 
4609	92 
4610	24 
4611	44 
4612	83 
4613	106 
4614	57 
4615	10 
4616	83 
4617	105 
4618	101 
4619	6 
4620	52 
4621	42 
4622	11 
4623	100 
4624	26 
4625	97 
4626	84 
4627	59 
4628	74 
4629	97 
4630	79 
4631	32 
4632	78 
4633	101 
4634	73 
4635	105 
4636	28 
4637	44 
4638	103 
4639	46 
4640	13 
4641	89 
4642	103 
4643	100 
4644	90 
4645	13 
4646	43 
4647	67 
4648	90 
4649	67 
4650	74 
4651	48 
4652	8 
4653	33 
4654	29 
4655	98 
4656	7 
4657	57 
4658	27 
4659	49 
4660	82 
4661	77 
4662	80 
4663	77 
4664	49 
4665	83 
4666	60 
4667	31 
4668	52 
4669	56 
4670	10 
4671	83 
4672	56 
4673	67 
4674	57 
4675	42 
4676	71 
4677	42 
4678	42 
4679	36 
4680	90 
4681	79 
4682	8 
4683	92 
4684	36 
4685	17 
4686	29 
4687	83 
4688	67 
4689	44 
4690	23 
4691	84 
4692	105 
4693	44 
4694	67 
4695	106 
4696	5 
4697	42 
4698	106 
4699	67 
4700	65 
4701	77 
4702	42 
4703	87 
4704	92 
4705	8 
4706	79 
4707	29 
4708	83 
4709	83 
4710	46 
4711	18 
4712	99 
4713	83 
4714	34 
4715	48 
4716	56 
4717	14 
4718	15 
4719	28 
4720	83 
4721	79 
4722	84 
4723	5 
4724	5 
4725	27 
4726	56 
4727	8 
4728	44 
4729	90 
4730	98 
4731	105 
4732	17 
4733	103 
4734	90 
4735	52 
4736	18 
4737	42 
4738	17 
4739	12 
4740	10 
4741	92 
4742	10 
4743	59 
4744	29 
4745	65 
4746	12 
4747	89 
4748	67 
4749	6 
4750	42 
4751	28 
4752	60 
4753	10 
4754	7 
4755	27 
4756	12 
4757	76 
4758	71 
4759	23 
4760	28 
4761	92 
4762	5 
4763	32 
4764	71 
4765	105 
4766	27 
4767	32 
4768	90 
4769	79 
4770	36 
4771	22 
4772	92 
4773	99 
4774	103 
4775	15 
4776	56 
4777	30 
4778	98 
4779	74 
4780	31 
4781	80 
4782	67 
4783	103 
4784	13 
4785	8 
4786	82 
4787	44 
4788	5 
4789	65 
4790	67 
4791	74 
4792	103 
4793	56 
4794	92 
4795	56 
4796	18 
4797	105 
4798	80 
4799	70 
4800	103 
4801	97 
4802	99 
4803	52 
4804	98 
4805	44 
4806	10 
4807	17 
4808	18 
4809	99 
4810	7 
4811	7 
4812	40 
4813	5 
4814	26 
4815	42 
4816	30 
4817	22 
4818	106 
4819	11 
4820	42 
4821	46 
4822	59 
4823	36 
4824	100 
4825	97 
4826	106 
4827	83 
4828	26 
4829	30 
4830	36 
4831	27 
4832	18 
4833	34 
4834	105 
4835	79 
4836	29 
4837	14 
4838	59 
4839	65 
4840	32 
4841	97 
4842	82 
4843	82 
4844	98 
4845	34 
4846	22 
4847	29 
4848	101 
4849	82 
4850	92 
4851	56 
4852	65 
4853	106 
4854	28 
4855	65 
4856	99 
4857	79 
4858	83 
4859	84 
4860	59 
4861	28 
4862	11 
4863	22 
4864	100 
4865	29 
4866	100 
4867	23 
4868	7 
4869	10 
4870	59 
4871	101 
4872	101 
4873	87 
4874	59 
4875	18 
4876	82 
4877	82 
4878	87 
4879	92 
4880	71 
4881	46 
4882	105 
4883	92 
4884	57 
4885	60 
4886	83 
4887	34 
4888	80 
4889	84 
4890	23 
4891	17 
4892	11 
4893	27 
4894	57 
4895	46 
4896	22 
4897	83 
4898	92 
4899	18 
4900	32 
4901	80 
4902	36 
4903	106 
4904	23 
4905	90 
4906	106 
4907	17 
4908	17 
4909	40 
4910	28 
4911	42 
4912	106 
4913	12 
4914	18 
4915	27 
4916	40 
4917	101 
4918	17 
4919	28 
4920	7 
4921	36 
4922	22 
4923	92 
4924	82 
4925	99 
4926	87 
4927	83 
4928	101 
4929	67 
4930	27 
4931	44 
4932	10 
4933	10 
4934	106 
4935	32 
4936	23 
4937	87 
4938	44 
4939	12 
4940	52 
4941	15 
4942	79 
4943	99 
4944	6 
4945	17 
4946	11 
4947	79 
4948	17 
4949	74 
4950	42 
4951	92 
4952	28 
4953	71 
4954	60 
4955	5 
4956	32 
4957	12 
4958	6 
4959	6 
4960	6 
4961	27 
4962	40 
4963	65 
4964	60 
4965	92 
4966	83 
4967	103 
4968	59 
4969	79 
4970	17 
4971	92 
4972	27 
4973	103 
4974	23 
4975	67 
4976	92 
4977	27 
4978	74 
4979	27 
4980	19 
4981	65 
4982	84 
4983	80 
4984	82 
4985	5 
4986	79 
4987	84 
4988	17 
4989	67 
4990	5 
4991	5 
4992	19 
4993	10 
4994	34 
4995	5 
4996	100 
4997	80 
4998	87 
4999	22 
5000	92 
