1	19 
2	85 
3	36 
4	30 
5	32 
6	91 
7	38 
8	58 
9	82 
10	20 
11	85 
12	22 
13	61 
14	10 
15	12 
16	41 
17	44 
18	54 
19	90 
20	31 
21	50 
22	85 
23	61 
24	73 
25	83 
26	50 
27	83 
28	87 
29	87 
30	28 
31	19 
32	87 
33	87 
34	21 
35	25 
36	5 
37	84 
38	21 
39	7 
40	37 
41	91 
42	54 
43	54 
44	3 
45	75 
46	85 
47	69 
48	80 
49	19 
50	71 
51	16 
52	33 
53	37 
54	32 
55	85 
56	19 
57	41 
58	92 
59	21 
60	45 
61	31 
62	45 
63	79 
64	9 
65	15 
66	94 
67	93 
68	22 
69	93 
70	63 
71	76 
72	2 
73	28 
74	41 
75	63 
76	27 
77	38 
78	2 
79	72 
80	72 
81	46 
82	35 
83	34 
84	48 
85	50 
86	72 
87	83 
88	9 
89	19 
90	71 
91	8 
92	83 
93	57 
94	41 
95	9 
96	66 
97	42 
98	21 
99	83 
100	2 
101	17 
102	66 
103	17 
104	41 
105	19 
106	31 
107	82 
108	18 
109	89 
110	29 
111	9 
112	58 
113	39 
114	42 
115	9 
116	15 
117	8 
118	92 
119	56 
120	2 
121	19 
122	79 
123	24 
124	56 
125	72 
126	80 
127	44 
128	38 
129	45 
130	51 
131	36 
132	79 
133	8 
134	26 
135	15 
136	37 
137	33 
138	13 
139	54 
140	86 
141	61 
142	26 
143	63 
144	57 
145	64 
146	44 
147	45 
148	13 
149	47 
150	4 
151	87 
152	8 
153	79 
154	60 
155	4 
156	21 
157	75 
158	77 
159	27 
160	9 
161	58 
162	37 
163	58 
164	31 
165	84 
166	59 
167	30 
168	21 
169	31 
170	32 
171	27 
172	9 
173	16 
174	46 
175	81 
176	54 
177	54 
178	57 
179	26 
180	14 
181	30 
182	80 
183	62 
184	27 
185	21 
186	13 
187	75 
188	47 
189	69 
190	67 
191	75 
192	50 
193	38 
194	9 
195	24 
196	85 
197	34 
198	75 
199	50 
200	24 
201	39 
202	41 
203	51 
204	7 
205	3 
206	52 
207	4 
208	40 
209	73 
210	27 
211	1 
212	62 
213	45 
214	12 
215	36 
216	93 
217	86 
218	18 
219	27 
220	79 
221	86 
222	82 
223	44 
224	89 
225	12 
226	60 
227	14 
228	76 
229	54 
230	59 
231	33 
232	2 
233	6 
234	29 
235	51 
236	63 
237	89 
238	85 
239	70 
240	58 
241	46 
242	83 
243	43 
244	34 
245	13 
246	18 
247	18 
248	54 
249	83 
250	13 
251	92 
252	87 
253	52 
254	70 
255	38 
256	26 
257	51 
258	86 
259	33 
260	21 
261	60 
262	57 
263	43 
264	4 
265	18 
266	10 
267	63 
268	12 
269	27 
270	7 
271	38 
272	44 
273	53 
274	80 
275	72 
276	90 
277	43 
278	68 
279	38 
280	61 
281	17 
282	43 
283	8 
284	72 
285	76 
286	63 
287	75 
288	7 
289	24 
290	85 
291	36 
292	69 
293	82 
294	4 
295	8 
296	91 
297	58 
298	26 
299	43 
300	33 
301	21 
302	48 
303	44 
304	28 
305	33 
306	42 
307	61 
308	91 
309	36 
310	46 
311	11 
312	39 
313	48 
314	24 
315	48 
316	33 
317	49 
318	55 
319	33 
320	32 
321	78 
322	29 
323	36 
324	69 
325	50 
326	42 
327	76 
328	92 
329	4 
330	9 
331	76 
332	38 
333	51 
334	48 
335	5 
336	33 
337	10 
338	13 
339	50 
340	77 
341	75 
342	73 
343	56 
344	72 
345	79 
346	12 
347	28 
348	14 
349	58 
350	49 
351	17 
352	9 
353	63 
354	70 
355	51 
356	20 
357	21 
358	57 
359	61 
360	22 
361	68 
362	74 
363	78 
364	31 
365	27 
366	60 
367	73 
368	33 
369	80 
370	34 
371	21 
372	86 
373	93 
374	47 
375	21 
376	58 
377	5 
378	62 
379	51 
380	24 
381	1 
382	57 
383	7 
384	86 
385	32 
386	86 
387	7 
388	61 
389	6 
390	47 
391	40 
392	38 
393	34 
394	27 
395	17 
396	83 
397	48 
398	80 
399	1 
400	64 
401	58 
402	87 
403	9 
404	67 
405	8 
406	3 
407	82 
408	71 
409	86 
410	48 
411	82 
412	34 
413	17 
414	48 
415	59 
416	82 
417	53 
418	48 
419	6 
420	63 
421	47 
422	62 
423	79 
424	21 
425	57 
426	26 
427	40 
428	2 
429	48 
430	29 
431	12 
432	50 
433	87 
434	3 
435	43 
436	82 
437	18 
438	57 
439	36 
440	32 
441	51 
442	9 
443	26 
444	60 
445	43 
446	7 
447	89 
448	68 
449	21 
450	14 
451	16 
452	45 
453	7 
454	70 
455	81 
456	39 
457	94 
458	86 
459	20 
460	51 
461	17 
462	42 
463	83 
464	44 
465	72 
466	9 
467	23 
468	26 
469	28 
470	40 
471	63 
472	84 
473	42 
474	56 
475	57 
476	32 
477	8 
478	2 
479	35 
480	31 
481	87 
482	35 
483	34 
484	91 
485	37 
486	34 
487	12 
488	57 
489	40 
490	5 
491	23 
492	7 
493	42 
494	6 
495	60 
496	80 
497	63 
498	58 
499	24 
500	9 
501	33 
502	8 
503	38 
504	35 
505	65 
506	33 
507	80 
508	85 
509	9 
510	17 
511	85 
512	41 
513	64 
514	84 
515	18 
516	57 
517	41 
518	62 
519	5 
520	62 
521	24 
522	8 
523	75 
524	38 
525	76 
526	21 
527	85 
528	59 
529	35 
530	77 
531	42 
532	67 
533	15 
534	36 
535	66 
536	21 
537	21 
538	63 
539	8 
540	12 
541	58 
542	38 
543	29 
544	77 
545	82 
546	75 
547	17 
548	64 
549	1 
550	79 
551	42 
552	83 
553	79 
554	67 
555	27 
556	4 
557	23 
558	25 
559	65 
560	79 
561	42 
562	41 
563	66 
564	47 
565	7 
566	75 
567	85 
568	59 
569	31 
570	56 
571	18 
572	7 
573	9 
574	61 
575	64 
576	84 
577	54 
578	83 
579	36 
580	83 
581	4 
582	17 
583	48 
584	28 
585	80 
586	72 
587	41 
588	63 
589	81 
590	82 
591	17 
592	72 
593	6 
594	40 
595	41 
596	35 
597	71 
598	29 
599	65 
600	34 
601	75 
602	45 
603	23 
604	51 
605	18 
606	18 
607	7 
608	12 
609	91 
610	17 
611	42 
612	13 
613	6 
614	86 
615	76 
616	63 
617	48 
618	52 
619	42 
620	1 
621	33 
622	38 
623	14 
624	10 
625	76 
626	50 
627	35 
628	17 
629	55 
630	72 
631	43 
632	48 
633	48 
634	60 
635	8 
636	58 
637	46 
638	9 
639	57 
640	63 
641	13 
642	31 
643	86 
644	46 
645	18 
646	12 
647	47 
648	8 
649	69 
650	36 
651	10 
652	6 
653	55 
654	71 
655	27 
656	2 
657	44 
658	87 
659	34 
660	17 
661	51 
662	54 
663	32 
664	77 
665	84 
666	24 
667	17 
668	74 
669	45 
670	75 
671	80 
672	60 
673	11 
674	9 
675	79 
676	18 
677	44 
678	57 
679	9 
680	9 
681	21 
682	76 
683	30 
684	60 
685	22 
686	21 
687	49 
688	17 
689	16 
690	17 
691	7 
692	58 
693	60 
694	6 
695	20 
696	83 
697	44 
698	50 
699	73 
700	41 
701	7 
702	2 
703	21 
704	26 
705	18 
706	85 
707	75 
708	14 
709	38 
710	83 
711	17 
712	34 
713	31 
714	86 
715	85 
716	7 
717	7 
718	54 
719	74 
720	21 
721	68 
722	77 
723	23 
724	85 
725	18 
726	56 
727	18 
728	58 
729	81 
730	47 
731	77 
732	9 
733	31 
734	82 
735	39 
736	50 
737	19 
738	5 
739	71 
740	18 
741	8 
742	15 
743	38 
744	45 
745	89 
746	44 
747	17 
748	89 
749	31 
750	52 
751	79 
752	31 
753	67 
754	76 
755	62 
756	14 
757	54 
758	2 
759	10 
760	72 
761	85 
762	46 
763	21 
764	63 
765	86 
766	8 
767	60 
768	67 
769	66 
770	75 
771	21 
772	82 
773	51 
774	55 
775	50 
776	84 
777	34 
778	11 
779	93 
780	84 
781	59 
782	34 
783	7 
784	34 
785	90 
786	61 
787	11 
788	80 
789	79 
790	56 
791	61 
792	61 
793	41 
794	13 
795	33 
796	85 
797	72 
798	85 
799	9 
800	51 
801	57 
802	18 
803	76 
804	73 
805	58 
806	90 
807	20 
808	26 
809	12 
810	13 
811	60 
812	59 
813	38 
814	20 
815	78 
816	84 
817	81 
818	93 
819	45 
820	49 
821	87 
822	22 
823	17 
824	83 
825	42 
826	76 
827	8 
828	1 
829	86 
830	10 
831	32 
832	74 
833	15 
834	4 
835	43 
836	81 
837	34 
838	79 
839	34 
840	76 
841	64 
842	33 
843	22 
844	41 
845	38 
846	20 
847	51 
848	80 
849	56 
850	86 
851	54 
852	67 
853	10 
854	2 
855	82 
856	27 
857	4 
858	66 
859	41 
860	49 
861	11 
862	2 
863	37 
864	83 
865	5 
866	80 
867	17 
868	4 
869	72 
870	75 
871	34 
872	27 
873	31 
874	42 
875	17 
876	89 
877	61 
878	51 
879	85 
880	78 
881	57 
882	46 
883	30 
884	4 
885	24 
886	38 
887	68 
888	83 
889	63 
890	14 
891	31 
892	42 
893	75 
894	42 
895	47 
896	79 
897	5 
898	24 
899	18 
900	12 
901	76 
902	50 
903	69 
904	42 
905	82 
906	41 
907	45 
908	50 
909	50 
910	20 
911	17 
912	32 
913	51 
914	17 
915	27 
916	78 
917	9 
918	16 
919	42 
920	79 
921	13 
922	21 
923	57 
924	89 
925	80 
926	61 
927	75 
928	79 
929	9 
930	71 
931	32 
932	80 
933	27 
934	77 
935	74 
936	80 
937	45 
938	1 
939	82 
940	17 
941	9 
942	92 
943	64 
944	10 
945	71 
946	57 
947	65 
948	14 
949	12 
950	25 
951	86 
952	82 
953	18 
954	74 
955	13 
956	85 
957	83 
958	24 
959	35 
960	81 
961	91 
962	7 
963	57 
964	30 
965	6 
966	49 
967	44 
968	48 
969	47 
970	91 
971	61 
972	13 
973	94 
974	59 
975	87 
976	36 
977	64 
978	19 
979	62 
980	42 
981	41 
982	6 
983	39 
984	29 
985	91 
986	57 
987	65 
988	17 
989	85 
990	80 
991	39 
992	27 
993	58 
994	66 
995	39 
996	49 
997	31 
998	53 
999	7 
1000	81 
1001	86 
1002	7 
1003	13 
1004	77 
1005	18 
1006	3 
1007	39 
1008	27 
1009	65 
1010	63 
1011	17 
1012	86 
1013	7 
1014	35 
1015	44 
1016	1 
1017	13 
1018	79 
1019	58 
1020	73 
1021	17 
1022	68 
1023	39 
1024	58 
1025	75 
1026	78 
1027	22 
1028	20 
1029	21 
1030	68 
1031	86 
1032	63 
1033	66 
1034	8 
1035	7 
1036	56 
1037	93 
1038	51 
1039	26 
1040	46 
1041	35 
1042	50 
1043	35 
1044	11 
1045	39 
1046	59 
1047	55 
1048	14 
1049	21 
1050	32 
1051	91 
1052	36 
1053	54 
1054	40 
1055	75 
1056	92 
1057	54 
1058	83 
1059	3 
1060	94 
1061	35 
1062	51 
1063	15 
1064	17 
1065	63 
1066	93 
1067	87 
1068	27 
1069	82 
1070	32 
1071	42 
1072	42 
1073	10 
1074	56 
1075	83 
1076	41 
1077	78 
1078	83 
1079	59 
1080	38 
1081	44 
1082	91 
1083	79 
1084	93 
1085	18 
1086	18 
1087	65 
1088	31 
1089	15 
1090	85 
1091	27 
1092	41 
1093	33 
1094	28 
1095	41 
1096	39 
1097	24 
1098	44 
1099	60 
1100	49 
1101	68 
1102	75 
1103	13 
1104	94 
1105	36 
1106	73 
1107	7 
1108	53 
1109	8 
1110	55 
1111	9 
1112	65 
1113	2 
1114	3 
1115	35 
1116	79 
1117	15 
1118	45 
1119	83 
1120	50 
1121	54 
1122	67 
1123	43 
1124	4 
1125	81 
1126	25 
1127	25 
1128	78 
1129	3 
1130	13 
1131	36 
1132	75 
1133	70 
1134	76 
1135	40 
1136	33 
1137	12 
1138	84 
1139	20 
1140	37 
1141	18 
1142	73 
1143	9 
1144	32 
1145	76 
1146	22 
1147	38 
1148	78 
1149	48 
1150	44 
1151	58 
1152	79 
1153	45 
1154	82 
1155	38 
1156	50 
1157	21 
1158	66 
1159	30 
1160	90 
1161	56 
1162	82 
1163	44 
1164	90 
1165	37 
1166	83 
1167	92 
1168	33 
1169	10 
1170	33 
1171	22 
1172	48 
1173	52 
1174	81 
1175	41 
1176	81 
1177	36 
1178	86 
1179	48 
1180	24 
1181	80 
1182	87 
1183	58 
1184	53 
1185	8 
1186	47 
1187	13 
1188	47 
1189	1 
1190	64 
1191	24 
1192	35 
1193	69 
1194	91 
1195	42 
1196	38 
1197	28 
1198	30 
1199	70 
1200	22 
1201	7 
1202	43 
1203	46 
1204	89 
1205	59 
1206	47 
1207	76 
1208	57 
1209	21 
1210	53 
1211	76 
1212	50 
1213	24 
1214	34 
1215	23 
1216	89 
1217	47 
1218	7 
1219	82 
1220	8 
1221	47 
1222	72 
1223	25 
1224	31 
1225	38 
1226	68 
1227	14 
1228	82 
1229	56 
1230	33 
1231	42 
1232	49 
1233	50 
1234	67 
1235	45 
1236	36 
1237	24 
1238	36 
1239	60 
1240	61 
1241	21 
1242	82 
1243	90 
1244	58 
1245	63 
1246	32 
1247	13 
1248	63 
1249	21 
1250	88 
1251	38 
1252	12 
1253	76 
1254	59 
1255	78 
1256	66 
1257	50 
1258	17 
1259	61 
1260	20 
1261	14 
1262	73 
1263	57 
1264	45 
1265	76 
1266	82 
1267	16 
1268	30 
1269	91 
1270	72 
1271	28 
1272	83 
1273	33 
1274	78 
1275	2 
1276	90 
1277	80 
1278	79 
1279	77 
1280	63 
1281	36 
1282	7 
1283	63 
1284	77 
1285	57 
1286	32 
1287	34 
1288	61 
1289	34 
1290	16 
1291	42 
1292	92 
1293	48 
1294	72 
1295	12 
1296	54 
1297	85 
1298	83 
1299	18 
1300	80 
1301	14 
1302	51 
1303	58 
1304	76 
1305	14 
1306	83 
1307	76 
1308	52 
1309	64 
1310	64 
1311	12 
1312	62 
1313	51 
1314	58 
1315	60 
1316	18 
1317	39 
1318	1 
1319	8 
1320	68 
1321	83 
1322	82 
1323	83 
1324	20 
1325	6 
1326	64 
1327	9 
1328	14 
1329	44 
1330	8 
1331	84 
1332	54 
1333	4 
1334	79 
1335	51 
1336	71 
1337	36 
1338	91 
1339	26 
1340	7 
1341	47 
1342	50 
1343	9 
1344	42 
1345	12 
1346	19 
1347	79 
1348	35 
1349	24 
1350	56 
1351	27 
1352	59 
1353	58 
1354	18 
1355	74 
1356	37 
1357	83 
1358	6 
1359	69 
1360	58 
1361	66 
1362	9 
1363	84 
1364	7 
1365	21 
1366	9 
1367	89 
1368	72 
1369	40 
1370	72 
1371	85 
1372	36 
1373	11 
1374	56 
1375	57 
1376	66 
1377	30 
1378	27 
1379	4 
1380	8 
1381	2 
1382	25 
1383	12 
1384	79 
1385	87 
1386	47 
1387	48 
1388	24 
1389	50 
1390	90 
1391	18 
1392	31 
1393	2 
1394	56 
1395	21 
1396	17 
1397	27 
1398	79 
1399	43 
1400	24 
1401	67 
1402	18 
1403	10 
1404	36 
1405	51 
1406	4 
1407	12 
1408	38 
1409	21 
1410	6 
1411	2 
1412	66 
1413	82 
1414	13 
1415	72 
1416	75 
1417	86 
1418	17 
1419	7 
1420	4 
1421	38 
1422	85 
1423	47 
1424	13 
1425	2 
1426	27 
1427	4 
1428	39 
1429	60 
1430	82 
1431	7 
1432	39 
1433	35 
1434	21 
1435	34 
1436	5 
1437	76 
1438	45 
1439	92 
1440	26 
1441	85 
1442	12 
1443	63 
1444	87 
1445	82 
1446	87 
1447	11 
1448	75 
1449	87 
1450	18 
1451	42 
1452	13 
1453	80 
1454	85 
1455	17 
1456	17 
1457	9 
1458	67 
1459	13 
1460	63 
1461	51 
1462	58 
1463	21 
1464	50 
1465	70 
1466	9 
1467	14 
1468	80 
1469	41 
1470	85 
1471	59 
1472	44 
1473	75 
1474	58 
1475	85 
1476	21 
1477	57 
1478	43 
1479	8 
1480	19 
1481	83 
1482	33 
1483	12 
1484	36 
1485	91 
1486	32 
1487	49 
1488	63 
1489	36 
1490	42 
1491	42 
1492	50 
1493	6 
1494	65 
1495	68 
1496	50 
1497	72 
1498	9 
1499	64 
1500	89 
1501	2 
1502	32 
1503	85 
1504	8 
1505	21 
1506	42 
1507	50 
1508	18 
1509	79 
1510	92 
1511	16 
1512	50 
1513	8 
1514	30 
1515	72 
1516	76 
1517	53 
1518	79 
1519	66 
1520	9 
1521	38 
1522	72 
1523	37 
1524	87 
1525	22 
1526	41 
1527	92 
1528	58 
1529	59 
1530	13 
1531	64 
1532	29 
1533	82 
1534	9 
1535	15 
1536	33 
1537	27 
1538	79 
1539	66 
1540	27 
1541	35 
1542	55 
1543	7 
1544	15 
1545	84 
1546	24 
1547	82 
1548	39 
1549	29 
1550	75 
1551	32 
1552	63 
1553	42 
1554	60 
1555	64 
1556	19 
1557	50 
1558	4 
1559	94 
1560	2 
1561	47 
1562	72 
1563	58 
1564	39 
1565	49 
1566	67 
1567	11 
1568	86 
1569	44 
1570	84 
1571	14 
1572	47 
1573	12 
1574	38 
1575	60 
1576	76 
1577	44 
1578	89 
1579	38 
1580	4 
1581	4 
1582	35 
1583	35 
1584	21 
1585	48 
1586	2 
1587	5 
1588	79 
1589	46 
1590	90 
1591	39 
1592	25 
1593	7 
1594	50 
1595	51 
1596	48 
1597	12 
1598	54 
1599	4 
1600	36 
1601	85 
1602	88 
1603	28 
1604	35 
1605	1 
1606	2 
1607	42 
1608	33 
1609	58 
1610	15 
1611	38 
1612	81 
1613	67 
1614	5 
1615	30 
1616	76 
1617	25 
1618	42 
1619	1 
1620	13 
1621	75 
1622	18 
1623	18 
1624	17 
1625	75 
1626	76 
1627	2 
1628	65 
1629	63 
1630	60 
1631	19 
1632	48 
1633	86 
1634	52 
1635	50 
1636	13 
1637	35 
1638	56 
1639	33 
1640	43 
1641	92 
1642	15 
1643	43 
1644	22 
1645	42 
1646	5 
1647	58 
1648	57 
1649	68 
1650	23 
1651	59 
1652	40 
1653	12 
1654	5 
1655	70 
1656	48 
1657	45 
1658	61 
1659	12 
1660	24 
1661	36 
1662	3 
1663	4 
1664	62 
1665	6 
1666	64 
1667	92 
1668	23 
1669	78 
1670	4 
1671	53 
1672	24 
1673	72 
1674	72 
1675	18 
1676	15 
1677	91 
1678	27 
1679	61 
1680	24 
1681	45 
1682	15 
1683	58 
1684	33 
1685	94 
1686	60 
1687	84 
1688	22 
1689	4 
1690	81 
1691	44 
1692	7 
1693	12 
1694	50 
1695	72 
1696	11 
1697	92 
1698	83 
1699	70 
1700	19 
1701	21 
1702	14 
1703	79 
1704	2 
1705	55 
1706	48 
1707	82 
1708	58 
1709	75 
1710	57 
1711	15 
1712	41 
1713	69 
1714	63 
1715	44 
1716	80 
1717	75 
1718	27 
1719	82 
1720	76 
1721	69 
1722	73 
1723	74 
1724	44 
1725	9 
1726	7 
1727	66 
1728	7 
1729	73 
1730	69 
1731	51 
1732	4 
1733	36 
1734	86 
1735	21 
1736	68 
1737	69 
1738	87 
1739	2 
1740	66 
1741	86 
1742	75 
1743	13 
1744	7 
1745	59 
1746	7 
1747	83 
1748	78 
1749	11 
1750	6 
1751	8 
1752	59 
1753	55 
1754	50 
1755	42 
1756	76 
1757	32 
1758	48 
1759	81 
1760	17 
1761	32 
1762	7 
1763	4 
1764	42 
1765	30 
1766	83 
1767	72 
1768	14 
1769	48 
1770	70 
1771	21 
1772	19 
1773	63 
1774	54 
1775	4 
1776	67 
1777	86 
1778	23 
1779	36 
1780	27 
1781	24 
1782	58 
1783	63 
1784	36 
1785	31 
1786	8 
1787	14 
1788	58 
1789	36 
1790	78 
1791	17 
1792	80 
1793	42 
1794	7 
1795	44 
1796	9 
1797	31 
1798	10 
1799	18 
1800	8 
1801	33 
1802	32 
1803	22 
1804	84 
1805	14 
1806	21 
1807	13 
1808	72 
1809	75 
1810	40 
1811	91 
1812	48 
1813	9 
1814	22 
1815	32 
1816	56 
1817	32 
1818	78 
1819	38 
1820	21 
1821	9 
1822	21 
1823	75 
1824	17 
1825	47 
1826	17 
1827	59 
1828	44 
1829	32 
1830	48 
1831	36 
1832	32 
1833	84 
1834	2 
1835	83 
1836	50 
1837	8 
1838	31 
1839	62 
1840	19 
1841	79 
1842	14 
1843	84 
1844	76 
1845	59 
1846	61 
1847	56 
1848	75 
1849	2 
1850	82 
1851	90 
1852	70 
1853	41 
1854	26 
1855	81 
1856	50 
1857	34 
1858	42 
1859	42 
1860	61 
1861	33 
1862	41 
1863	58 
1864	83 
1865	34 
1866	60 
1867	65 
1868	61 
1869	79 
1870	76 
1871	55 
1872	22 
1873	30 
1874	79 
1875	63 
1876	87 
1877	14 
1878	31 
1879	13 
1880	6 
1881	14 
1882	15 
1883	21 
1884	14 
1885	53 
1886	59 
1887	12 
1888	28 
1889	54 
1890	6 
1891	18 
1892	85 
1893	60 
1894	38 
1895	66 
1896	14 
1897	71 
1898	13 
1899	50 
1900	84 
1901	59 
1902	83 
1903	66 
1904	46 
1905	82 
1906	24 
1907	49 
1908	88 
1909	86 
1910	71 
1911	58 
1912	66 
1913	91 
1914	51 
1915	43 
1916	93 
1917	76 
1918	82 
1919	29 
1920	32 
1921	31 
1922	62 
1923	48 
1924	43 
1925	87 
1926	50 
1927	12 
1928	80 
1929	42 
1930	80 
1931	42 
1932	41 
1933	58 
1934	87 
1935	26 
1936	77 
1937	29 
1938	74 
1939	2 
1940	38 
1941	32 
1942	85 
1943	7 
1944	94 
1945	14 
1946	87 
1947	74 
1948	61 
1949	16 
1950	36 
1951	10 
1952	28 
1953	7 
1954	9 
1955	64 
1956	92 
1957	36 
1958	65 
1959	80 
1960	62 
1961	36 
1962	88 
1963	36 
1964	34 
1965	9 
1966	82 
1967	76 
1968	82 
1969	27 
1970	58 
1971	74 
1972	76 
1973	25 
1974	38 
1975	4 
1976	9 
1977	36 
1978	92 
1979	87 
1980	42 
1981	75 
1982	4 
1983	41 
1984	88 
1985	41 
1986	33 
1987	9 
1988	9 
1989	22 
1990	58 
1991	17 
1992	46 
1993	85 
1994	20 
1995	34 
1996	80 
1997	85 
1998	42 
1999	83 
2000	49 
2001	27 
2002	9 
2003	17 
2004	50 
2005	60 
2006	18 
2007	4 
2008	2 
2009	31 
2010	60 
2011	73 
2012	78 
2013	16 
2014	4 
2015	6 
2016	78 
2017	53 
2018	57 
2019	76 
2020	49 
2021	3 
2022	80 
2023	31 
2024	27 
2025	22 
2026	49 
2027	38 
2028	57 
2029	72 
2030	92 
2031	42 
2032	44 
2033	22 
2034	83 
2035	23 
2036	85 
2037	8 
2038	25 
2039	89 
2040	84 
2041	58 
2042	79 
2043	14 
2044	50 
2045	10 
2046	60 
2047	8 
2048	48 
2049	19 
2050	50 
2051	42 
2052	14 
2053	71 
2054	9 
2055	4 
2056	38 
2057	79 
2058	28 
2059	89 
2060	24 
2061	2 
2062	20 
2063	32 
2064	47 
2065	27 
2066	86 
2067	50 
2068	14 
2069	7 
2070	62 
2071	31 
2072	32 
2073	23 
2074	20 
2075	27 
2076	85 
2077	15 
2078	14 
2079	42 
2080	56 
2081	2 
2082	47 
2083	81 
2084	8 
2085	47 
2086	93 
2087	30 
2088	36 
2089	21 
2090	58 
2091	30 
2092	82 
2093	33 
2094	27 
2095	83 
2096	45 
2097	55 
2098	58 
2099	20 
2100	50 
2101	93 
2102	40 
2103	26 
2104	75 
2105	71 
2106	26 
2107	17 
2108	50 
2109	8 
2110	7 
2111	84 
2112	19 
2113	48 
2114	7 
2115	86 
2116	17 
2117	80 
2118	82 
2119	24 
2120	12 
2121	66 
2122	84 
2123	38 
2124	9 
2125	8 
2126	48 
2127	38 
2128	66 
2129	7 
2130	36 
2131	9 
2132	48 
2133	21 
2134	50 
2135	58 
2136	6 
2137	88 
2138	81 
2139	38 
2140	24 
2141	58 
2142	43 
2143	8 
2144	24 
2145	94 
2146	31 
2147	34 
2148	89 
2149	26 
2150	12 
2151	63 
2152	66 
2153	14 
2154	32 
2155	38 
2156	60 
2157	47 
2158	15 
2159	53 
2160	76 
2161	8 
2162	70 
2163	17 
2164	57 
2165	48 
2166	5 
2167	81 
2168	52 
2169	8 
2170	59 
2171	76 
2172	8 
2173	73 
2174	41 
2175	85 
2176	21 
2177	53 
2178	60 
2179	31 
2180	86 
2181	48 
2182	66 
2183	21 
2184	14 
2185	30 
2186	3 
2187	2 
2188	64 
2189	87 
2190	94 
2191	79 
2192	19 
2193	17 
2194	22 
2195	33 
2196	75 
2197	41 
2198	42 
2199	13 
2200	91 
2201	65 
2202	80 
2203	80 
2204	59 
2205	13 
2206	36 
2207	41 
2208	9 
2209	1 
2210	81 
2211	54 
2212	5 
2213	65 
2214	82 
2215	51 
2216	80 
2217	18 
2218	55 
2219	74 
2220	25 
2221	22 
2222	64 
2223	38 
2224	84 
2225	44 
2226	24 
2227	31 
2228	48 
2229	34 
2230	54 
2231	4 
2232	47 
2233	6 
2234	64 
2235	79 
2236	42 
2237	18 
2238	60 
2239	34 
2240	91 
2241	43 
2242	15 
2243	38 
2244	48 
2245	3 
2246	60 
2247	17 
2248	2 
2249	13 
2250	61 
2251	87 
2252	44 
2253	4 
2254	6 
2255	33 
2256	1 
2257	15 
2258	59 
2259	55 
2260	81 
2261	14 
2262	27 
2263	68 
2264	39 
2265	44 
2266	24 
2267	52 
2268	4 
2269	36 
2270	79 
2271	8 
2272	66 
2273	43 
2274	23 
2275	2 
2276	38 
2277	85 
2278	81 
2279	65 
2280	26 
2281	84 
2282	51 
2283	65 
2284	88 
2285	14 
2286	51 
2287	42 
2288	80 
2289	84 
2290	79 
2291	58 
2292	8 
2293	19 
2294	90 
2295	88 
2296	7 
2297	86 
2298	47 
2299	9 
2300	61 
2301	23 
2302	24 
2303	59 
2304	33 
2305	8 
2306	24 
2307	56 
2308	48 
2309	83 
2310	41 
2311	5 
2312	58 
2313	44 
2314	4 
2315	32 
2316	74 
2317	2 
2318	42 
2319	22 
2320	54 
2321	56 
2322	41 
2323	86 
2324	73 
2325	9 
2326	8 
2327	5 
2328	4 
2329	18 
2330	51 
2331	49 
2332	21 
2333	35 
2334	34 
2335	31 
2336	54 
2337	94 
2338	43 
2339	36 
2340	87 
2341	52 
2342	83 
2343	48 
2344	84 
2345	76 
2346	45 
2347	61 
2348	12 
2349	21 
2350	35 
2351	2 
2352	52 
2353	12 
2354	78 
2355	79 
2356	2 
2357	48 
2358	65 
2359	50 
2360	84 
2361	20 
2362	18 
2363	74 
2364	42 
2365	88 
2366	85 
2367	63 
2368	76 
2369	85 
2370	23 
2371	45 
2372	2 
2373	2 
2374	66 
2375	66 
2376	39 
2377	56 
2378	47 
2379	71 
2380	46 
2381	60 
2382	56 
2383	69 
2384	82 
2385	10 
2386	25 
2387	80 
2388	14 
2389	71 
2390	1 
2391	25 
2392	85 
2393	82 
2394	58 
2395	48 
2396	38 
2397	76 
2398	56 
2399	53 
2400	29 
2401	44 
2402	36 
2403	21 
2404	43 
2405	82 
2406	53 
2407	51 
2408	40 
2409	89 
2410	38 
2411	76 
2412	15 
2413	1 
2414	66 
2415	33 
2416	81 
2417	11 
2418	83 
2419	84 
2420	6 
2421	67 
2422	17 
2423	24 
2424	58 
2425	34 
2426	37 
2427	52 
2428	14 
2429	14 
2430	42 
2431	3 
2432	85 
2433	60 
2434	49 
2435	61 
2436	3 
2437	53 
2438	51 
2439	19 
2440	44 
2441	56 
2442	27 
2443	89 
2444	63 
2445	19 
2446	34 
2447	38 
2448	83 
2449	3 
2450	42 
2451	80 
2452	58 
2453	19 
2454	37 
2455	91 
2456	50 
2457	7 
2458	41 
2459	79 
2460	36 
2461	64 
2462	48 
2463	70 
2464	87 
2465	58 
2466	15 
2467	48 
2468	91 
2469	79 
2470	83 
2471	8 
2472	84 
2473	4 
2474	9 
2475	51 
2476	9 
2477	12 
2478	18 
2479	14 
2480	36 
2481	51 
2482	11 
2483	30 
2484	56 
2485	22 
2486	87 
2487	94 
2488	76 
2489	34 
2490	77 
2491	74 
2492	33 
2493	68 
2494	82 
2495	79 
2496	9 
2497	30 
2498	75 
2499	45 
2500	43 
2501	50 
2502	34 
2503	72 
2504	87 
2505	12 
2506	13 
2507	8 
2508	13 
2509	24 
2510	32 
2511	26 
2512	12 
2513	10 
2514	72 
2515	9 
2516	5 
2517	32 
2518	38 
2519	48 
2520	50 
2521	14 
2522	12 
2523	42 
2524	78 
2525	59 
2526	28 
2527	54 
2528	4 
2529	67 
2530	90 
2531	4 
2532	28 
2533	87 
2534	47 
2535	80 
2536	42 
2537	17 
2538	31 
2539	94 
2540	28 
2541	43 
2542	94 
2543	25 
2544	11 
2545	87 
2546	48 
2547	83 
2548	9 
2549	14 
2550	79 
2551	38 
2552	30 
2553	25 
2554	72 
2555	66 
2556	58 
2557	9 
2558	75 
2559	35 
2560	64 
2561	21 
2562	57 
2563	7 
2564	54 
2565	66 
2566	24 
2567	7 
2568	71 
2569	51 
2570	8 
2571	35 
2572	86 
2573	9 
2574	65 
2575	25 
2576	83 
2577	34 
2578	23 
2579	11 
2580	58 
2581	63 
2582	20 
2583	36 
2584	49 
2585	36 
2586	17 
2587	42 
2588	64 
2589	53 
2590	62 
2591	61 
2592	6 
2593	17 
2594	55 
2595	78 
2596	75 
2597	42 
2598	57 
2599	8 
2600	38 
2601	31 
2602	79 
2603	45 
2604	76 
2605	48 
2606	79 
2607	54 
2608	44 
2609	67 
2610	78 
2611	83 
2612	52 
2613	87 
2614	18 
2615	43 
2616	8 
2617	41 
2618	51 
2619	63 
2620	74 
2621	77 
2622	9 
2623	4 
2624	58 
2625	40 
2626	88 
2627	63 
2628	79 
2629	83 
2630	12 
2631	25 
2632	85 
2633	16 
2634	17 
2635	46 
2636	31 
2637	76 
2638	48 
2639	72 
2640	78 
2641	9 
2642	55 
2643	31 
2644	26 
2645	8 
2646	13 
2647	83 
2648	59 
2649	41 
2650	75 
2651	44 
2652	71 
2653	80 
2654	4 
2655	39 
2656	88 
2657	87 
2658	14 
2659	92 
2660	41 
2661	64 
2662	50 
2663	68 
2664	38 
2665	86 
2666	8 
2667	8 
2668	61 
2669	76 
2670	94 
2671	15 
2672	41 
2673	39 
2674	14 
2675	73 
2676	16 
2677	76 
2678	16 
2679	31 
2680	77 
2681	24 
2682	82 
2683	66 
2684	27 
2685	43 
2686	24 
2687	84 
2688	38 
2689	76 
2690	18 
2691	41 
2692	64 
2693	25 
2694	50 
2695	44 
2696	81 
2697	24 
2698	45 
2699	85 
2700	36 
2701	75 
2702	59 
2703	60 
2704	94 
2705	82 
2706	71 
2707	17 
2708	12 
2709	70 
2710	51 
2711	17 
2712	91 
2713	80 
2714	22 
2715	34 
2716	9 
2717	48 
2718	21 
2719	65 
2720	90 
2721	83 
2722	51 
2723	29 
2724	21 
2725	80 
2726	91 
2727	89 
2728	74 
2729	56 
2730	87 
2731	75 
2732	71 
2733	7 
2734	50 
2735	27 
2736	51 
2737	42 
2738	56 
2739	75 
2740	87 
2741	41 
2742	13 
2743	82 
2744	64 
2745	82 
2746	21 
2747	66 
2748	59 
2749	59 
2750	22 
2751	75 
2752	91 
2753	24 
2754	40 
2755	90 
2756	62 
2757	83 
2758	48 
2759	41 
2760	75 
2761	14 
2762	48 
2763	70 
2764	56 
2765	7 
2766	90 
2767	16 
2768	86 
2769	61 
2770	61 
2771	39 
2772	59 
2773	12 
2774	1 
2775	82 
2776	72 
2777	58 
2778	63 
2779	2 
2780	56 
2781	85 
2782	33 
2783	4 
2784	12 
2785	30 
2786	72 
2787	13 
2788	74 
2789	39 
2790	63 
2791	27 
2792	91 
2793	43 
2794	50 
2795	58 
2796	75 
2797	4 
2798	79 
2799	73 
2800	68 
2801	35 
2802	9 
2803	79 
2804	80 
2805	58 
2806	76 
2807	9 
2808	65 
2809	4 
2810	51 
2811	24 
2812	27 
2813	45 
2814	88 
2815	72 
2816	81 
2817	26 
2818	48 
2819	65 
2820	37 
2821	42 
2822	94 
2823	16 
2824	51 
2825	63 
2826	41 
2827	55 
2828	7 
2829	43 
2830	21 
2831	35 
2832	44 
2833	75 
2834	36 
2835	7 
2836	58 
2837	41 
2838	23 
2839	51 
2840	74 
2841	82 
2842	73 
2843	13 
2844	88 
2845	56 
2846	38 
2847	80 
2848	42 
2849	38 
2850	82 
2851	3 
2852	69 
2853	72 
2854	26 
2855	36 
2856	42 
2857	41 
2858	72 
2859	82 
2860	17 
2861	65 
2862	39 
2863	8 
2864	72 
2865	28 
2866	21 
2867	54 
2868	7 
2869	4 
2870	92 
2871	34 
2872	75 
2873	13 
2874	72 
2875	5 
2876	63 
2877	75 
2878	22 
2879	9 
2880	78 
2881	31 
2882	47 
2883	58 
2884	60 
2885	38 
2886	91 
2887	45 
2888	59 
2889	20 
2890	78 
2891	20 
2892	77 
2893	7 
2894	51 
2895	45 
2896	48 
2897	12 
2898	21 
2899	48 
2900	6 
2901	75 
2902	48 
2903	4 
2904	58 
2905	24 
2906	12 
2907	81 
2908	19 
2909	21 
2910	71 
2911	20 
2912	73 
2913	61 
2914	44 
2915	36 
2916	6 
2917	54 
2918	34 
2919	14 
2920	63 
2921	89 
2922	14 
2923	80 
2924	76 
2925	9 
2926	76 
2927	27 
2928	87 
2929	33 
2930	76 
2931	24 
2932	24 
2933	44 
2934	35 
2935	8 
2936	9 
2937	56 
2938	45 
2939	73 
2940	79 
2941	4 
2942	60 
2943	76 
2944	76 
2945	19 
2946	60 
2947	48 
2948	4 
2949	1 
2950	38 
2951	29 
2952	30 
2953	34 
2954	50 
2955	13 
2956	7 
2957	41 
2958	21 
2959	19 
2960	79 
2961	64 
2962	15 
2963	79 
2964	77 
2965	27 
2966	52 
2967	79 
2968	14 
2969	60 
2970	58 
2971	7 
2972	21 
2973	4 
2974	22 
2975	1 
2976	25 
2977	9 
2978	91 
2979	42 
2980	4 
2981	63 
2982	20 
2983	53 
2984	76 
2985	56 
2986	19 
2987	36 
2988	25 
2989	47 
2990	41 
2991	46 
2992	4 
2993	19 
2994	84 
2995	43 
2996	27 
2997	65 
2998	79 
2999	58 
3000	86 
3001	36 
3002	43 
3003	47 
3004	75 
3005	91 
3006	49 
3007	9 
3008	57 
3009	81 
3010	19 
3011	9 
3012	48 
3013	94 
3014	4 
3015	24 
3016	4 
3017	56 
3018	10 
3019	61 
3020	50 
3021	86 
3022	72 
3023	36 
3024	7 
3025	32 
3026	87 
3027	9 
3028	92 
3029	18 
3030	24 
3031	80 
3032	87 
3033	45 
3034	27 
3035	66 
3036	79 
3037	21 
3038	8 
3039	34 
3040	63 
3041	26 
3042	10 
3043	80 
3044	82 
3045	7 
3046	63 
3047	78 
3048	57 
3049	55 
3050	73 
3051	25 
3052	38 
3053	8 
3054	77 
3055	25 
3056	21 
3057	43 
3058	85 
3059	76 
3060	32 
3061	22 
3062	32 
3063	84 
3064	23 
3065	66 
3066	63 
3067	14 
3068	14 
3069	78 
3070	32 
3071	48 
3072	45 
3073	39 
3074	31 
3075	83 
3076	64 
3077	89 
3078	94 
3079	36 
3080	38 
3081	76 
3082	78 
3083	12 
3084	50 
3085	51 
3086	74 
3087	66 
3088	72 
3089	66 
3090	23 
3091	14 
3092	93 
3093	3 
3094	83 
3095	59 
3096	39 
3097	89 
3098	15 
3099	32 
3100	71 
3101	22 
3102	42 
3103	42 
3104	31 
3105	60 
3106	45 
3107	90 
3108	40 
3109	51 
3110	85 
3111	48 
3112	60 
3113	11 
3114	15 
3115	38 
3116	86 
3117	13 
3118	11 
3119	32 
3120	84 
3121	43 
3122	54 
3123	12 
3124	22 
3125	90 
3126	8 
3127	53 
3128	83 
3129	4 
3130	50 
3131	50 
3132	7 
3133	37 
3134	32 
3135	50 
3136	7 
3137	19 
3138	58 
3139	61 
3140	88 
3141	13 
3142	38 
3143	92 
3144	9 
3145	21 
3146	4 
3147	42 
3148	70 
3149	48 
3150	79 
3151	58 
3152	90 
3153	12 
3154	35 
3155	37 
3156	87 
3157	40 
3158	87 
3159	51 
3160	70 
3161	48 
3162	47 
3163	21 
3164	57 
3165	35 
3166	75 
3167	22 
3168	76 
3169	53 
3170	56 
3171	15 
3172	53 
3173	94 
3174	59 
3175	12 
3176	43 
3177	1 
3178	87 
3179	90 
3180	68 
3181	61 
3182	36 
3183	93 
3184	14 
3185	29 
3186	85 
3187	36 
3188	60 
3189	7 
3190	69 
3191	83 
3192	66 
3193	48 
3194	88 
3195	42 
3196	64 
3197	21 
3198	52 
3199	15 
3200	14 
3201	16 
3202	48 
3203	51 
3204	12 
3205	8 
3206	43 
3207	33 
3208	91 
3209	45 
3210	32 
3211	38 
3212	43 
3213	38 
3214	94 
3215	75 
3216	60 
3217	47 
3218	9 
3219	43 
3220	88 
3221	82 
3222	82 
3223	13 
3224	73 
3225	1 
3226	82 
3227	59 
3228	36 
3229	19 
3230	27 
3231	92 
3232	14 
3233	50 
3234	69 
3235	42 
3236	61 
3237	43 
3238	43 
3239	80 
3240	84 
3241	59 
3242	82 
3243	36 
3244	45 
3245	74 
3246	77 
3247	34 
3248	18 
3249	38 
3250	48 
3251	15 
3252	10 
3253	4 
3254	48 
3255	85 
3256	76 
3257	52 
3258	10 
3259	63 
3260	8 
3261	78 
3262	53 
3263	2 
3264	83 
3265	77 
3266	39 
3267	21 
3268	11 
3269	38 
3270	38 
3271	4 
3272	67 
3273	4 
3274	44 
3275	24 
3276	42 
3277	52 
3278	21 
3279	5 
3280	12 
3281	13 
3282	46 
3283	11 
3284	54 
3285	73 
3286	65 
3287	44 
3288	83 
3289	51 
3290	51 
3291	27 
3292	75 
3293	38 
3294	35 
3295	21 
3296	31 
3297	51 
3298	56 
3299	79 
3300	13 
3301	10 
3302	36 
3303	46 
3304	73 
3305	16 
3306	70 
3307	4 
3308	82 
3309	82 
3310	44 
3311	93 
3312	26 
3313	56 
3314	82 
3315	18 
3316	64 
3317	91 
3318	5 
3319	12 
3320	18 
3321	21 
3322	43 
3323	65 
3324	7 
3325	64 
3326	75 
3327	14 
3328	51 
3329	57 
3330	3 
3331	31 
3332	66 
3333	43 
3334	21 
3335	35 
3336	66 
3337	7 
3338	13 
3339	79 
3340	88 
3341	80 
3342	43 
3343	59 
3344	7 
3345	63 
3346	15 
3347	80 
3348	66 
3349	58 
3350	33 
3351	21 
3352	18 
3353	3 
3354	69 
3355	7 
3356	39 
3357	36 
3358	7 
3359	7 
3360	78 
3361	49 
3362	89 
3363	85 
3364	85 
3365	47 
3366	85 
3367	50 
3368	17 
3369	55 
3370	47 
3371	81 
3372	33 
3373	78 
3374	27 
3375	52 
3376	50 
3377	62 
3378	35 
3379	92 
3380	47 
3381	75 
3382	8 
3383	4 
3384	32 
3385	50 
3386	9 
3387	87 
3388	84 
3389	10 
3390	7 
3391	85 
3392	17 
3393	59 
3394	78 
3395	50 
3396	64 
3397	34 
3398	55 
3399	3 
3400	21 
3401	27 
3402	46 
3403	48 
3404	76 
3405	1 
3406	10 
3407	31 
3408	1 
3409	94 
3410	81 
3411	31 
3412	31 
3413	1 
3414	30 
3415	14 
3416	24 
3417	83 
3418	55 
3419	40 
3420	88 
3421	34 
3422	24 
3423	59 
3424	16 
3425	13 
3426	9 
3427	72 
3428	16 
3429	87 
3430	49 
3431	91 
3432	1 
3433	14 
3434	62 
3435	56 
3436	35 
3437	21 
3438	19 
3439	68 
3440	19 
3441	78 
3442	45 
3443	41 
3444	8 
3445	42 
3446	78 
3447	52 
3448	70 
3449	33 
3450	7 
3451	62 
3452	51 
3453	29 
3454	87 
3455	83 
3456	18 
3457	24 
3458	65 
3459	64 
3460	50 
3461	84 
3462	33 
3463	78 
3464	55 
3465	92 
3466	8 
3467	32 
3468	84 
3469	27 
3470	23 
3471	50 
3472	50 
3473	36 
3474	12 
3475	79 
3476	78 
3477	24 
3478	23 
3479	7 
3480	76 
3481	56 
3482	34 
3483	85 
3484	20 
3485	59 
3486	62 
3487	54 
3488	20 
3489	7 
3490	74 
3491	18 
3492	88 
3493	79 
3494	8 
3495	68 
3496	84 
3497	48 
3498	27 
3499	32 
3500	32 
3501	86 
3502	19 
3503	26 
3504	1 
3505	24 
3506	42 
3507	40 
3508	7 
3509	25 
3510	27 
3511	55 
3512	52 
3513	22 
3514	76 
3515	70 
3516	38 
3517	14 
3518	88 
3519	39 
3520	12 
3521	78 
3522	53 
3523	66 
3524	51 
3525	42 
3526	21 
3527	47 
3528	59 
3529	82 
3530	59 
3531	9 
3532	12 
3533	61 
3534	78 
3535	80 
3536	93 
3537	55 
3538	27 
3539	52 
3540	12 
3541	36 
3542	79 
3543	78 
3544	30 
3545	37 
3546	24 
3547	10 
3548	85 
3549	12 
3550	32 
3551	67 
3552	41 
3553	41 
3554	66 
3555	81 
3556	48 
3557	74 
3558	26 
3559	64 
3560	72 
3561	92 
3562	1 
3563	8 
3564	72 
3565	60 
3566	72 
3567	57 
3568	85 
3569	47 
3570	79 
3571	36 
3572	85 
3573	66 
3574	77 
3575	36 
3576	36 
3577	14 
3578	54 
3579	7 
3580	52 
3581	22 
3582	50 
3583	84 
3584	52 
3585	75 
3586	33 
3587	63 
3588	25 
3589	8 
3590	20 
3591	64 
3592	26 
3593	17 
3594	1 
3595	59 
3596	42 
3597	44 
3598	52 
3599	75 
3600	9 
3601	64 
3602	68 
3603	50 
3604	9 
3605	85 
3606	82 
3607	31 
3608	12 
3609	58 
3610	63 
3611	9 
3612	86 
3613	16 
3614	37 
3615	20 
3616	76 
3617	9 
3618	40 
3619	50 
3620	41 
3621	53 
3622	23 
3623	85 
3624	27 
3625	20 
3626	31 
3627	58 
3628	60 
3629	43 
3630	38 
3631	87 
3632	4 
3633	28 
3634	72 
3635	7 
3636	59 
3637	89 
3638	93 
3639	84 
3640	17 
3641	50 
3642	87 
3643	10 
3644	13 
3645	51 
3646	32 
3647	51 
3648	59 
3649	47 
3650	64 
3651	82 
3652	50 
3653	73 
3654	41 
3655	42 
3656	50 
3657	7 
3658	62 
3659	13 
3660	38 
3661	43 
3662	13 
3663	30 
3664	63 
3665	83 
3666	11 
3667	32 
3668	3 
3669	42 
3670	44 
3671	57 
3672	75 
3673	32 
3674	86 
3675	13 
3676	70 
3677	24 
3678	24 
3679	89 
3680	21 
3681	37 
3682	75 
3683	63 
3684	7 
3685	52 
3686	53 
3687	7 
3688	50 
3689	60 
3690	21 
3691	17 
3692	75 
3693	84 
3694	5 
3695	21 
3696	83 
3697	17 
3698	11 
3699	5 
3700	55 
3701	10 
3702	69 
3703	19 
3704	86 
3705	89 
3706	14 
3707	56 
3708	8 
3709	30 
3710	89 
3711	83 
3712	84 
3713	83 
3714	85 
3715	37 
3716	36 
3717	59 
3718	64 
3719	14 
3720	64 
3721	80 
3722	75 
3723	61 
3724	10 
3725	55 
3726	81 
3727	93 
3728	44 
3729	54 
3730	15 
3731	37 
3732	83 
3733	22 
3734	62 
3735	22 
3736	38 
3737	29 
3738	32 
3739	40 
3740	12 
3741	62 
3742	48 
3743	68 
3744	76 
3745	12 
3746	7 
3747	1 
3748	22 
3749	59 
3750	11 
3751	21 
3752	19 
3753	6 
3754	53 
3755	27 
3756	54 
3757	87 
3758	92 
3759	84 
3760	73 
3761	8 
3762	58 
3763	44 
3764	76 
3765	35 
3766	11 
3767	74 
3768	79 
3769	88 
3770	83 
3771	53 
3772	42 
3773	72 
3774	9 
3775	14 
3776	31 
3777	76 
3778	64 
3779	79 
3780	38 
3781	57 
3782	5 
3783	13 
3784	11 
3785	75 
3786	58 
3787	85 
3788	87 
3789	63 
3790	64 
3791	34 
3792	85 
3793	25 
3794	13 
3795	85 
3796	84 
3797	63 
3798	65 
3799	65 
3800	56 
3801	40 
3802	56 
3803	49 
3804	48 
3805	87 
3806	60 
3807	23 
3808	44 
3809	8 
3810	52 
3811	44 
3812	49 
3813	14 
3814	44 
3815	21 
3816	89 
3817	53 
3818	30 
3819	62 
3820	48 
3821	1 
3822	79 
3823	73 
3824	44 
3825	86 
3826	38 
3827	8 
3828	64 
3829	19 
3830	65 
3831	69 
3832	34 
3833	46 
3834	27 
3835	84 
3836	92 
3837	42 
3838	38 
3839	73 
3840	12 
3841	17 
3842	38 
3843	75 
3844	62 
3845	33 
3846	20 
3847	9 
3848	8 
3849	65 
3850	42 
3851	27 
3852	25 
3853	14 
3854	12 
3855	94 
3856	27 
3857	84 
3858	34 
3859	24 
3860	66 
3861	58 
3862	51 
3863	32 
3864	79 
3865	6 
3866	56 
3867	58 
3868	45 
3869	49 
3870	34 
3871	65 
3872	64 
3873	26 
3874	94 
3875	75 
3876	16 
3877	14 
3878	47 
3879	94 
3880	80 
3881	13 
3882	91 
3883	30 
3884	76 
3885	9 
3886	20 
3887	7 
3888	14 
3889	33 
3890	34 
3891	28 
3892	24 
3893	50 
3894	12 
3895	30 
3896	8 
3897	33 
3898	8 
3899	5 
3900	83 
3901	32 
3902	68 
3903	12 
3904	32 
3905	44 
3906	19 
3907	79 
3908	22 
3909	24 
3910	4 
3911	8 
3912	91 
3913	57 
3914	3 
3915	83 
3916	15 
3917	83 
3918	57 
3919	87 
3920	24 
3921	41 
3922	57 
3923	33 
3924	47 
3925	60 
3926	9 
3927	35 
3928	7 
3929	83 
3930	73 
3931	91 
3932	25 
3933	43 
3934	92 
3935	24 
3936	86 
3937	45 
3938	34 
3939	92 
3940	39 
3941	42 
3942	64 
3943	57 
3944	18 
3945	7 
3946	94 
3947	79 
3948	4 
3949	59 
3950	17 
3951	85 
3952	34 
3953	41 
3954	30 
3955	9 
3956	89 
3957	82 
3958	66 
3959	38 
3960	24 
3961	38 
3962	88 
3963	59 
3964	50 
3965	34 
3966	72 
3967	21 
3968	4 
3969	31 
3970	36 
3971	17 
3972	44 
3973	2 
3974	83 
3975	5 
3976	9 
3977	53 
3978	87 
3979	86 
3980	32 
3981	36 
3982	84 
3983	28 
3984	62 
3985	75 
3986	69 
3987	59 
3988	36 
3989	59 
3990	33 
3991	50 
3992	13 
3993	7 
3994	84 
3995	76 
3996	79 
3997	14 
3998	91 
3999	61 
4000	34 
4001	57 
4002	48 
4003	22 
4004	37 
4005	87 
4006	72 
4007	81 
4008	18 
4009	76 
4010	83 
4011	51 
4012	42 
4013	25 
4014	37 
4015	81 
4016	26 
4017	36 
4018	33 
4019	23 
4020	73 
4021	44 
4022	69 
4023	82 
4024	86 
4025	34 
4026	68 
4027	21 
4028	51 
4029	87 
4030	84 
4031	8 
4032	24 
4033	2 
4034	52 
4035	6 
4036	49 
4037	59 
4038	89 
4039	64 
4040	76 
4041	42 
4042	12 
4043	61 
4044	94 
4045	88 
4046	71 
4047	25 
4048	82 
4049	26 
4050	62 
4051	83 
4052	25 
4053	79 
4054	29 
4055	38 
4056	81 
4057	50 
4058	3 
4059	59 
4060	50 
4061	2 
4062	86 
4063	5 
4064	58 
4065	31 
4066	13 
4067	34 
4068	93 
4069	72 
4070	58 
4071	83 
4072	72 
4073	44 
4074	42 
4075	83 
4076	2 
4077	48 
4078	71 
4079	85 
4080	88 
4081	87 
4082	79 
4083	1 
4084	36 
4085	38 
4086	45 
4087	79 
4088	54 
4089	43 
4090	63 
4091	38 
4092	37 
4093	93 
4094	17 
4095	58 
4096	36 
4097	76 
4098	40 
4099	89 
4100	56 
4101	11 
4102	9 
4103	45 
4104	54 
4105	13 
4106	41 
4107	67 
4108	36 
4109	12 
4110	78 
4111	59 
4112	12 
4113	83 
4114	87 
4115	43 
4116	72 
4117	11 
4118	75 
4119	85 
4120	30 
4121	74 
4122	87 
4123	37 
4124	38 
4125	85 
4126	36 
4127	76 
4128	75 
4129	4 
4130	29 
4131	82 
4132	17 
4133	83 
4134	43 
4135	8 
4136	27 
4137	11 
4138	88 
4139	48 
4140	22 
4141	86 
4142	22 
4143	41 
4144	22 
4145	41 
4146	47 
4147	53 
4148	94 
4149	51 
4150	82 
4151	52 
4152	13 
4153	94 
4154	33 
4155	44 
4156	46 
4157	80 
4158	39 
4159	83 
4160	9 
4161	44 
4162	31 
4163	69 
4164	87 
4165	84 
4166	50 
4167	31 
4168	50 
4169	63 
4170	82 
4171	11 
4172	89 
4173	85 
4174	80 
4175	15 
4176	87 
4177	89 
4178	41 
4179	39 
4180	63 
4181	26 
4182	21 
4183	74 
4184	90 
4185	34 
4186	21 
4187	50 
4188	76 
4189	45 
4190	2 
4191	7 
4192	72 
4193	60 
4194	23 
4195	47 
4196	48 
4197	12 
4198	75 
4199	1 
4200	76 
4201	31 
4202	62 
4203	94 
4204	75 
4205	71 
4206	53 
4207	37 
4208	48 
4209	12 
4210	90 
4211	4 
4212	63 
4213	81 
4214	69 
4215	44 
4216	69 
4217	44 
4218	44 
4219	6 
4220	86 
4221	86 
4222	2 
4223	51 
4224	75 
4225	48 
4226	3 
4227	87 
4228	49 
4229	29 
4230	40 
4231	76 
4232	38 
4233	36 
4234	83 
4235	45 
4236	17 
4237	29 
4238	58 
4239	31 
4240	34 
4241	12 
4242	23 
4243	38 
4244	1 
4245	27 
4246	12 
4247	56 
4248	51 
4249	14 
4250	83 
4251	91 
4252	76 
4253	74 
4254	88 
4255	38 
4256	59 
4257	66 
4258	39 
4259	6 
4260	14 
4261	92 
4262	19 
4263	55 
4264	31 
4265	72 
4266	58 
4267	51 
4268	18 
4269	42 
4270	34 
4271	83 
4272	18 
4273	8 
4274	85 
4275	17 
4276	75 
4277	61 
4278	2 
4279	66 
4280	41 
4281	63 
4282	77 
4283	75 
4284	75 
4285	37 
4286	45 
4287	17 
4288	41 
4289	76 
4290	42 
4291	11 
4292	45 
4293	56 
4294	45 
4295	38 
4296	65 
4297	4 
4298	94 
4299	36 
4300	18 
4301	75 
4302	31 
4303	71 
4304	65 
4305	8 
4306	11 
4307	83 
4308	11 
4309	59 
4310	57 
4311	81 
4312	38 
4313	1 
4314	87 
4315	34 
4316	74 
4317	20 
4318	54 
4319	19 
4320	23 
4321	82 
4322	33 
4323	27 
4324	64 
4325	91 
4326	77 
4327	50 
4328	59 
4329	54 
4330	12 
4331	51 
4332	57 
4333	45 
4334	37 
4335	25 
4336	68 
4337	86 
4338	87 
4339	63 
4340	30 
4341	35 
4342	44 
4343	69 
4344	13 
4345	47 
4346	55 
4347	44 
4348	45 
4349	79 
4350	54 
4351	8 
4352	43 
4353	14 
4354	65 
4355	80 
4356	21 
4357	35 
4358	91 
4359	14 
4360	31 
4361	83 
4362	24 
4363	79 
4364	87 
4365	83 
4366	17 
4367	54 
4368	47 
4369	79 
4370	91 
4371	2 
4372	51 
4373	72 
4374	38 
4375	81 
4376	57 
4377	72 
4378	33 
4379	72 
4380	47 
4381	84 
4382	30 
4383	34 
4384	7 
4385	21 
4386	24 
4387	38 
4388	55 
4389	11 
4390	9 
4391	87 
4392	57 
4393	22 
4394	61 
4395	6 
4396	24 
4397	39 
4398	17 
4399	56 
4400	20 
4401	63 
4402	90 
4403	75 
4404	32 
4405	47 
4406	19 
4407	27 
4408	22 
4409	43 
4410	76 
4411	43 
4412	43 
4413	72 
4414	74 
4415	62 
4416	14 
4417	6 
4418	56 
4419	24 
4420	75 
4421	13 
4422	27 
4423	56 
4424	39 
4425	41 
4426	76 
4427	43 
4428	45 
4429	90 
4430	57 
4431	52 
4432	9 
4433	36 
4434	41 
4435	51 
4436	9 
4437	18 
4438	30 
4439	87 
4440	83 
4441	39 
4442	14 
4443	34 
4444	56 
4445	17 
4446	50 
4447	3 
4448	51 
4449	94 
4450	61 
4451	21 
4452	44 
4453	12 
4454	2 
4455	19 
4456	50 
4457	68 
4458	87 
4459	76 
4460	51 
4461	36 
4462	54 
4463	8 
4464	61 
4465	52 
4466	80 
4467	2 
4468	69 
4469	35 
4470	81 
4471	19 
4472	11 
4473	94 
4474	49 
4475	18 
4476	18 
4477	50 
4478	83 
4479	75 
4480	24 
4481	48 
4482	2 
4483	7 
4484	59 
4485	9 
4486	73 
4487	58 
4488	76 
4489	27 
4490	56 
4491	21 
4492	83 
4493	43 
4494	74 
4495	27 
4496	49 
4497	83 
4498	88 
4499	17 
4500	84 
4501	50 
4502	31 
4503	26 
4504	56 
4505	48 
4506	19 
4507	42 
4508	21 
4509	72 
4510	47 
4511	55 
4512	8 
4513	84 
4514	13 
4515	71 
4516	43 
4517	48 
4518	58 
4519	48 
4520	37 
4521	21 
4522	27 
4523	43 
4524	75 
4525	63 
4526	69 
4527	6 
4528	7 
4529	75 
4530	7 
4531	45 
4532	32 
4533	14 
4534	91 
4535	23 
4536	48 
4537	25 
4538	75 
4539	74 
4540	75 
4541	32 
4542	89 
4543	50 
4544	80 
4545	89 
4546	85 
4547	36 
4548	86 
4549	31 
4550	87 
4551	13 
4552	62 
4553	57 
4554	36 
4555	59 
4556	86 
4557	15 
4558	66 
4559	82 
4560	41 
4561	53 
4562	72 
4563	62 
4564	91 
4565	44 
4566	41 
4567	24 
4568	36 
4569	91 
4570	74 
4571	84 
4572	89 
4573	12 
4574	25 
4575	59 
4576	76 
4577	2 
4578	66 
4579	84 
4580	24 
4581	72 
4582	36 
4583	51 
4584	19 
4585	76 
4586	58 
4587	79 
4588	48 
4589	21 
4590	73 
4591	20 
4592	42 
4593	43 
4594	34 
4595	86 
4596	34 
4597	72 
4598	39 
4599	36 
4600	44 
4601	41 
4602	65 
4603	64 
4604	8 
4605	79 
4606	12 
4607	9 
4608	33 
4609	47 
4610	48 
4611	18 
4612	89 
4613	25 
4614	45 
4615	36 
4616	9 
4617	50 
4618	36 
4619	89 
4620	85 
4621	10 
4622	69 
4623	75 
4624	4 
4625	34 
4626	56 
4627	51 
4628	50 
4629	42 
4630	79 
4631	63 
4632	56 
4633	49 
4634	9 
4635	74 
4636	75 
4637	79 
4638	59 
4639	89 
4640	61 
4641	65 
4642	86 
4643	13 
4644	75 
4645	79 
4646	34 
4647	36 
4648	54 
4649	73 
4650	32 
4651	80 
4652	64 
4653	86 
4654	64 
4655	75 
4656	21 
4657	60 
4658	84 
4659	79 
4660	91 
4661	83 
4662	21 
4663	34 
4664	41 
4665	66 
4666	4 
4667	24 
4668	94 
4669	82 
4670	32 
4671	41 
4672	57 
4673	21 
4674	36 
4675	69 
4676	38 
4677	8 
4678	31 
4679	13 
4680	41 
4681	42 
4682	91 
4683	21 
4684	80 
4685	42 
4686	78 
4687	42 
4688	24 
4689	45 
4690	13 
4691	61 
4692	12 
4693	33 
4694	72 
4695	83 
4696	36 
4697	84 
4698	79 
4699	34 
4700	63 
4701	15 
4702	85 
4703	18 
4704	41 
4705	50 
4706	14 
4707	36 
4708	32 
4709	42 
4710	42 
4711	47 
4712	4 
4713	13 
4714	56 
4715	57 
4716	84 
4717	47 
4718	92 
4719	27 
4720	33 
4721	50 
4722	41 
4723	36 
4724	4 
4725	31 
4726	14 
4727	87 
4728	86 
4729	9 
4730	82 
4731	36 
4732	11 
4733	63 
4734	92 
4735	32 
4736	42 
4737	48 
4738	61 
4739	50 
4740	76 
4741	6 
4742	18 
4743	50 
4744	59 
4745	54 
4746	81 
4747	24 
4748	24 
4749	82 
4750	8 
4751	76 
4752	85 
4753	35 
4754	75 
4755	41 
4756	51 
4757	85 
4758	47 
4759	87 
4760	24 
4761	34 
4762	50 
4763	47 
4764	47 
4765	56 
4766	27 
4767	85 
4768	69 
4769	13 
4770	56 
4771	69 
4772	84 
4773	66 
4774	41 
4775	39 
4776	22 
4777	25 
4778	17 
4779	38 
4780	38 
4781	38 
4782	74 
4783	11 
4784	80 
4785	4 
4786	91 
4787	7 
4788	34 
4789	56 
4790	33 
4791	79 
4792	87 
4793	64 
4794	62 
4795	92 
4796	14 
4797	2 
4798	63 
4799	65 
4800	12 
4801	12 
4802	6 
4803	8 
4804	83 
4805	43 
4806	48 
4807	13 
4808	85 
4809	7 
4810	41 
4811	43 
4812	42 
4813	86 
4814	38 
4815	91 
4816	87 
4817	13 
4818	54 
4819	32 
4820	18 
4821	84 
4822	74 
4823	21 
4824	65 
4825	61 
4826	81 
4827	11 
4828	92 
4829	41 
4830	84 
4831	9 
4832	4 
4833	91 
4834	76 
4835	76 
4836	24 
4837	8 
4838	44 
4839	59 
4840	82 
4841	85 
4842	73 
4843	19 
4844	7 
4845	82 
4846	50 
4847	13 
4848	76 
4849	9 
4850	7 
4851	33 
4852	31 
4853	75 
4854	33 
4855	42 
4856	2 
4857	8 
4858	82 
4859	57 
4860	66 
4861	87 
4862	63 
4863	83 
4864	31 
4865	81 
4866	9 
4867	4 
4868	79 
4869	18 
4870	22 
4871	64 
4872	47 
4873	25 
4874	8 
4875	31 
4876	15 
4877	1 
4878	54 
4879	58 
4880	61 
4881	85 
4882	54 
4883	19 
4884	4 
4885	76 
4886	54 
4887	47 
4888	82 
4889	82 
4890	85 
4891	45 
4892	85 
4893	64 
4894	86 
4895	72 
4896	83 
4897	80 
4898	14 
4899	83 
4900	63 
4901	15 
4902	83 
4903	83 
4904	7 
4905	57 
4906	36 
4907	9 
4908	22 
4909	75 
4910	17 
4911	42 
4912	54 
4913	31 
4914	41 
4915	47 
4916	41 
4917	79 
4918	39 
4919	86 
4920	75 
4921	31 
4922	60 
4923	82 
4924	72 
4925	19 
4926	32 
4927	8 
4928	83 
4929	86 
4930	38 
4931	75 
4932	35 
4933	17 
4934	39 
4935	41 
4936	47 
4937	58 
4938	43 
4939	31 
4940	51 
4941	12 
4942	54 
4943	35 
4944	78 
4945	86 
4946	63 
4947	8 
4948	19 
4949	36 
4950	64 
4951	76 
4952	66 
4953	63 
4954	63 
4955	64 
4956	35 
4957	58 
4958	64 
4959	86 
4960	87 
4961	50 
4962	65 
4963	41 
4964	59 
4965	39 
4966	41 
4967	27 
4968	58 
4969	85 
4970	38 
4971	76 
4972	76 
4973	41 
4974	79 
4975	7 
4976	83 
4977	66 
4978	86 
4979	38 
4980	43 
4981	84 
4982	47 
4983	8 
4984	84 
4985	83 
4986	47 
4987	91 
4988	12 
4989	80 
4990	21 
4991	8 
4992	83 
4993	4 
4994	22 
4995	60 
4996	38 
4997	18 
4998	85 
4999	34 
5000	48 
