1	39 
2	64 
3	53 
4	14 
5	43 
6	10 
7	39 
8	48 
9	44 
10	58 
11	39 
12	57 
13	81 
14	13 
15	17 
16	20 
17	21 
18	74 
19	79 
20	26 
21	59 
22	89 
23	31 
24	77 
25	88 
26	14 
27	39 
28	36 
29	79 
30	85 
31	65 
32	74 
33	61 
34	39 
35	97 
36	86 
37	41 
38	46 
39	16 
40	103 
41	88 
42	10 
43	11 
44	39 
45	40 
46	56 
47	6 
48	53 
49	54 
50	10 
51	106 
52	46 
53	99 
54	41 
55	37 
56	53 
57	71 
58	83 
59	23 
60	100 
61	100 
62	11 
63	83 
64	79 
65	81 
66	86 
67	51 
68	81 
69	51 
70	10 
71	82 
72	61 
73	31 
74	42 
75	51 
76	52 
77	34 
78	40 
79	105 
80	61 
81	3 
82	15 
83	67 
84	7 
85	43 
86	99 
87	98 
88	73 
89	37 
90	42 
91	29 
92	53 
93	5 
94	50 
95	50 
96	4 
97	19 
98	21 
99	26 
100	56 
101	64 
102	28 
103	85 
104	49 
105	39 
106	88 
107	82 
108	65 
109	6 
110	15 
111	75 
112	92 
113	25 
114	90 
115	23 
116	6 
117	25 
118	83 
119	14 
120	37 
121	104 
122	96 
123	98 
124	5 
125	83 
126	36 
127	16 
128	97 
129	17 
130	4 
131	50 
132	76 
133	15 
134	53 
135	16 
136	34 
137	26 
138	7 
139	4 
140	37 
141	14 
142	12 
143	7 
144	58 
145	49 
146	41 
147	5 
148	103 
149	13 
150	105 
151	57 
152	72 
153	104 
154	98 
155	47 
156	85 
157	13 
158	41 
159	32 
160	3 
161	55 
162	57 
163	101 
164	71 
165	12 
166	56 
167	20 
168	76 
169	7 
170	90 
171	7 
172	26 
173	49 
174	85 
175	88 
176	76 
177	51 
178	76 
179	105 
180	105 
181	53 
182	59 
183	49 
184	69 
185	16 
186	14 
187	89 
188	73 
189	78 
190	56 
191	70 
192	100 
193	1 
194	73 
195	10 
196	78 
197	92 
198	66 
199	39 
200	38 
201	12 
202	30 
203	56 
204	58 
205	10 
206	59 
207	73 
208	50 
209	70 
210	10 
211	104 
212	6 
213	67 
214	91 
215	87 
216	39 
217	70 
218	58 
219	58 
220	41 
221	36 
222	8 
223	104 
224	63 
225	44 
226	14 
227	51 
228	7 
229	20 
230	27 
231	89 
232	60 
233	77 
234	41 
235	101 
236	90 
237	85 
238	104 
239	61 
240	37 
241	53 
242	75 
243	85 
244	14 
245	43 
246	53 
247	89 
248	100 
249	89 
250	46 
251	2 
252	43 
253	9 
254	9 
255	15 
256	12 
257	89 
258	50 
259	86 
260	41 
261	50 
262	33 
263	72 
264	102 
265	79 
266	83 
267	10 
268	7 
269	7 
270	50 
271	59 
272	15 
273	61 
274	54 
275	87 
276	21 
277	102 
278	3 
279	93 
280	36 
281	90 
282	102 
283	42 
284	60 
285	39 
286	10 
287	102 
288	86 
289	104 
290	91 
291	57 
292	17 
293	65 
294	78 
295	49 
296	96 
297	11 
298	91 
299	76 
300	30 
301	25 
302	71 
303	104 
304	37 
305	66 
306	26 
307	85 
308	105 
309	105 
310	35 
311	41 
312	15 
313	20 
314	37 
315	51 
316	54 
317	23 
318	61 
319	60 
320	30 
321	48 
322	31 
323	51 
324	24 
325	31 
326	32 
327	83 
328	81 
329	69 
330	37 
331	84 
332	30 
333	9 
334	104 
335	97 
336	48 
337	49 
338	68 
339	56 
340	89 
341	69 
342	98 
343	9 
344	30 
345	8 
346	36 
347	85 
348	100 
349	31 
350	7 
351	59 
352	81 
353	72 
354	48 
355	28 
356	12 
357	95 
358	64 
359	95 
360	99 
361	60 
362	53 
363	31 
364	13 
365	50 
366	81 
367	37 
368	68 
369	39 
370	97 
371	71 
372	70 
373	57 
374	50 
375	69 
376	6 
377	57 
378	105 
379	101 
380	1 
381	98 
382	42 
383	9 
384	88 
385	64 
386	39 
387	23 
388	16 
389	103 
390	22 
391	14 
392	26 
393	36 
394	3 
395	51 
396	92 
397	69 
398	28 
399	18 
400	83 
401	24 
402	15 
403	88 
404	33 
405	55 
406	72 
407	61 
408	87 
409	15 
410	76 
411	68 
412	91 
413	99 
414	94 
415	10 
416	67 
417	43 
418	84 
419	42 
420	31 
421	39 
422	4 
423	69 
424	30 
425	65 
426	56 
427	7 
428	54 
429	41 
430	60 
431	106 
432	15 
433	98 
434	4 
435	38 
436	69 
437	27 
438	86 
439	69 
440	51 
441	44 
442	104 
443	78 
444	7 
445	83 
446	85 
447	48 
448	82 
449	88 
450	76 
451	71 
452	5 
453	38 
454	106 
455	85 
456	103 
457	22 
458	69 
459	41 
460	85 
461	4 
462	30 
463	83 
464	80 
465	28 
466	31 
467	31 
468	19 
469	96 
470	25 
471	4 
472	98 
473	13 
474	61 
475	83 
476	63 
477	57 
478	39 
479	92 
480	13 
481	22 
482	6 
483	23 
484	36 
485	94 
486	67 
487	5 
488	37 
489	21 
490	37 
491	28 
492	6 
493	50 
494	31 
495	72 
496	5 
497	100 
498	58 
499	79 
500	83 
501	104 
502	40 
503	31 
504	44 
505	8 
506	7 
507	91 
508	58 
509	31 
510	50 
511	27 
512	59 
513	19 
514	36 
515	28 
516	33 
517	1 
518	103 
519	10 
520	15 
521	64 
522	71 
523	13 
524	10 
525	21 
526	100 
527	53 
528	7 
529	51 
530	61 
531	30 
532	99 
533	38 
534	23 
535	51 
536	98 
537	92 
538	92 
539	51 
540	98 
541	70 
542	89 
543	88 
544	38 
545	80 
546	7 
547	7 
548	95 
549	82 
550	56 
551	61 
552	91 
553	39 
554	47 
555	54 
556	46 
557	37 
558	72 
559	60 
560	104 
561	51 
562	35 
563	4 
564	13 
565	10 
566	44 
567	50 
568	61 
569	34 
570	60 
571	70 
572	42 
573	17 
574	20 
575	16 
576	79 
577	13 
578	47 
579	88 
580	19 
581	77 
582	58 
583	60 
584	73 
585	57 
586	96 
587	36 
588	95 
589	39 
590	87 
591	39 
592	106 
593	104 
594	38 
595	21 
596	92 
597	33 
598	12 
599	65 
600	31 
601	82 
602	25 
603	59 
604	10 
605	97 
606	14 
607	49 
608	61 
609	77 
610	34 
611	39 
612	47 
613	51 
614	100 
615	90 
616	98 
617	100 
618	101 
619	90 
620	36 
621	24 
622	10 
623	2 
624	65 
625	100 
626	50 
627	61 
628	41 
629	61 
630	11 
631	56 
632	49 
633	43 
634	99 
635	39 
636	52 
637	33 
638	23 
639	8 
640	72 
641	50 
642	15 
643	7 
644	40 
645	48 
646	105 
647	100 
648	105 
649	31 
650	59 
651	44 
652	96 
653	50 
654	94 
655	14 
656	31 
657	81 
658	69 
659	4 
660	30 
661	2 
662	50 
663	41 
664	10 
665	17 
666	41 
667	57 
668	25 
669	90 
670	61 
671	13 
672	104 
673	30 
674	46 
675	60 
676	43 
677	83 
678	48 
679	56 
680	11 
681	15 
682	14 
683	47 
684	47 
685	72 
686	4 
687	51 
688	97 
689	57 
690	98 
691	54 
692	92 
693	88 
694	50 
695	50 
696	8 
697	99 
698	97 
699	43 
700	85 
701	93 
702	30 
703	16 
704	32 
705	88 
706	39 
707	94 
708	55 
709	100 
710	28 
711	11 
712	44 
713	91 
714	62 
715	60 
716	24 
717	69 
718	84 
719	4 
720	99 
721	85 
722	31 
723	102 
724	31 
725	44 
726	30 
727	16 
728	4 
729	10 
730	38 
731	70 
732	14 
733	38 
734	39 
735	47 
736	102 
737	41 
738	44 
739	106 
740	18 
741	72 
742	97 
743	50 
744	2 
745	38 
746	39 
747	67 
748	103 
749	68 
750	50 
751	61 
752	103 
753	100 
754	4 
755	92 
756	44 
757	14 
758	61 
759	61 
760	53 
761	100 
762	8 
763	26 
764	97 
765	14 
766	64 
767	42 
768	41 
769	62 
770	100 
771	32 
772	97 
773	83 
774	7 
775	30 
776	24 
777	48 
778	34 
779	81 
780	9 
781	98 
782	48 
783	43 
784	93 
785	31 
786	34 
787	30 
788	5 
789	74 
790	98 
791	15 
792	73 
793	24 
794	59 
795	69 
796	61 
797	104 
798	91 
799	38 
800	96 
801	61 
802	4 
803	50 
804	91 
805	97 
806	45 
807	58 
808	88 
809	40 
810	41 
811	69 
812	45 
813	60 
814	73 
815	7 
816	24 
817	96 
818	76 
819	52 
820	37 
821	81 
822	52 
823	14 
824	39 
825	59 
826	12 
827	56 
828	4 
829	45 
830	36 
831	85 
832	50 
833	83 
834	71 
835	102 
836	4 
837	88 
838	67 
839	92 
840	52 
841	83 
842	77 
843	14 
844	69 
845	76 
846	58 
847	28 
848	82 
849	53 
850	14 
851	31 
852	97 
853	71 
854	48 
855	41 
856	32 
857	74 
858	45 
859	106 
860	21 
861	100 
862	30 
863	53 
864	54 
865	54 
866	14 
867	20 
868	14 
869	18 
870	27 
871	91 
872	30 
873	41 
874	24 
875	14 
876	39 
877	95 
878	96 
879	15 
880	47 
881	98 
882	24 
883	37 
884	41 
885	16 
886	60 
887	50 
888	50 
889	15 
890	57 
891	84 
892	62 
893	61 
894	87 
895	17 
896	104 
897	24 
898	106 
899	5 
900	83 
901	10 
902	14 
903	39 
904	106 
905	38 
906	89 
907	7 
908	36 
909	39 
910	2 
911	59 
912	91 
913	96 
914	34 
915	57 
916	94 
917	34 
918	4 
919	9 
920	76 
921	88 
922	24 
923	13 
924	70 
925	101 
926	89 
927	74 
928	83 
929	57 
930	96 
931	20 
932	17 
933	33 
934	64 
935	93 
936	39 
937	33 
938	97 
939	105 
940	77 
941	69 
942	69 
943	24 
944	7 
945	10 
946	30 
947	16 
948	25 
949	73 
950	69 
951	51 
952	74 
953	53 
954	90 
955	82 
956	58 
957	18 
958	103 
959	23 
960	38 
961	18 
962	49 
963	96 
964	15 
965	26 
966	85 
967	58 
968	10 
969	97 
970	88 
971	74 
972	15 
973	71 
974	39 
975	56 
976	32 
977	95 
978	95 
979	16 
980	15 
981	16 
982	68 
983	14 
984	36 
985	68 
986	54 
987	24 
988	70 
989	58 
990	12 
991	7 
992	43 
993	106 
994	10 
995	74 
996	51 
997	90 
998	16 
999	105 
1000	88 
1001	97 
1002	73 
1003	63 
1004	59 
1005	22 
1006	57 
1007	49 
1008	60 
1009	80 
1010	41 
1011	97 
1012	11 
1013	48 
1014	67 
1015	97 
1016	22 
1017	82 
1018	41 
1019	30 
1020	41 
1021	43 
1022	16 
1023	44 
1024	45 
1025	49 
1026	69 
1027	7 
1028	51 
1029	7 
1030	67 
1031	67 
1032	84 
1033	1 
1034	7 
1035	23 
1036	106 
1037	51 
1038	13 
1039	99 
1040	57 
1041	58 
1042	21 
1043	51 
1044	78 
1045	28 
1046	50 
1047	47 
1048	53 
1049	86 
1050	39 
1051	24 
1052	47 
1053	43 
1054	42 
1055	38 
1056	68 
1057	29 
1058	6 
1059	106 
1060	22 
1061	79 
1062	88 
1063	57 
1064	68 
1065	64 
1066	5 
1067	1 
1068	11 
1069	4 
1070	50 
1071	38 
1072	99 
1073	99 
1074	7 
1075	25 
1076	38 
1077	41 
1078	72 
1079	69 
1080	92 
1081	38 
1082	16 
1083	48 
1084	101 
1085	38 
1086	9 
1087	92 
1088	68 
1089	102 
1090	89 
1091	57 
1092	69 
1093	47 
1094	7 
1095	50 
1096	59 
1097	15 
1098	85 
1099	105 
1100	53 
1101	38 
1102	98 
1103	26 
1104	68 
1105	40 
1106	88 
1107	34 
1108	34 
1109	24 
1110	71 
1111	69 
1112	51 
1113	58 
1114	57 
1115	39 
1116	50 
1117	25 
1118	70 
1119	77 
1120	44 
1121	43 
1122	39 
1123	10 
1124	21 
1125	41 
1126	44 
1127	53 
1128	85 
1129	51 
1130	71 
1131	70 
1132	48 
1133	99 
1134	12 
1135	51 
1136	55 
1137	41 
1138	95 
1139	1 
1140	88 
1141	57 
1142	36 
1143	34 
1144	54 
1145	52 
1146	11 
1147	84 
1148	62 
1149	97 
1150	61 
1151	81 
1152	51 
1153	31 
1154	53 
1155	5 
1156	10 
1157	46 
1158	90 
1159	73 
1160	41 
1161	78 
1162	30 
1163	26 
1164	43 
1165	87 
1166	80 
1167	29 
1168	20 
1169	43 
1170	83 
1171	35 
1172	24 
1173	39 
1174	87 
1175	38 
1176	67 
1177	69 
1178	78 
1179	6 
1180	95 
1181	24 
1182	56 
1183	100 
1184	64 
1185	42 
1186	82 
1187	5 
1188	36 
1189	16 
1190	50 
1191	14 
1192	30 
1193	34 
1194	62 
1195	89 
1196	34 
1197	76 
1198	54 
1199	13 
1200	100 
1201	79 
1202	61 
1203	80 
1204	82 
1205	101 
1206	89 
1207	4 
1208	41 
1209	11 
1210	36 
1211	28 
1212	14 
1213	49 
1214	21 
1215	104 
1216	97 
1217	91 
1218	6 
1219	46 
1220	44 
1221	68 
1222	41 
1223	59 
1224	2 
1225	61 
1226	20 
1227	80 
1228	85 
1229	93 
1230	47 
1231	61 
1232	5 
1233	36 
1234	104 
1235	25 
1236	24 
1237	102 
1238	96 
1239	55 
1240	54 
1241	50 
1242	57 
1243	74 
1244	81 
1245	43 
1246	24 
1247	77 
1248	91 
1249	104 
1250	39 
1251	54 
1252	12 
1253	69 
1254	83 
1255	28 
1256	89 
1257	105 
1258	61 
1259	63 
1260	49 
1261	58 
1262	38 
1263	104 
1264	99 
1265	10 
1266	89 
1267	9 
1268	65 
1269	12 
1270	41 
1271	4 
1272	100 
1273	8 
1274	60 
1275	14 
1276	75 
1277	36 
1278	24 
1279	73 
1280	11 
1281	92 
1282	3 
1283	3 
1284	9 
1285	68 
1286	47 
1287	73 
1288	26 
1289	60 
1290	84 
1291	93 
1292	14 
1293	5 
1294	8 
1295	104 
1296	57 
1297	61 
1298	42 
1299	68 
1300	7 
1301	103 
1302	31 
1303	74 
1304	41 
1305	8 
1306	4 
1307	105 
1308	63 
1309	4 
1310	10 
1311	103 
1312	60 
1313	92 
1314	20 
1315	30 
1316	62 
1317	41 
1318	24 
1319	32 
1320	10 
1321	39 
1322	50 
1323	68 
1324	69 
1325	50 
1326	66 
1327	38 
1328	51 
1329	75 
1330	93 
1331	99 
1332	96 
1333	6 
1334	76 
1335	89 
1336	8 
1337	93 
1338	45 
1339	69 
1340	58 
1341	69 
1342	89 
1343	49 
1344	5 
1345	90 
1346	48 
1347	38 
1348	70 
1349	23 
1350	20 
1351	104 
1352	104 
1353	103 
1354	38 
1355	92 
1356	57 
1357	53 
1358	25 
1359	99 
1360	49 
1361	80 
1362	89 
1363	14 
1364	42 
1365	58 
1366	18 
1367	6 
1368	66 
1369	4 
1370	64 
1371	71 
1372	51 
1373	13 
1374	43 
1375	92 
1376	31 
1377	104 
1378	67 
1379	48 
1380	38 
1381	104 
1382	19 
1383	66 
1384	23 
1385	83 
1386	25 
1387	92 
1388	74 
1389	38 
1390	97 
1391	97 
1392	32 
1393	39 
1394	10 
1395	16 
1396	52 
1397	43 
1398	63 
1399	70 
1400	94 
1401	8 
1402	97 
1403	106 
1404	61 
1405	64 
1406	31 
1407	49 
1408	83 
1409	46 
1410	53 
1411	16 
1412	65 
1413	54 
1414	14 
1415	40 
1416	30 
1417	68 
1418	5 
1419	54 
1420	35 
1421	97 
1422	31 
1423	42 
1424	69 
1425	27 
1426	30 
1427	100 
1428	34 
1429	4 
1430	36 
1431	106 
1432	26 
1433	81 
1434	103 
1435	12 
1436	97 
1437	39 
1438	97 
1439	45 
1440	54 
1441	96 
1442	55 
1443	80 
1444	67 
1445	5 
1446	4 
1447	26 
1448	88 
1449	75 
1450	19 
1451	70 
1452	24 
1453	95 
1454	16 
1455	51 
1456	61 
1457	76 
1458	30 
1459	36 
1460	59 
1461	85 
1462	48 
1463	99 
1464	31 
1465	49 
1466	25 
1467	36 
1468	38 
1469	37 
1470	44 
1471	23 
1472	41 
1473	31 
1474	22 
1475	27 
1476	92 
1477	43 
1478	105 
1479	5 
1480	11 
1481	10 
1482	13 
1483	102 
1484	79 
1485	68 
1486	85 
1487	9 
1488	85 
1489	7 
1490	24 
1491	9 
1492	105 
1493	4 
1494	36 
1495	104 
1496	14 
1497	30 
1498	17 
1499	95 
1500	53 
1501	41 
1502	69 
1503	43 
1504	11 
1505	17 
1506	50 
1507	26 
1508	25 
1509	33 
1510	65 
1511	3 
1512	14 
1513	83 
1514	82 
1515	2 
1516	19 
1517	17 
1518	82 
1519	102 
1520	8 
1521	93 
1522	104 
1523	38 
1524	25 
1525	104 
1526	99 
1527	69 
1528	30 
1529	104 
1530	23 
1531	28 
1532	37 
1533	86 
1534	10 
1535	31 
1536	4 
1537	97 
1538	24 
1539	103 
1540	77 
1541	82 
1542	4 
1543	106 
1544	74 
1545	4 
1546	14 
1547	10 
1548	58 
1549	23 
1550	105 
1551	22 
1552	22 
1553	51 
1554	56 
1555	12 
1556	30 
1557	24 
1558	53 
1559	43 
1560	54 
1561	54 
1562	49 
1563	95 
1564	93 
1565	54 
1566	28 
1567	81 
1568	43 
1569	29 
1570	28 
1571	27 
1572	44 
1573	26 
1574	41 
1575	69 
1576	39 
1577	31 
1578	89 
1579	58 
1580	49 
1581	84 
1582	105 
1583	36 
1584	65 
1585	14 
1586	89 
1587	58 
1588	34 
1589	100 
1590	42 
1591	8 
1592	44 
1593	12 
1594	62 
1595	5 
1596	41 
1597	41 
1598	53 
1599	41 
1600	53 
1601	30 
1602	60 
1603	36 
1604	39 
1605	31 
1606	30 
1607	75 
1608	45 
1609	86 
1610	10 
1611	25 
1612	23 
1613	60 
1614	40 
1615	41 
1616	31 
1617	97 
1618	4 
1619	15 
1620	99 
1621	97 
1622	26 
1623	15 
1624	4 
1625	59 
1626	68 
1627	59 
1628	51 
1629	91 
1630	13 
1631	60 
1632	77 
1633	60 
1634	36 
1635	86 
1636	94 
1637	88 
1638	41 
1639	82 
1640	88 
1641	62 
1642	75 
1643	39 
1644	103 
1645	97 
1646	26 
1647	24 
1648	48 
1649	24 
1650	24 
1651	7 
1652	96 
1653	78 
1654	70 
1655	37 
1656	28 
1657	96 
1658	52 
1659	28 
1660	41 
1661	96 
1662	25 
1663	63 
1664	65 
1665	51 
1666	6 
1667	99 
1668	46 
1669	22 
1670	93 
1671	50 
1672	100 
1673	65 
1674	30 
1675	31 
1676	67 
1677	77 
1678	12 
1679	11 
1680	78 
1681	4 
1682	36 
1683	50 
1684	85 
1685	44 
1686	7 
1687	14 
1688	19 
1689	96 
1690	41 
1691	50 
1692	87 
1693	92 
1694	83 
1695	16 
1696	81 
1697	64 
1698	84 
1699	60 
1700	21 
1701	67 
1702	68 
1703	87 
1704	58 
1705	60 
1706	60 
1707	81 
1708	4 
1709	99 
1710	15 
1711	47 
1712	89 
1713	37 
1714	72 
1715	51 
1716	46 
1717	4 
1718	3 
1719	24 
1720	38 
1721	67 
1722	36 
1723	61 
1724	83 
1725	16 
1726	89 
1727	1 
1728	31 
1729	51 
1730	42 
1731	15 
1732	54 
1733	5 
1734	106 
1735	58 
1736	57 
1737	97 
1738	99 
1739	60 
1740	91 
1741	24 
1742	10 
1743	31 
1744	65 
1745	53 
1746	17 
1747	86 
1748	47 
1749	61 
1750	52 
1751	42 
1752	88 
1753	99 
1754	34 
1755	65 
1756	41 
1757	13 
1758	10 
1759	85 
1760	102 
1761	24 
1762	36 
1763	54 
1764	91 
1765	50 
1766	90 
1767	46 
1768	51 
1769	99 
1770	38 
1771	61 
1772	47 
1773	28 
1774	95 
1775	60 
1776	92 
1777	57 
1778	31 
1779	84 
1780	44 
1781	47 
1782	44 
1783	104 
1784	24 
1785	104 
1786	38 
1787	77 
1788	26 
1789	89 
1790	66 
1791	34 
1792	100 
1793	59 
1794	31 
1795	69 
1796	65 
1797	76 
1798	14 
1799	41 
1800	69 
1801	53 
1802	88 
1803	105 
1804	8 
1805	30 
1806	29 
1807	35 
1808	26 
1809	6 
1810	50 
1811	54 
1812	91 
1813	36 
1814	47 
1815	63 
1816	98 
1817	16 
1818	3 
1819	27 
1820	10 
1821	54 
1822	10 
1823	50 
1824	85 
1825	50 
1826	9 
1827	15 
1828	104 
1829	54 
1830	15 
1831	48 
1832	78 
1833	28 
1834	86 
1835	14 
1836	79 
1837	37 
1838	36 
1839	78 
1840	89 
1841	12 
1842	89 
1843	89 
1844	43 
1845	13 
1846	56 
1847	51 
1848	62 
1849	4 
1850	97 
1851	59 
1852	22 
1853	82 
1854	34 
1855	34 
1856	53 
1857	97 
1858	13 
1859	5 
1860	68 
1861	14 
1862	15 
1863	45 
1864	58 
1865	36 
1866	36 
1867	82 
1868	31 
1869	64 
1870	53 
1871	97 
1872	31 
1873	68 
1874	96 
1875	49 
1876	20 
1877	3 
1878	80 
1879	90 
1880	106 
1881	6 
1882	41 
1883	51 
1884	31 
1885	91 
1886	102 
1887	68 
1888	31 
1889	80 
1890	64 
1891	53 
1892	105 
1893	99 
1894	42 
1895	106 
1896	104 
1897	81 
1898	83 
1899	80 
1900	106 
1901	42 
1902	61 
1903	105 
1904	39 
1905	30 
1906	14 
1907	16 
1908	84 
1909	86 
1910	73 
1911	99 
1912	83 
1913	99 
1914	37 
1915	39 
1916	70 
1917	27 
1918	23 
1919	74 
1920	73 
1921	13 
1922	36 
1923	59 
1924	44 
1925	99 
1926	85 
1927	10 
1928	60 
1929	106 
1930	99 
1931	92 
1932	34 
1933	1 
1934	38 
1935	42 
1936	3 
1937	59 
1938	78 
1939	79 
1940	99 
1941	106 
1942	41 
1943	104 
1944	96 
1945	20 
1946	42 
1947	8 
1948	4 
1949	70 
1950	49 
1951	24 
1952	69 
1953	99 
1954	102 
1955	41 
1956	4 
1957	78 
1958	55 
1959	97 
1960	30 
1961	90 
1962	49 
1963	105 
1964	7 
1965	26 
1966	69 
1967	102 
1968	91 
1969	24 
1970	67 
1971	104 
1972	90 
1973	80 
1974	95 
1975	4 
1976	38 
1977	25 
1978	86 
1979	96 
1980	14 
1981	42 
1982	104 
1983	5 
1984	84 
1985	9 
1986	60 
1987	102 
1988	38 
1989	54 
1990	60 
1991	94 
1992	29 
1993	98 
1994	23 
1995	34 
1996	38 
1997	9 
1998	29 
1999	43 
2000	52 
2001	35 
2002	85 
2003	59 
2004	30 
2005	83 
2006	73 
2007	16 
2008	40 
2009	83 
2010	47 
2011	26 
2012	14 
2013	70 
2014	92 
2015	54 
2016	97 
2017	7 
2018	49 
2019	42 
2020	28 
2021	59 
2022	53 
2023	30 
2024	40 
2025	41 
2026	98 
2027	13 
2028	30 
2029	98 
2030	10 
2031	92 
2032	101 
2033	38 
2034	26 
2035	28 
2036	41 
2037	10 
2038	48 
2039	8 
2040	82 
2041	10 
2042	23 
2043	10 
2044	65 
2045	14 
2046	23 
2047	14 
2048	91 
2049	98 
2050	86 
2051	34 
2052	80 
2053	25 
2054	72 
2055	60 
2056	13 
2057	50 
2058	74 
2059	15 
2060	83 
2061	62 
2062	78 
2063	49 
2064	31 
2065	47 
2066	76 
2067	91 
2068	54 
2069	28 
2070	12 
2071	39 
2072	48 
2073	78 
2074	68 
2075	106 
2076	31 
2077	3 
2078	15 
2079	29 
2080	89 
2081	53 
2082	8 
2083	16 
2084	105 
2085	43 
2086	84 
2087	4 
2088	106 
2089	4 
2090	61 
2091	15 
2092	30 
2093	53 
2094	34 
2095	3 
2096	61 
2097	50 
2098	8 
2099	12 
2100	101 
2101	69 
2102	83 
2103	89 
2104	84 
2105	105 
2106	85 
2107	81 
2108	23 
2109	70 
2110	48 
2111	20 
2112	42 
2113	95 
2114	20 
2115	4 
2116	99 
2117	45 
2118	43 
2119	58 
2120	32 
2121	32 
2122	79 
2123	25 
2124	30 
2125	44 
2126	2 
2127	30 
2128	67 
2129	98 
2130	15 
2131	63 
2132	74 
2133	92 
2134	71 
2135	5 
2136	25 
2137	104 
2138	91 
2139	57 
2140	41 
2141	36 
2142	23 
2143	99 
2144	105 
2145	73 
2146	39 
2147	10 
2148	7 
2149	76 
2150	48 
2151	50 
2152	89 
2153	58 
2154	89 
2155	26 
2156	51 
2157	94 
2158	86 
2159	13 
2160	34 
2161	26 
2162	10 
2163	61 
2164	41 
2165	28 
2166	51 
2167	2 
2168	14 
2169	82 
2170	37 
2171	25 
2172	83 
2173	99 
2174	16 
2175	21 
2176	68 
2177	61 
2178	41 
2179	76 
2180	48 
2181	27 
2182	104 
2183	53 
2184	102 
2185	18 
2186	58 
2187	48 
2188	53 
2189	82 
2190	8 
2191	37 
2192	98 
2193	46 
2194	5 
2195	4 
2196	41 
2197	39 
2198	42 
2199	37 
2200	22 
2201	9 
2202	76 
2203	27 
2204	102 
2205	81 
2206	56 
2207	54 
2208	13 
2209	19 
2210	31 
2211	59 
2212	85 
2213	80 
2214	102 
2215	38 
2216	75 
2217	102 
2218	70 
2219	50 
2220	19 
2221	31 
2222	54 
2223	94 
2224	79 
2225	64 
2226	92 
2227	99 
2228	87 
2229	35 
2230	98 
2231	68 
2232	34 
2233	58 
2234	26 
2235	97 
2236	60 
2237	76 
2238	26 
2239	6 
2240	25 
2241	13 
2242	31 
2243	54 
2244	16 
2245	97 
2246	82 
2247	15 
2248	14 
2249	49 
2250	18 
2251	90 
2252	74 
2253	7 
2254	82 
2255	104 
2256	20 
2257	39 
2258	10 
2259	81 
2260	104 
2261	31 
2262	5 
2263	105 
2264	30 
2265	61 
2266	88 
2267	91 
2268	38 
2269	52 
2270	69 
2271	91 
2272	92 
2273	92 
2274	98 
2275	87 
2276	21 
2277	49 
2278	62 
2279	53 
2280	27 
2281	98 
2282	84 
2283	41 
2284	48 
2285	88 
2286	23 
2287	4 
2288	41 
2289	100 
2290	31 
2291	7 
2292	42 
2293	44 
2294	43 
2295	9 
2296	106 
2297	96 
2298	52 
2299	53 
2300	50 
2301	66 
2302	7 
2303	10 
2304	14 
2305	91 
2306	104 
2307	84 
2308	94 
2309	36 
2310	103 
2311	16 
2312	49 
2313	16 
2314	104 
2315	106 
2316	86 
2317	67 
2318	105 
2319	20 
2320	67 
2321	36 
2322	19 
2323	39 
2324	102 
2325	77 
2326	95 
2327	92 
2328	75 
2329	38 
2330	1 
2331	104 
2332	56 
2333	60 
2334	23 
2335	83 
2336	29 
2337	77 
2338	70 
2339	36 
2340	90 
2341	9 
2342	31 
2343	33 
2344	15 
2345	14 
2346	14 
2347	74 
2348	80 
2349	15 
2350	43 
2351	90 
2352	89 
2353	66 
2354	42 
2355	28 
2356	23 
2357	49 
2358	22 
2359	14 
2360	36 
2361	31 
2362	43 
2363	6 
2364	97 
2365	69 
2366	84 
2367	104 
2368	14 
2369	106 
2370	99 
2371	56 
2372	41 
2373	48 
2374	50 
2375	22 
2376	17 
2377	97 
2378	15 
2379	98 
2380	92 
2381	4 
2382	98 
2383	76 
2384	59 
2385	7 
2386	24 
2387	36 
2388	32 
2389	99 
2390	6 
2391	48 
2392	67 
2393	83 
2394	89 
2395	49 
2396	40 
2397	101 
2398	44 
2399	66 
2400	91 
2401	36 
2402	106 
2403	68 
2404	50 
2405	50 
2406	70 
2407	75 
2408	62 
2409	69 
2410	51 
2411	95 
2412	41 
2413	106 
2414	7 
2415	31 
2416	42 
2417	1 
2418	39 
2419	79 
2420	96 
2421	58 
2422	97 
2423	24 
2424	33 
2425	46 
2426	61 
2427	41 
2428	70 
2429	91 
2430	90 
2431	40 
2432	52 
2433	5 
2434	73 
2435	9 
2436	39 
2437	58 
2438	69 
2439	41 
2440	98 
2441	11 
2442	69 
2443	69 
2444	99 
2445	15 
2446	61 
2447	17 
2448	68 
2449	83 
2450	33 
2451	53 
2452	99 
2453	15 
2454	89 
2455	14 
2456	17 
2457	79 
2458	29 
2459	51 
2460	91 
2461	36 
2462	71 
2463	17 
2464	92 
2465	50 
2466	51 
2467	7 
2468	39 
2469	48 
2470	43 
2471	98 
2472	60 
2473	34 
2474	106 
2475	76 
2476	7 
2477	68 
2478	86 
2479	7 
2480	50 
2481	91 
2482	7 
2483	61 
2484	66 
2485	105 
2486	61 
2487	61 
2488	99 
2489	92 
2490	41 
2491	54 
2492	18 
2493	47 
2494	46 
2495	85 
2496	85 
2497	18 
2498	31 
2499	50 
2500	98 
2501	11 
2502	77 
2503	39 
2504	3 
2505	42 
2506	15 
2507	87 
2508	97 
2509	97 
2510	80 
2511	14 
2512	74 
2513	4 
2514	67 
2515	49 
2516	105 
2517	89 
2518	43 
2519	80 
2520	54 
2521	66 
2522	61 
2523	7 
2524	87 
2525	53 
2526	42 
2527	69 
2528	104 
2529	46 
2530	63 
2531	28 
2532	67 
2533	30 
2534	43 
2535	23 
2536	43 
2537	10 
2538	106 
2539	53 
2540	30 
2541	10 
2542	57 
2543	70 
2544	82 
2545	97 
2546	76 
2547	78 
2548	38 
2549	24 
2550	87 
2551	73 
2552	90 
2553	4 
2554	105 
2555	91 
2556	14 
2557	3 
2558	58 
2559	50 
2560	43 
2561	7 
2562	42 
2563	36 
2564	4 
2565	71 
2566	103 
2567	14 
2568	53 
2569	104 
2570	13 
2571	66 
2572	39 
2573	27 
2574	36 
2575	41 
2576	68 
2577	87 
2578	24 
2579	100 
2580	41 
2581	27 
2582	85 
2583	52 
2584	54 
2585	25 
2586	67 
2587	31 
2588	82 
2589	51 
2590	88 
2591	17 
2592	83 
2593	31 
2594	50 
2595	58 
2596	31 
2597	39 
2598	2 
2599	105 
2600	53 
2601	89 
2602	83 
2603	49 
2604	14 
2605	14 
2606	98 
2607	68 
2608	53 
2609	9 
2610	3 
2611	90 
2612	14 
2613	20 
2614	56 
2615	5 
2616	7 
2617	7 
2618	68 
2619	39 
2620	96 
2621	40 
2622	27 
2623	66 
2624	92 
2625	68 
2626	89 
2627	50 
2628	43 
2629	79 
2630	30 
2631	31 
2632	53 
2633	47 
2634	5 
2635	26 
2636	4 
2637	4 
2638	50 
2639	39 
2640	53 
2641	16 
2642	82 
2643	75 
2644	31 
2645	51 
2646	81 
2647	104 
2648	62 
2649	105 
2650	101 
2651	13 
2652	98 
2653	37 
2654	24 
2655	70 
2656	58 
2657	31 
2658	35 
2659	54 
2660	1 
2661	82 
2662	4 
2663	98 
2664	36 
2665	83 
2666	53 
2667	4 
2668	20 
2669	41 
2670	47 
2671	61 
2672	68 
2673	97 
2674	54 
2675	14 
2676	25 
2677	104 
2678	61 
2679	99 
2680	94 
2681	29 
2682	99 
2683	3 
2684	59 
2685	19 
2686	97 
2687	12 
2688	91 
2689	50 
2690	99 
2691	38 
2692	106 
2693	69 
2694	71 
2695	104 
2696	23 
2697	22 
2698	46 
2699	51 
2700	14 
2701	38 
2702	87 
2703	83 
2704	28 
2705	9 
2706	86 
2707	61 
2708	10 
2709	96 
2710	73 
2711	38 
2712	25 
2713	25 
2714	39 
2715	76 
2716	6 
2717	85 
2718	17 
2719	8 
2720	11 
2721	100 
2722	68 
2723	51 
2724	10 
2725	64 
2726	51 
2727	16 
2728	15 
2729	97 
2730	10 
2731	61 
2732	85 
2733	89 
2734	24 
2735	81 
2736	12 
2737	15 
2738	40 
2739	53 
2740	103 
2741	78 
2742	77 
2743	29 
2744	85 
2745	10 
2746	41 
2747	66 
2748	15 
2749	23 
2750	88 
2751	33 
2752	14 
2753	85 
2754	27 
2755	31 
2756	31 
2757	49 
2758	43 
2759	37 
2760	41 
2761	91 
2762	75 
2763	1 
2764	27 
2765	53 
2766	95 
2767	91 
2768	90 
2769	22 
2770	105 
2771	7 
2772	47 
2773	30 
2774	18 
2775	67 
2776	58 
2777	67 
2778	53 
2779	18 
2780	14 
2781	89 
2782	69 
2783	73 
2784	49 
2785	90 
2786	45 
2787	92 
2788	2 
2789	97 
2790	101 
2791	94 
2792	49 
2793	17 
2794	51 
2795	17 
2796	64 
2797	97 
2798	50 
2799	61 
2800	97 
2801	36 
2802	41 
2803	14 
2804	61 
2805	89 
2806	2 
2807	6 
2808	10 
2809	70 
2810	7 
2811	103 
2812	81 
2813	68 
2814	28 
2815	59 
2816	46 
2817	23 
2818	83 
2819	41 
2820	81 
2821	79 
2822	98 
2823	97 
2824	27 
2825	67 
2826	24 
2827	83 
2828	62 
2829	90 
2830	39 
2831	102 
2832	100 
2833	15 
2834	89 
2835	14 
2836	38 
2837	53 
2838	63 
2839	28 
2840	83 
2841	97 
2842	70 
2843	4 
2844	22 
2845	69 
2846	41 
2847	94 
2848	98 
2849	71 
2850	22 
2851	18 
2852	69 
2853	70 
2854	69 
2855	11 
2856	38 
2857	7 
2858	29 
2859	43 
2860	20 
2861	87 
2862	43 
2863	46 
2864	77 
2865	25 
2866	69 
2867	99 
2868	37 
2869	104 
2870	33 
2871	42 
2872	42 
2873	30 
2874	97 
2875	46 
2876	69 
2877	54 
2878	99 
2879	70 
2880	42 
2881	105 
2882	16 
2883	7 
2884	30 
2885	98 
2886	3 
2887	45 
2888	105 
2889	105 
2890	20 
2891	7 
2892	70 
2893	87 
2894	61 
2895	5 
2896	97 
2897	92 
2898	97 
2899	39 
2900	20 
2901	8 
2902	26 
2903	12 
2904	4 
2905	72 
2906	70 
2907	98 
2908	84 
2909	70 
2910	10 
2911	42 
2912	12 
2913	23 
2914	72 
2915	15 
2916	42 
2917	19 
2918	92 
2919	49 
2920	52 
2921	3 
2922	28 
2923	53 
2924	37 
2925	66 
2926	70 
2927	79 
2928	51 
2929	82 
2930	32 
2931	7 
2932	15 
2933	14 
2934	43 
2935	51 
2936	6 
2937	39 
2938	57 
2939	16 
2940	92 
2941	58 
2942	97 
2943	28 
2944	64 
2945	15 
2946	23 
2947	42 
2948	53 
2949	6 
2950	105 
2951	88 
2952	36 
2953	5 
2954	61 
2955	37 
2956	53 
2957	20 
2958	98 
2959	51 
2960	67 
2961	93 
2962	40 
2963	99 
2964	59 
2965	80 
2966	24 
2967	104 
2968	8 
2969	63 
2970	67 
2971	50 
2972	102 
2973	86 
2974	51 
2975	11 
2976	24 
2977	97 
2978	104 
2979	36 
2980	60 
2981	10 
2982	53 
2983	86 
2984	33 
2985	65 
2986	43 
2987	42 
2988	44 
2989	70 
2990	49 
2991	4 
2992	17 
2993	76 
2994	39 
2995	23 
2996	3 
2997	72 
2998	100 
2999	82 
3000	10 
3001	14 
3002	30 
3003	13 
3004	22 
3005	15 
3006	101 
3007	97 
3008	58 
3009	104 
3010	98 
3011	75 
3012	39 
3013	98 
3014	30 
3015	99 
3016	43 
3017	38 
3018	7 
3019	69 
3020	53 
3021	8 
3022	91 
3023	7 
3024	41 
3025	40 
3026	61 
3027	19 
3028	43 
3029	85 
3030	88 
3031	70 
3032	43 
3033	61 
3034	5 
3035	5 
3036	88 
3037	30 
3038	34 
3039	10 
3040	43 
3041	105 
3042	4 
3043	97 
3044	64 
3045	61 
3046	104 
3047	10 
3048	51 
3049	50 
3050	24 
3051	14 
3052	14 
3053	99 
3054	41 
3055	31 
3056	28 
3057	42 
3058	99 
3059	87 
3060	55 
3061	42 
3062	48 
3063	6 
3064	96 
3065	78 
3066	49 
3067	4 
3068	13 
3069	53 
3070	46 
3071	40 
3072	12 
3073	23 
3074	15 
3075	30 
3076	97 
3077	24 
3078	69 
3079	53 
3080	85 
3081	101 
3082	68 
3083	88 
3084	50 
3085	46 
3086	50 
3087	4 
3088	95 
3089	66 
3090	57 
3091	70 
3092	95 
3093	48 
3094	10 
3095	3 
3096	22 
3097	104 
3098	50 
3099	64 
3100	31 
3101	8 
3102	43 
3103	92 
3104	26 
3105	53 
3106	70 
3107	91 
3108	78 
3109	67 
3110	40 
3111	99 
3112	46 
3113	73 
3114	37 
3115	23 
3116	4 
3117	43 
3118	31 
3119	104 
3120	71 
3121	16 
3122	61 
3123	19 
3124	14 
3125	85 
3126	3 
3127	98 
3128	27 
3129	46 
3130	24 
3131	74 
3132	77 
3133	30 
3134	89 
3135	8 
3136	14 
3137	61 
3138	37 
3139	44 
3140	60 
3141	37 
3142	83 
3143	43 
3144	83 
3145	61 
3146	12 
3147	101 
3148	19 
3149	12 
3150	101 
3151	37 
3152	56 
3153	78 
3154	93 
3155	69 
3156	99 
3157	41 
3158	31 
3159	40 
3160	79 
3161	7 
3162	92 
3163	33 
3164	6 
3165	38 
3166	42 
3167	56 
3168	99 
3169	67 
3170	36 
3171	49 
3172	56 
3173	88 
3174	101 
3175	10 
3176	19 
3177	41 
3178	31 
3179	53 
3180	53 
3181	69 
3182	88 
3183	92 
3184	30 
3185	104 
3186	10 
3187	19 
3188	104 
3189	42 
3190	23 
3191	25 
3192	10 
3193	105 
3194	65 
3195	31 
3196	65 
3197	94 
3198	51 
3199	40 
3200	2 
3201	97 
3202	4 
3203	40 
3204	87 
3205	49 
3206	49 
3207	35 
3208	55 
3209	72 
3210	31 
3211	46 
3212	23 
3213	106 
3214	35 
3215	68 
3216	96 
3217	39 
3218	34 
3219	57 
3220	88 
3221	103 
3222	105 
3223	16 
3224	76 
3225	76 
3226	91 
3227	62 
3228	48 
3229	41 
3230	43 
3231	41 
3232	61 
3233	42 
3234	76 
3235	98 
3236	58 
3237	25 
3238	4 
3239	83 
3240	16 
3241	49 
3242	54 
3243	30 
3244	86 
3245	88 
3246	51 
3247	73 
3248	24 
3249	19 
3250	28 
3251	50 
3252	83 
3253	69 
3254	83 
3255	91 
3256	57 
3257	20 
3258	50 
3259	81 
3260	66 
3261	105 
3262	59 
3263	82 
3264	72 
3265	35 
3266	23 
3267	99 
3268	84 
3269	39 
3270	104 
3271	30 
3272	85 
3273	39 
3274	11 
3275	104 
3276	68 
3277	4 
3278	16 
3279	7 
3280	104 
3281	54 
3282	68 
3283	14 
3284	38 
3285	76 
3286	86 
3287	51 
3288	57 
3289	64 
3290	47 
3291	43 
3292	4 
3293	26 
3294	85 
3295	35 
3296	59 
3297	10 
3298	30 
3299	85 
3300	102 
3301	91 
3302	19 
3303	55 
3304	39 
3305	104 
3306	94 
3307	40 
3308	30 
3309	33 
3310	25 
3311	100 
3312	26 
3313	41 
3314	65 
3315	105 
3316	11 
3317	30 
3318	10 
3319	94 
3320	33 
3321	99 
3322	76 
3323	68 
3324	39 
3325	16 
3326	68 
3327	7 
3328	31 
3329	98 
3330	61 
3331	86 
3332	105 
3333	83 
3334	65 
3335	28 
3336	76 
3337	19 
3338	75 
3339	93 
3340	61 
3341	68 
3342	64 
3343	24 
3344	50 
3345	18 
3346	89 
3347	54 
3348	69 
3349	65 
3350	56 
3351	96 
3352	36 
3353	39 
3354	69 
3355	31 
3356	80 
3357	32 
3358	49 
3359	76 
3360	97 
3361	98 
3362	23 
3363	61 
3364	78 
3365	9 
3366	89 
3367	39 
3368	39 
3369	77 
3370	10 
3371	51 
3372	5 
3373	98 
3374	70 
3375	97 
3376	36 
3377	49 
3378	104 
3379	76 
3380	36 
3381	18 
3382	105 
3383	31 
3384	30 
3385	1 
3386	9 
3387	71 
3388	17 
3389	102 
3390	15 
3391	19 
3392	42 
3393	7 
3394	51 
3395	85 
3396	32 
3397	83 
3398	51 
3399	23 
3400	28 
3401	86 
3402	51 
3403	51 
3404	47 
3405	33 
3406	47 
3407	42 
3408	13 
3409	106 
3410	8 
3411	47 
3412	94 
3413	36 
3414	88 
3415	69 
3416	90 
3417	34 
3418	98 
3419	84 
3420	68 
3421	26 
3422	97 
3423	47 
3424	51 
3425	34 
3426	46 
3427	103 
3428	41 
3429	69 
3430	4 
3431	33 
3432	82 
3433	36 
3434	96 
3435	53 
3436	45 
3437	30 
3438	88 
3439	53 
3440	78 
3441	46 
3442	24 
3443	62 
3444	3 
3445	37 
3446	105 
3447	9 
3448	49 
3449	19 
3450	82 
3451	39 
3452	14 
3453	15 
3454	59 
3455	41 
3456	83 
3457	37 
3458	70 
3459	47 
3460	2 
3461	61 
3462	10 
3463	61 
3464	46 
3465	65 
3466	69 
3467	98 
3468	31 
3469	105 
3470	31 
3471	43 
3472	42 
3473	14 
3474	14 
3475	100 
3476	86 
3477	69 
3478	59 
3479	90 
3480	5 
3481	61 
3482	25 
3483	30 
3484	38 
3485	53 
3486	43 
3487	91 
3488	7 
3489	28 
3490	98 
3491	66 
3492	104 
3493	69 
3494	95 
3495	60 
3496	89 
3497	17 
3498	32 
3499	17 
3500	72 
3501	99 
3502	104 
3503	97 
3504	77 
3505	67 
3506	70 
3507	55 
3508	50 
3509	24 
3510	81 
3511	28 
3512	104 
3513	83 
3514	74 
3515	8 
3516	82 
3517	25 
3518	29 
3519	11 
3520	13 
3521	7 
3522	41 
3523	51 
3524	17 
3525	56 
3526	7 
3527	42 
3528	61 
3529	99 
3530	30 
3531	80 
3532	42 
3533	77 
3534	26 
3535	57 
3536	96 
3537	7 
3538	43 
3539	31 
3540	93 
3541	83 
3542	18 
3543	69 
3544	105 
3545	55 
3546	73 
3547	68 
3548	71 
3549	77 
3550	102 
3551	61 
3552	15 
3553	36 
3554	33 
3555	20 
3556	76 
3557	93 
3558	30 
3559	14 
3560	104 
3561	8 
3562	69 
3563	42 
3564	75 
3565	76 
3566	50 
3567	8 
3568	24 
3569	66 
3570	34 
3571	42 
3572	69 
3573	95 
3574	70 
3575	100 
3576	30 
3577	68 
3578	50 
3579	26 
3580	5 
3581	36 
3582	101 
3583	61 
3584	76 
3585	85 
3586	80 
3587	32 
3588	42 
3589	53 
3590	103 
3591	51 
3592	14 
3593	26 
3594	97 
3595	45 
3596	78 
3597	60 
3598	70 
3599	90 
3600	50 
3601	39 
3602	18 
3603	21 
3604	87 
3605	39 
3606	50 
3607	5 
3608	67 
3609	43 
3610	40 
3611	73 
3612	36 
3613	32 
3614	16 
3615	57 
3616	10 
3617	70 
3618	96 
3619	13 
3620	55 
3621	53 
3622	17 
3623	98 
3624	9 
3625	42 
3626	50 
3627	7 
3628	105 
3629	7 
3630	4 
3631	44 
3632	35 
3633	8 
3634	68 
3635	85 
3636	86 
3637	19 
3638	53 
3639	18 
3640	69 
3641	99 
3642	15 
3643	35 
3644	98 
3645	85 
3646	92 
3647	8 
3648	86 
3649	56 
3650	74 
3651	97 
3652	53 
3653	81 
3654	47 
3655	44 
3656	17 
3657	89 
3658	31 
3659	38 
3660	51 
3661	102 
3662	58 
3663	11 
3664	80 
3665	13 
3666	41 
3667	54 
3668	88 
3669	60 
3670	27 
3671	7 
3672	44 
3673	85 
3674	31 
3675	39 
3676	78 
3677	42 
3678	98 
3679	20 
3680	14 
3681	103 
3682	72 
3683	65 
3684	97 
3685	31 
3686	13 
3687	16 
3688	27 
3689	22 
3690	41 
3691	54 
3692	11 
3693	83 
3694	35 
3695	31 
3696	27 
3697	80 
3698	31 
3699	69 
3700	105 
3701	106 
3702	70 
3703	69 
3704	7 
3705	92 
3706	30 
3707	43 
3708	4 
3709	97 
3710	106 
3711	39 
3712	79 
3713	38 
3714	51 
3715	15 
3716	13 
3717	42 
3718	78 
3719	87 
3720	1 
3721	23 
3722	6 
3723	71 
3724	47 
3725	92 
3726	104 
3727	99 
3728	105 
3729	69 
3730	10 
3731	26 
3732	30 
3733	8 
3734	83 
3735	36 
3736	61 
3737	91 
3738	12 
3739	104 
3740	90 
3741	83 
3742	101 
3743	101 
3744	26 
3745	70 
3746	44 
3747	14 
3748	91 
3749	19 
3750	34 
3751	42 
3752	16 
3753	106 
3754	53 
3755	16 
3756	52 
3757	54 
3758	103 
3759	7 
3760	69 
3761	32 
3762	70 
3763	47 
3764	57 
3765	21 
3766	39 
3767	77 
3768	49 
3769	75 
3770	36 
3771	99 
3772	97 
3773	31 
3774	87 
3775	68 
3776	81 
3777	38 
3778	42 
3779	58 
3780	75 
3781	16 
3782	12 
3783	96 
3784	29 
3785	69 
3786	55 
3787	58 
3788	81 
3789	26 
3790	106 
3791	83 
3792	4 
3793	51 
3794	16 
3795	89 
3796	81 
3797	47 
3798	99 
3799	99 
3800	63 
3801	28 
3802	13 
3803	9 
3804	18 
3805	15 
3806	61 
3807	44 
3808	98 
3809	89 
3810	99 
3811	38 
3812	43 
3813	53 
3814	28 
3815	24 
3816	30 
3817	25 
3818	6 
3819	51 
3820	41 
3821	93 
3822	25 
3823	101 
3824	38 
3825	30 
3826	5 
3827	56 
3828	105 
3829	25 
3830	70 
3831	26 
3832	23 
3833	27 
3834	16 
3835	7 
3836	96 
3837	61 
3838	15 
3839	100 
3840	62 
3841	19 
3842	7 
3843	69 
3844	106 
3845	36 
3846	10 
3847	14 
3848	16 
3849	43 
3850	55 
3851	16 
3852	56 
3853	38 
3854	75 
3855	99 
3856	96 
3857	4 
3858	36 
3859	97 
3860	69 
3861	35 
3862	67 
3863	85 
3864	5 
3865	78 
3866	80 
3867	25 
3868	49 
3869	7 
3870	39 
3871	31 
3872	60 
3873	69 
3874	11 
3875	63 
3876	92 
3877	67 
3878	97 
3879	47 
3880	41 
3881	26 
3882	31 
3883	98 
3884	51 
3885	9 
3886	4 
3887	50 
3888	35 
3889	62 
3890	70 
3891	57 
3892	28 
3893	4 
3894	61 
3895	42 
3896	95 
3897	83 
3898	58 
3899	76 
3900	88 
3901	69 
3902	24 
3903	16 
3904	49 
3905	89 
3906	58 
3907	73 
3908	14 
3909	35 
3910	104 
3911	8 
3912	54 
3913	96 
3914	49 
3915	99 
3916	7 
3917	59 
3918	61 
3919	14 
3920	92 
3921	63 
3922	15 
3923	89 
3924	12 
3925	104 
3926	99 
3927	37 
3928	14 
3929	53 
3930	6 
3931	18 
3932	38 
3933	54 
3934	100 
3935	69 
3936	78 
3937	58 
3938	31 
3939	104 
3940	104 
3941	90 
3942	48 
3943	15 
3944	36 
3945	34 
3946	97 
3947	9 
3948	91 
3949	51 
3950	4 
3951	26 
3952	92 
3953	48 
3954	12 
3955	34 
3956	102 
3957	31 
3958	61 
3959	105 
3960	27 
3961	89 
3962	68 
3963	42 
3964	98 
3965	86 
3966	42 
3967	45 
3968	43 
3969	51 
3970	38 
3971	99 
3972	35 
3973	90 
3974	52 
3975	10 
3976	52 
3977	30 
3978	7 
3979	46 
3980	30 
3981	51 
3982	104 
3983	70 
3984	6 
3985	70 
3986	58 
3987	77 
3988	58 
3989	36 
3990	15 
3991	1 
3992	81 
3993	104 
3994	53 
3995	68 
3996	69 
3997	61 
3998	85 
3999	89 
4000	39 
4001	85 
4002	80 
4003	4 
4004	36 
4005	7 
4006	15 
4007	63 
4008	29 
4009	31 
4010	62 
4011	36 
4012	38 
4013	26 
4014	51 
4015	86 
4016	31 
4017	104 
4018	30 
4019	104 
4020	89 
4021	59 
4022	61 
4023	91 
4024	23 
4025	94 
4026	42 
4027	51 
4028	85 
4029	26 
4030	103 
4031	4 
4032	39 
4033	97 
4034	47 
4035	37 
4036	36 
4037	97 
4038	49 
4039	66 
4040	70 
4041	96 
4042	83 
4043	83 
4044	50 
4045	42 
4046	20 
4047	106 
4048	61 
4049	2 
4050	92 
4051	18 
4052	1 
4053	83 
4054	27 
4055	72 
4056	19 
4057	87 
4058	70 
4059	2 
4060	86 
4061	98 
4062	45 
4063	104 
4064	30 
4065	14 
4066	44 
4067	36 
4068	21 
4069	103 
4070	39 
4071	39 
4072	76 
4073	36 
4074	74 
4075	7 
4076	53 
4077	83 
4078	51 
4079	30 
4080	33 
4081	77 
4082	25 
4083	98 
4084	25 
4085	50 
4086	4 
4087	62 
4088	104 
4089	95 
4090	28 
4091	66 
4092	76 
4093	59 
4094	88 
4095	63 
4096	2 
4097	106 
4098	85 
4099	69 
4100	23 
4101	20 
4102	97 
4103	42 
4104	25 
4105	30 
4106	77 
4107	59 
4108	44 
4109	69 
4110	33 
4111	75 
4112	23 
4113	73 
4114	28 
4115	39 
4116	32 
4117	25 
4118	40 
4119	11 
4120	37 
4121	105 
4122	86 
4123	97 
4124	98 
4125	68 
4126	69 
4127	31 
4128	100 
4129	83 
4130	68 
4131	8 
4132	14 
4133	53 
4134	87 
4135	13 
4136	10 
4137	15 
4138	65 
4139	63 
4140	82 
4141	54 
4142	39 
4143	43 
4144	26 
4145	61 
4146	81 
4147	24 
4148	16 
4149	82 
4150	43 
4151	104 
4152	53 
4153	85 
4154	65 
4155	54 
4156	83 
4157	6 
4158	41 
4159	58 
4160	33 
4161	69 
4162	56 
4163	50 
4164	100 
4165	51 
4166	79 
4167	101 
4168	98 
4169	36 
4170	56 
4171	88 
4172	21 
4173	31 
4174	40 
4175	63 
4176	60 
4177	73 
4178	68 
4179	50 
4180	95 
4181	77 
4182	46 
4183	24 
4184	30 
4185	10 
4186	45 
4187	104 
4188	80 
4189	15 
4190	91 
4191	7 
4192	30 
4193	1 
4194	70 
4195	41 
4196	16 
4197	1 
4198	4 
4199	69 
4200	38 
4201	33 
4202	42 
4203	16 
4204	54 
4205	106 
4206	61 
4207	105 
4208	96 
4209	82 
4210	25 
4211	30 
4212	38 
4213	51 
4214	58 
4215	19 
4216	97 
4217	52 
4218	106 
4219	50 
4220	24 
4221	91 
4222	85 
4223	7 
4224	24 
4225	91 
4226	38 
4227	91 
4228	99 
4229	80 
4230	4 
4231	15 
4232	58 
4233	46 
4234	51 
4235	15 
4236	45 
4237	39 
4238	48 
4239	43 
4240	69 
4241	15 
4242	69 
4243	8 
4244	25 
4245	93 
4246	67 
4247	62 
4248	37 
4249	43 
4250	46 
4251	31 
4252	69 
4253	7 
4254	61 
4255	59 
4256	17 
4257	4 
4258	70 
4259	15 
4260	46 
4261	39 
4262	4 
4263	5 
4264	9 
4265	25 
4266	7 
4267	4 
4268	5 
4269	40 
4270	88 
4271	87 
4272	39 
4273	97 
4274	106 
4275	68 
4276	27 
4277	91 
4278	90 
4279	31 
4280	48 
4281	46 
4282	71 
4283	44 
4284	104 
4285	95 
4286	37 
4287	83 
4288	8 
4289	47 
4290	93 
4291	104 
4292	76 
4293	31 
4294	85 
4295	42 
4296	26 
4297	50 
4298	51 
4299	11 
4300	19 
4301	86 
4302	73 
4303	33 
4304	99 
4305	68 
4306	33 
4307	36 
4308	40 
4309	102 
4310	85 
4311	95 
4312	38 
4313	32 
4314	24 
4315	9 
4316	90 
4317	1 
4318	76 
4319	79 
4320	39 
4321	92 
4322	37 
4323	81 
4324	99 
4325	12 
4326	37 
4327	103 
4328	28 
4329	5 
4330	66 
4331	34 
4332	92 
4333	21 
4334	67 
4335	39 
4336	24 
4337	17 
4338	53 
4339	104 
4340	14 
4341	70 
4342	7 
4343	46 
4344	36 
4345	35 
4346	23 
4347	98 
4348	70 
4349	30 
4350	58 
4351	5 
4352	68 
4353	7 
4354	81 
4355	20 
4356	98 
4357	5 
4358	38 
4359	59 
4360	10 
4361	91 
4362	7 
4363	99 
4364	3 
4365	58 
4366	24 
4367	61 
4368	51 
4369	49 
4370	55 
4371	88 
4372	38 
4373	106 
4374	24 
4375	15 
4376	99 
4377	65 
4378	5 
4379	70 
4380	68 
4381	42 
4382	36 
4383	21 
4384	61 
4385	41 
4386	4 
4387	76 
4388	5 
4389	58 
4390	54 
4391	38 
4392	16 
4393	42 
4394	9 
4395	50 
4396	3 
4397	15 
4398	15 
4399	78 
4400	38 
4401	71 
4402	46 
4403	16 
4404	10 
4405	76 
4406	50 
4407	67 
4408	47 
4409	88 
4410	4 
4411	83 
4412	39 
4413	28 
4414	50 
4415	104 
4416	80 
4417	49 
4418	54 
4419	89 
4420	20 
4421	55 
4422	7 
4423	101 
4424	85 
4425	10 
4426	97 
4427	98 
4428	61 
4429	75 
4430	91 
4431	85 
4432	99 
4433	16 
4434	106 
4435	50 
4436	46 
4437	50 
4438	93 
4439	68 
4440	16 
4441	38 
4442	18 
4443	10 
4444	45 
4445	64 
4446	6 
4447	46 
4448	69 
4449	60 
4450	25 
4451	86 
4452	57 
4453	38 
4454	8 
4455	14 
4456	13 
4457	88 
4458	48 
4459	41 
4460	28 
4461	91 
4462	68 
4463	65 
4464	34 
4465	72 
4466	16 
4467	89 
4468	100 
4469	54 
4470	69 
4471	48 
4472	14 
4473	7 
4474	71 
4475	9 
4476	4 
4477	7 
4478	26 
4479	43 
4480	104 
4481	34 
4482	7 
4483	101 
4484	37 
4485	32 
4486	69 
4487	29 
4488	55 
4489	51 
4490	26 
4491	39 
4492	50 
4493	85 
4494	19 
4495	66 
4496	54 
4497	5 
4498	41 
4499	50 
4500	96 
4501	98 
4502	9 
4503	91 
4504	59 
4505	30 
4506	51 
4507	25 
4508	52 
4509	2 
4510	23 
4511	65 
4512	23 
4513	57 
4514	87 
4515	33 
4516	21 
4517	17 
4518	21 
4519	63 
4520	69 
4521	23 
4522	59 
4523	15 
4524	75 
4525	38 
4526	62 
4527	58 
4528	97 
4529	14 
4530	38 
4531	38 
4532	32 
4533	86 
4534	105 
4535	50 
4536	35 
4537	15 
4538	91 
4539	68 
4540	80 
4541	81 
4542	55 
4543	16 
4544	26 
4545	20 
4546	83 
4547	4 
4548	31 
4549	63 
4550	10 
4551	31 
4552	106 
4553	61 
4554	75 
4555	66 
4556	46 
4557	36 
4558	90 
4559	40 
4560	68 
4561	99 
4562	101 
4563	42 
4564	16 
4565	21 
4566	106 
4567	36 
4568	105 
4569	10 
4570	69 
4571	106 
4572	102 
4573	93 
4574	41 
4575	35 
4576	59 
4577	7 
4578	65 
4579	29 
4580	39 
4581	51 
4582	27 
4583	95 
4584	96 
4585	7 
4586	42 
4587	92 
4588	4 
4589	21 
4590	56 
4591	39 
4592	23 
4593	1 
4594	61 
4595	95 
4596	2 
4597	15 
4598	53 
4599	97 
4600	23 
4601	102 
4602	97 
4603	61 
4604	85 
4605	8 
4606	90 
4607	21 
4608	85 
4609	50 
4610	32 
4611	50 
4612	96 
4613	30 
4614	64 
4615	16 
4616	17 
4617	49 
4618	75 
4619	53 
4620	55 
4621	60 
4622	104 
4623	27 
4624	15 
4625	103 
4626	47 
4627	37 
4628	15 
4629	85 
4630	97 
4631	105 
4632	104 
4633	49 
4634	78 
4635	86 
4636	13 
4637	3 
4638	29 
4639	103 
4640	14 
4641	51 
4642	33 
4643	2 
4644	69 
4645	11 
4646	55 
4647	50 
4648	16 
4649	100 
4650	96 
4651	3 
4652	97 
4653	68 
4654	43 
4655	94 
4656	31 
4657	61 
4658	80 
4659	26 
4660	68 
4661	98 
4662	34 
4663	11 
4664	82 
4665	32 
4666	43 
4667	29 
4668	28 
4669	70 
4670	41 
4671	50 
4672	83 
4673	84 
4674	53 
4675	47 
4676	105 
4677	54 
4678	104 
4679	98 
4680	60 
4681	12 
4682	93 
4683	105 
4684	25 
4685	38 
4686	86 
4687	52 
4688	31 
4689	21 
4690	58 
4691	94 
4692	51 
4693	105 
4694	92 
4695	46 
4696	26 
4697	69 
4698	58 
4699	68 
4700	54 
4701	95 
4702	6 
4703	100 
4704	14 
4705	44 
4706	69 
4707	60 
4708	79 
4709	7 
4710	76 
4711	48 
4712	34 
4713	24 
4714	69 
4715	105 
4716	14 
4717	104 
4718	17 
4719	45 
4720	48 
4721	59 
4722	24 
4723	7 
4724	6 
4725	87 
4726	17 
4727	50 
4728	97 
4729	27 
4730	78 
4731	10 
4732	88 
4733	32 
4734	15 
4735	43 
4736	54 
4737	65 
4738	6 
4739	79 
4740	49 
4741	49 
4742	100 
4743	67 
4744	104 
4745	61 
4746	11 
4747	15 
4748	93 
4749	10 
4750	15 
4751	46 
4752	58 
4753	60 
4754	51 
4755	80 
4756	71 
4757	75 
4758	56 
4759	60 
4760	16 
4761	2 
4762	102 
4763	16 
4764	94 
4765	34 
4766	12 
4767	34 
4768	88 
4769	93 
4770	8 
4771	39 
4772	76 
4773	33 
4774	53 
4775	86 
4776	68 
4777	54 
4778	19 
4779	64 
4780	7 
4781	41 
4782	43 
4783	10 
4784	61 
4785	72 
4786	32 
4787	99 
4788	101 
4789	49 
4790	36 
4791	70 
4792	14 
4793	100 
4794	27 
4795	32 
4796	31 
4797	41 
4798	17 
4799	40 
4800	102 
4801	41 
4802	24 
4803	14 
4804	97 
4805	51 
4806	40 
4807	11 
4808	45 
4809	31 
4810	91 
4811	104 
4812	42 
4813	91 
4814	18 
4815	97 
4816	106 
4817	39 
4818	61 
4819	80 
4820	59 
4821	25 
4822	14 
4823	105 
4824	4 
4825	38 
4826	48 
4827	73 
4828	89 
4829	73 
4830	90 
4831	61 
4832	53 
4833	44 
4834	26 
4835	104 
4836	69 
4837	96 
4838	14 
4839	57 
4840	1 
4841	40 
4842	66 
4843	90 
4844	59 
4845	33 
4846	15 
4847	77 
4848	104 
4849	46 
4850	14 
4851	65 
4852	6 
4853	76 
4854	10 
4855	70 
4856	100 
4857	52 
4858	92 
4859	61 
4860	59 
4861	61 
4862	1 
4863	58 
4864	97 
4865	34 
4866	4 
4867	100 
4868	41 
4869	8 
4870	48 
4871	60 
4872	40 
4873	27 
4874	43 
4875	33 
4876	103 
4877	36 
4878	104 
4879	94 
4880	19 
4881	14 
4882	89 
4883	39 
4884	36 
4885	26 
4886	99 
4887	25 
4888	71 
4889	53 
4890	19 
4891	97 
4892	54 
4893	99 
4894	43 
4895	72 
4896	24 
4897	95 
4898	37 
4899	17 
4900	91 
4901	28 
4902	44 
4903	98 
4904	42 
4905	96 
4906	20 
4907	85 
4908	36 
4909	82 
4910	20 
4911	48 
4912	17 
4913	57 
4914	97 
4915	36 
4916	31 
4917	68 
4918	34 
4919	95 
4920	87 
4921	104 
4922	14 
4923	63 
4924	63 
4925	15 
4926	63 
4927	7 
4928	36 
4929	53 
4930	2 
4931	43 
4932	39 
4933	96 
4934	27 
4935	50 
4936	49 
4937	91 
4938	73 
4939	6 
4940	34 
4941	97 
4942	7 
4943	83 
4944	31 
4945	104 
4946	63 
4947	5 
4948	84 
4949	37 
4950	33 
4951	97 
4952	31 
4953	85 
4954	78 
4955	23 
4956	95 
4957	10 
4958	47 
4959	39 
4960	73 
4961	30 
4962	10 
4963	3 
4964	104 
4965	69 
4966	29 
4967	94 
4968	54 
4969	39 
4970	93 
4971	10 
4972	22 
4973	14 
4974	25 
4975	88 
4976	104 
4977	44 
4978	37 
4979	53 
4980	37 
4981	105 
4982	96 
4983	25 
4984	43 
4985	59 
4986	82 
4987	97 
4988	104 
4989	43 
4990	102 
4991	98 
4992	38 
4993	30 
4994	57 
4995	14 
4996	15 
4997	80 
4998	61 
4999	83 
5000	38 
