1	43 
2	56 
3	89 
4	84 
5	82 
6	47 
7	2 
8	15 
9	83 
10	11 
11	33 
12	70 
13	63 
14	75 
15	22 
16	62 
17	55 
18	38 
19	90 
20	51 
21	67 
22	26 
23	2 
24	85 
25	73 
26	44 
27	3 
28	12 
29	71 
30	17 
31	97 
32	91 
33	50 
34	75 
35	44 
36	30 
37	95 
38	64 
39	86 
40	18 
41	33 
42	78 
43	2 
44	66 
45	20 
46	83 
47	22 
48	49 
49	57 
50	83 
51	23 
52	63 
53	55 
54	83 
55	62 
56	97 
57	23 
58	7 
59	68 
60	14 
61	82 
62	62 
63	77 
64	75 
65	73 
66	71 
67	8 
68	43 
69	10 
70	1 
71	21 
72	22 
73	43 
74	24 
75	63 
76	67 
77	18 
78	70 
79	91 
80	53 
81	91 
82	34 
83	3 
84	16 
85	15 
86	39 
87	18 
88	20 
89	19 
90	20 
91	64 
92	32 
93	53 
94	27 
95	92 
96	91 
97	64 
98	71 
99	83 
100	17 
101	3 
102	14 
103	62 
104	31 
105	23 
106	8 
107	70 
108	91 
109	80 
110	24 
111	75 
112	33 
113	92 
114	30 
115	8 
116	2 
117	17 
118	9 
119	11 
120	69 
121	12 
122	25 
123	62 
124	36 
125	67 
126	28 
127	49 
128	5 
129	81 
130	34 
131	33 
132	73 
133	21 
134	39 
135	28 
136	19 
137	78 
138	97 
139	40 
140	15 
141	6 
142	51 
143	1 
144	92 
145	63 
146	35 
147	77 
148	91 
149	36 
150	38 
151	68 
152	93 
153	37 
154	37 
155	86 
156	16 
157	93 
158	33 
159	40 
160	15 
161	52 
162	96 
163	96 
164	67 
165	38 
166	11 
167	18 
168	92 
169	30 
170	54 
171	54 
172	62 
173	92 
174	58 
175	94 
176	27 
177	41 
178	41 
179	47 
180	14 
181	86 
182	35 
183	67 
184	71 
185	76 
186	8 
187	39 
188	69 
189	86 
190	82 
191	4 
192	72 
193	12 
194	47 
195	47 
196	56 
197	47 
198	27 
199	66 
200	33 
201	7 
202	72 
203	23 
204	42 
205	87 
206	32 
207	32 
208	12 
209	23 
210	57 
211	75 
212	86 
213	22 
214	23 
215	37 
216	33 
217	33 
218	72 
219	90 
220	22 
221	6 
222	71 
223	86 
224	44 
225	25 
226	70 
227	67 
228	59 
229	59 
230	48 
231	30 
232	83 
233	38 
234	4 
235	82 
236	14 
237	47 
238	26 
239	81 
240	58 
241	3 
242	73 
243	70 
244	18 
245	79 
246	42 
247	50 
248	73 
249	35 
250	42 
251	11 
252	79 
253	13 
254	12 
255	67 
256	73 
257	51 
258	42 
259	95 
260	51 
261	19 
262	57 
263	38 
264	58 
265	35 
266	94 
267	97 
268	34 
269	18 
270	51 
271	87 
272	41 
273	4 
274	39 
275	46 
276	71 
277	75 
278	37 
279	29 
280	96 
281	32 
282	75 
283	16 
284	81 
285	8 
286	37 
287	46 
288	38 
289	56 
290	49 
291	43 
292	93 
293	84 
294	89 
295	58 
296	65 
297	45 
298	10 
299	49 
300	88 
301	77 
302	80 
303	64 
304	72 
305	20 
306	45 
307	33 
308	22 
309	8 
310	57 
311	34 
312	17 
313	46 
314	51 
315	61 
316	30 
317	5 
318	2 
319	31 
320	41 
321	8 
322	30 
323	10 
324	55 
325	53 
326	49 
327	63 
328	22 
329	7 
330	38 
331	37 
332	18 
333	45 
334	96 
335	84 
336	53 
337	47 
338	34 
339	62 
340	6 
341	88 
342	33 
343	88 
344	89 
345	57 
346	28 
347	21 
348	14 
349	49 
350	77 
351	43 
352	32 
353	20 
354	1 
355	89 
356	62 
357	56 
358	93 
359	7 
360	28 
361	91 
362	8 
363	81 
364	44 
365	34 
366	39 
367	4 
368	41 
369	75 
370	71 
371	36 
372	12 
373	82 
374	72 
375	56 
376	14 
377	23 
378	62 
379	60 
380	16 
381	48 
382	20 
383	38 
384	83 
385	18 
386	29 
387	86 
388	11 
389	3 
390	12 
391	82 
392	49 
393	72 
394	49 
395	87 
396	61 
397	81 
398	52 
399	41 
400	7 
401	42 
402	41 
403	54 
404	94 
405	22 
406	91 
407	97 
408	8 
409	36 
410	4 
411	83 
412	40 
413	38 
414	44 
415	62 
416	34 
417	12 
418	20 
419	46 
420	53 
421	75 
422	37 
423	52 
424	14 
425	28 
426	26 
427	28 
428	22 
429	88 
430	7 
431	63 
432	34 
433	65 
434	14 
435	49 
436	69 
437	96 
438	34 
439	32 
440	61 
441	58 
442	60 
443	53 
444	15 
445	35 
446	22 
447	55 
448	10 
449	30 
450	40 
451	39 
452	49 
453	55 
454	22 
455	58 
456	41 
457	37 
458	92 
459	54 
460	81 
461	29 
462	92 
463	76 
464	91 
465	23 
466	90 
467	5 
468	30 
469	71 
470	22 
471	20 
472	53 
473	12 
474	41 
475	54 
476	41 
477	56 
478	84 
479	39 
480	12 
481	49 
482	12 
483	41 
484	5 
485	9 
486	41 
487	46 
488	74 
489	70 
490	12 
491	39 
492	49 
493	36 
494	60 
495	73 
496	44 
497	80 
498	3 
499	49 
500	77 
501	43 
502	43 
503	9 
504	29 
505	47 
506	48 
507	80 
508	5 
509	37 
510	91 
511	91 
512	41 
513	90 
514	65 
515	53 
516	89 
517	43 
518	47 
519	16 
520	12 
521	29 
522	11 
523	71 
524	12 
525	46 
526	75 
527	14 
528	96 
529	1 
530	54 
531	93 
532	76 
533	36 
534	25 
535	91 
536	83 
537	71 
538	70 
539	43 
540	24 
541	5 
542	82 
543	75 
544	75 
545	88 
546	12 
547	37 
548	41 
549	55 
550	43 
551	66 
552	34 
553	85 
554	4 
555	75 
556	47 
557	33 
558	38 
559	56 
560	38 
561	39 
562	5 
563	13 
564	20 
565	16 
566	56 
567	50 
568	49 
569	9 
570	16 
571	53 
572	41 
573	81 
574	36 
575	32 
576	62 
577	6 
578	67 
579	84 
580	80 
581	76 
582	52 
583	72 
584	16 
585	41 
586	28 
587	96 
588	88 
589	63 
590	36 
591	8 
592	75 
593	87 
594	39 
595	8 
596	82 
597	64 
598	1 
599	63 
600	61 
601	47 
602	16 
603	7 
604	92 
605	67 
606	17 
607	65 
608	30 
609	46 
610	79 
611	51 
612	92 
613	52 
614	47 
615	56 
616	22 
617	18 
618	88 
619	3 
620	91 
621	29 
622	32 
623	96 
624	46 
625	57 
626	90 
627	54 
628	49 
629	13 
630	79 
631	95 
632	33 
633	56 
634	18 
635	2 
636	45 
637	36 
638	6 
639	8 
640	67 
641	60 
642	14 
643	45 
644	34 
645	57 
646	39 
647	22 
648	8 
649	94 
650	38 
651	75 
652	16 
653	59 
654	12 
655	56 
656	33 
657	24 
658	54 
659	39 
660	96 
661	90 
662	50 
663	47 
664	24 
665	21 
666	58 
667	83 
668	55 
669	20 
670	3 
671	94 
672	27 
673	92 
674	53 
675	82 
676	14 
677	44 
678	8 
679	46 
680	38 
681	55 
682	12 
683	20 
684	41 
685	58 
686	8 
687	25 
688	8 
689	83 
690	75 
691	76 
692	16 
693	96 
694	90 
695	81 
696	82 
697	55 
698	28 
699	37 
700	1 
701	85 
702	62 
703	75 
704	28 
705	22 
706	25 
707	10 
708	88 
709	34 
710	2 
711	79 
712	82 
713	64 
714	91 
715	50 
716	34 
717	92 
718	88 
719	56 
720	16 
721	77 
722	2 
723	32 
724	48 
725	75 
726	71 
727	93 
728	39 
729	96 
730	14 
731	82 
732	65 
733	34 
734	3 
735	51 
736	33 
737	20 
738	53 
739	7 
740	2 
741	56 
742	30 
743	14 
744	96 
745	92 
746	29 
747	41 
748	72 
749	24 
750	96 
751	9 
752	95 
753	16 
754	74 
755	38 
756	8 
757	3 
758	42 
759	8 
760	33 
761	64 
762	53 
763	62 
764	70 
765	91 
766	12 
767	54 
768	71 
769	56 
770	41 
771	34 
772	7 
773	22 
774	63 
775	37 
776	51 
777	88 
778	60 
779	31 
780	84 
781	32 
782	2 
783	43 
784	82 
785	79 
786	50 
787	41 
788	8 
789	44 
790	26 
791	9 
792	37 
793	67 
794	42 
795	36 
796	56 
797	38 
798	89 
799	75 
800	25 
801	70 
802	33 
803	77 
804	18 
805	35 
806	81 
807	2 
808	54 
809	33 
810	41 
811	54 
812	47 
813	80 
814	76 
815	16 
816	55 
817	14 
818	53 
819	14 
820	67 
821	37 
822	51 
823	12 
824	53 
825	19 
826	3 
827	41 
828	12 
829	81 
830	50 
831	24 
832	29 
833	96 
834	58 
835	72 
836	32 
837	97 
838	26 
839	79 
840	20 
841	76 
842	94 
843	72 
844	22 
845	88 
846	41 
847	96 
848	45 
849	20 
850	79 
851	41 
852	63 
853	91 
854	15 
855	27 
856	3 
857	2 
858	59 
859	82 
860	96 
861	62 
862	71 
863	66 
864	40 
865	13 
866	96 
867	36 
868	18 
869	65 
870	33 
871	91 
872	83 
873	43 
874	43 
875	48 
876	43 
877	42 
878	86 
879	63 
880	72 
881	86 
882	5 
883	32 
884	79 
885	3 
886	36 
887	34 
888	36 
889	53 
890	53 
891	36 
892	33 
893	15 
894	68 
895	85 
896	32 
897	14 
898	82 
899	34 
900	83 
901	38 
902	71 
903	47 
904	16 
905	36 
906	16 
907	4 
908	42 
909	83 
910	30 
911	53 
912	43 
913	88 
914	4 
915	32 
916	78 
917	41 
918	54 
919	92 
920	11 
921	9 
922	41 
923	80 
924	43 
925	51 
926	28 
927	15 
928	56 
929	92 
930	60 
931	88 
932	71 
933	27 
934	83 
935	51 
936	49 
937	77 
938	43 
939	18 
940	91 
941	70 
942	38 
943	96 
944	17 
945	93 
946	55 
947	13 
948	67 
949	23 
950	56 
951	58 
952	3 
953	9 
954	45 
955	76 
956	83 
957	29 
958	71 
959	68 
960	27 
961	32 
962	39 
963	8 
964	53 
965	18 
966	91 
967	42 
968	38 
969	75 
970	90 
971	86 
972	12 
973	93 
974	58 
975	33 
976	42 
977	2 
978	10 
979	36 
980	64 
981	38 
982	30 
983	16 
984	28 
985	18 
986	53 
987	75 
988	70 
989	12 
990	48 
991	38 
992	61 
993	33 
994	16 
995	82 
996	29 
997	18 
998	65 
999	23 
1000	96 
1001	71 
1002	88 
1003	95 
1004	73 
1005	81 
1006	6 
1007	28 
1008	92 
1009	12 
1010	51 
1011	12 
1012	59 
1013	72 
1014	18 
1015	79 
1016	16 
1017	22 
1018	60 
1019	39 
1020	55 
1021	29 
1022	35 
1023	10 
1024	29 
1025	72 
1026	82 
1027	85 
1028	50 
1029	69 
1030	36 
1031	20 
1032	32 
1033	61 
1034	53 
1035	18 
1036	33 
1037	41 
1038	28 
1039	10 
1040	10 
1041	95 
1042	38 
1043	45 
1044	71 
1045	69 
1046	53 
1047	81 
1048	74 
1049	42 
1050	2 
1051	64 
1052	54 
1053	16 
1054	96 
1055	13 
1056	47 
1057	9 
1058	29 
1059	62 
1060	70 
1061	93 
1062	91 
1063	91 
1064	33 
1065	16 
1066	56 
1067	31 
1068	44 
1069	20 
1070	21 
1071	11 
1072	8 
1073	17 
1074	48 
1075	92 
1076	92 
1077	48 
1078	62 
1079	43 
1080	4 
1081	43 
1082	49 
1083	43 
1084	92 
1085	36 
1086	11 
1087	91 
1088	71 
1089	56 
1090	51 
1091	34 
1092	65 
1093	96 
1094	77 
1095	70 
1096	32 
1097	38 
1098	54 
1099	31 
1100	52 
1101	12 
1102	3 
1103	52 
1104	51 
1105	81 
1106	38 
1107	31 
1108	72 
1109	47 
1110	53 
1111	35 
1112	91 
1113	18 
1114	24 
1115	21 
1116	4 
1117	96 
1118	97 
1119	35 
1120	48 
1121	93 
1122	21 
1123	60 
1124	53 
1125	25 
1126	4 
1127	67 
1128	26 
1129	81 
1130	54 
1131	49 
1132	13 
1133	43 
1134	49 
1135	92 
1136	3 
1137	8 
1138	63 
1139	13 
1140	53 
1141	52 
1142	48 
1143	30 
1144	34 
1145	4 
1146	73 
1147	43 
1148	90 
1149	76 
1150	8 
1151	12 
1152	9 
1153	77 
1154	70 
1155	75 
1156	91 
1157	93 
1158	68 
1159	28 
1160	87 
1161	18 
1162	82 
1163	78 
1164	34 
1165	89 
1166	79 
1167	53 
1168	3 
1169	38 
1170	86 
1171	15 
1172	57 
1173	36 
1174	6 
1175	89 
1176	47 
1177	88 
1178	4 
1179	54 
1180	40 
1181	76 
1182	74 
1183	86 
1184	66 
1185	90 
1186	14 
1187	27 
1188	92 
1189	78 
1190	91 
1191	49 
1192	52 
1193	96 
1194	67 
1195	55 
1196	67 
1197	96 
1198	91 
1199	54 
1200	83 
1201	38 
1202	22 
1203	14 
1204	89 
1205	35 
1206	27 
1207	53 
1208	41 
1209	36 
1210	6 
1211	59 
1212	86 
1213	66 
1214	27 
1215	74 
1216	41 
1217	77 
1218	81 
1219	54 
1220	22 
1221	55 
1222	18 
1223	69 
1224	35 
1225	33 
1226	74 
1227	64 
1228	80 
1229	73 
1230	34 
1231	38 
1232	51 
1233	77 
1234	61 
1235	36 
1236	76 
1237	46 
1238	26 
1239	16 
1240	27 
1241	33 
1242	35 
1243	35 
1244	16 
1245	16 
1246	25 
1247	70 
1248	76 
1249	8 
1250	54 
1251	43 
1252	65 
1253	22 
1254	33 
1255	63 
1256	63 
1257	87 
1258	82 
1259	82 
1260	22 
1261	87 
1262	15 
1263	39 
1264	33 
1265	5 
1266	56 
1267	64 
1268	42 
1269	39 
1270	11 
1271	89 
1272	52 
1273	92 
1274	31 
1275	55 
1276	61 
1277	79 
1278	5 
1279	50 
1280	51 
1281	71 
1282	22 
1283	58 
1284	62 
1285	80 
1286	95 
1287	65 
1288	91 
1289	84 
1290	57 
1291	4 
1292	30 
1293	63 
1294	67 
1295	28 
1296	93 
1297	63 
1298	83 
1299	27 
1300	51 
1301	31 
1302	93 
1303	10 
1304	27 
1305	72 
1306	36 
1307	36 
1308	36 
1309	18 
1310	16 
1311	20 
1312	92 
1313	68 
1314	91 
1315	45 
1316	20 
1317	73 
1318	29 
1319	12 
1320	62 
1321	83 
1322	37 
1323	29 
1324	4 
1325	14 
1326	86 
1327	80 
1328	70 
1329	86 
1330	10 
1331	74 
1332	11 
1333	80 
1334	96 
1335	3 
1336	6 
1337	62 
1338	57 
1339	91 
1340	8 
1341	20 
1342	57 
1343	61 
1344	12 
1345	6 
1346	25 
1347	33 
1348	92 
1349	23 
1350	45 
1351	66 
1352	80 
1353	67 
1354	10 
1355	12 
1356	19 
1357	95 
1358	18 
1359	49 
1360	43 
1361	2 
1362	65 
1363	56 
1364	58 
1365	96 
1366	54 
1367	57 
1368	67 
1369	22 
1370	47 
1371	32 
1372	55 
1373	49 
1374	29 
1375	37 
1376	3 
1377	76 
1378	28 
1379	2 
1380	12 
1381	28 
1382	88 
1383	1 
1384	30 
1385	13 
1386	15 
1387	9 
1388	75 
1389	20 
1390	23 
1391	47 
1392	27 
1393	56 
1394	5 
1395	31 
1396	53 
1397	96 
1398	18 
1399	5 
1400	23 
1401	38 
1402	65 
1403	93 
1404	55 
1405	2 
1406	80 
1407	75 
1408	62 
1409	15 
1410	9 
1411	46 
1412	4 
1413	80 
1414	61 
1415	62 
1416	3 
1417	91 
1418	77 
1419	85 
1420	70 
1421	43 
1422	43 
1423	39 
1424	82 
1425	83 
1426	81 
1427	16 
1428	10 
1429	80 
1430	96 
1431	33 
1432	49 
1433	14 
1434	18 
1435	91 
1436	79 
1437	88 
1438	28 
1439	49 
1440	30 
1441	75 
1442	84 
1443	15 
1444	7 
1445	51 
1446	83 
1447	55 
1448	91 
1449	27 
1450	62 
1451	67 
1452	91 
1453	68 
1454	37 
1455	84 
1456	36 
1457	50 
1458	57 
1459	80 
1460	64 
1461	54 
1462	23 
1463	49 
1464	30 
1465	34 
1466	57 
1467	3 
1468	66 
1469	54 
1470	82 
1471	94 
1472	54 
1473	45 
1474	23 
1475	78 
1476	93 
1477	12 
1478	14 
1479	2 
1480	51 
1481	43 
1482	76 
1483	82 
1484	22 
1485	63 
1486	8 
1487	50 
1488	81 
1489	24 
1490	28 
1491	16 
1492	41 
1493	20 
1494	88 
1495	78 
1496	67 
1497	75 
1498	3 
1499	34 
1500	38 
1501	70 
1502	36 
1503	8 
1504	38 
1505	63 
1506	37 
1507	82 
1508	79 
1509	71 
1510	41 
1511	54 
1512	88 
1513	3 
1514	26 
1515	12 
1516	67 
1517	23 
1518	52 
1519	48 
1520	41 
1521	61 
1522	17 
1523	25 
1524	64 
1525	41 
1526	18 
1527	77 
1528	64 
1529	62 
1530	92 
1531	24 
1532	2 
1533	97 
1534	6 
1535	76 
1536	33 
1537	18 
1538	18 
1539	47 
1540	86 
1541	17 
1542	38 
1543	67 
1544	96 
1545	96 
1546	92 
1547	39 
1548	89 
1549	71 
1550	41 
1551	8 
1552	13 
1553	67 
1554	42 
1555	22 
1556	88 
1557	2 
1558	37 
1559	41 
1560	9 
1561	29 
1562	39 
1563	60 
1564	45 
1565	88 
1566	11 
1567	41 
1568	90 
1569	38 
1570	82 
1571	71 
1572	49 
1573	77 
1574	12 
1575	34 
1576	16 
1577	22 
1578	79 
1579	92 
1580	71 
1581	18 
1582	4 
1583	41 
1584	15 
1585	52 
1586	56 
1587	23 
1588	95 
1589	32 
1590	25 
1591	53 
1592	71 
1593	41 
1594	77 
1595	4 
1596	62 
1597	51 
1598	84 
1599	72 
1600	27 
1601	20 
1602	11 
1603	86 
1604	41 
1605	52 
1606	69 
1607	10 
1608	76 
1609	97 
1610	70 
1611	65 
1612	83 
1613	3 
1614	85 
1615	7 
1616	38 
1617	43 
1618	38 
1619	96 
1620	44 
1621	17 
1622	29 
1623	16 
1624	17 
1625	54 
1626	93 
1627	8 
1628	41 
1629	10 
1630	36 
1631	47 
1632	82 
1633	7 
1634	91 
1635	56 
1636	55 
1637	88 
1638	35 
1639	54 
1640	38 
1641	5 
1642	30 
1643	54 
1644	83 
1645	15 
1646	49 
1647	43 
1648	13 
1649	7 
1650	41 
1651	30 
1652	38 
1653	48 
1654	67 
1655	72 
1656	49 
1657	34 
1658	12 
1659	83 
1660	5 
1661	95 
1662	70 
1663	6 
1664	22 
1665	14 
1666	80 
1667	8 
1668	20 
1669	41 
1670	81 
1671	70 
1672	90 
1673	67 
1674	12 
1675	60 
1676	43 
1677	38 
1678	33 
1679	63 
1680	86 
1681	40 
1682	66 
1683	54 
1684	81 
1685	55 
1686	9 
1687	10 
1688	67 
1689	81 
1690	51 
1691	89 
1692	69 
1693	55 
1694	41 
1695	29 
1696	68 
1697	48 
1698	36 
1699	20 
1700	41 
1701	65 
1702	75 
1703	52 
1704	14 
1705	26 
1706	71 
1707	49 
1708	49 
1709	12 
1710	71 
1711	18 
1712	8 
1713	23 
1714	97 
1715	2 
1716	49 
1717	4 
1718	91 
1719	43 
1720	18 
1721	86 
1722	94 
1723	86 
1724	20 
1725	13 
1726	3 
1727	13 
1728	5 
1729	8 
1730	83 
1731	72 
1732	19 
1733	2 
1734	71 
1735	31 
1736	47 
1737	62 
1738	12 
1739	26 
1740	33 
1741	16 
1742	71 
1743	16 
1744	6 
1745	19 
1746	73 
1747	42 
1748	9 
1749	31 
1750	14 
1751	41 
1752	36 
1753	70 
1754	49 
1755	25 
1756	58 
1757	91 
1758	14 
1759	91 
1760	63 
1761	47 
1762	52 
1763	26 
1764	79 
1765	91 
1766	91 
1767	53 
1768	38 
1769	71 
1770	31 
1771	30 
1772	93 
1773	79 
1774	88 
1775	57 
1776	4 
1777	47 
1778	67 
1779	31 
1780	7 
1781	86 
1782	43 
1783	91 
1784	92 
1785	38 
1786	90 
1787	3 
1788	86 
1789	75 
1790	35 
1791	39 
1792	70 
1793	1 
1794	87 
1795	67 
1796	83 
1797	81 
1798	85 
1799	82 
1800	51 
1801	9 
1802	42 
1803	38 
1804	1 
1805	75 
1806	62 
1807	10 
1808	45 
1809	9 
1810	41 
1811	70 
1812	92 
1813	22 
1814	8 
1815	22 
1816	63 
1817	52 
1818	90 
1819	14 
1820	16 
1821	88 
1822	75 
1823	42 
1824	79 
1825	31 
1826	88 
1827	37 
1828	23 
1829	54 
1830	25 
1831	12 
1832	4 
1833	63 
1834	75 
1835	64 
1836	51 
1837	17 
1838	78 
1839	47 
1840	11 
1841	33 
1842	97 
1843	68 
1844	58 
1845	90 
1846	60 
1847	67 
1848	77 
1849	95 
1850	55 
1851	41 
1852	33 
1853	55 
1854	43 
1855	16 
1856	81 
1857	7 
1858	43 
1859	80 
1860	8 
1861	29 
1862	61 
1863	67 
1864	76 
1865	49 
1866	29 
1867	47 
1868	12 
1869	27 
1870	16 
1871	56 
1872	20 
1873	86 
1874	27 
1875	15 
1876	17 
1877	91 
1878	33 
1879	41 
1880	27 
1881	30 
1882	32 
1883	74 
1884	1 
1885	83 
1886	53 
1887	70 
1888	93 
1889	6 
1890	47 
1891	51 
1892	3 
1893	22 
1894	92 
1895	15 
1896	51 
1897	92 
1898	82 
1899	81 
1900	12 
1901	81 
1902	15 
1903	52 
1904	90 
1905	83 
1906	36 
1907	93 
1908	71 
1909	86 
1910	30 
1911	63 
1912	55 
1913	28 
1914	1 
1915	69 
1916	23 
1917	62 
1918	52 
1919	10 
1920	36 
1921	81 
1922	88 
1923	4 
1924	55 
1925	36 
1926	47 
1927	17 
1928	2 
1929	63 
1930	20 
1931	49 
1932	22 
1933	71 
1934	49 
1935	29 
1936	71 
1937	56 
1938	71 
1939	86 
1940	87 
1941	3 
1942	38 
1943	23 
1944	94 
1945	16 
1946	90 
1947	77 
1948	55 
1949	61 
1950	2 
1951	41 
1952	9 
1953	2 
1954	88 
1955	76 
1956	30 
1957	63 
1958	16 
1959	34 
1960	75 
1961	22 
1962	11 
1963	12 
1964	47 
1965	73 
1966	69 
1967	39 
1968	29 
1969	30 
1970	57 
1971	4 
1972	36 
1973	64 
1974	83 
1975	34 
1976	47 
1977	79 
1978	4 
1979	81 
1980	3 
1981	38 
1982	8 
1983	34 
1984	8 
1985	17 
1986	47 
1987	9 
1988	93 
1989	38 
1990	35 
1991	20 
1992	75 
1993	44 
1994	92 
1995	13 
1996	26 
1997	12 
1998	95 
1999	20 
2000	25 
2001	82 
2002	52 
2003	42 
2004	69 
2005	11 
2006	4 
2007	22 
2008	17 
2009	39 
2010	48 
2011	97 
2012	39 
2013	56 
2014	91 
2015	8 
2016	70 
2017	72 
2018	78 
2019	64 
2020	4 
2021	44 
2022	75 
2023	20 
2024	76 
2025	72 
2026	23 
2027	63 
2028	47 
2029	81 
2030	14 
2031	7 
2032	17 
2033	68 
2034	4 
2035	16 
2036	57 
2037	43 
2038	36 
2039	42 
2040	57 
2041	40 
2042	71 
2043	36 
2044	97 
2045	32 
2046	63 
2047	72 
2048	19 
2049	63 
2050	76 
2051	41 
2052	75 
2053	2 
2054	34 
2055	33 
2056	9 
2057	58 
2058	34 
2059	38 
2060	22 
2061	38 
2062	38 
2063	30 
2064	81 
2065	36 
2066	3 
2067	93 
2068	62 
2069	33 
2070	92 
2071	10 
2072	91 
2073	74 
2074	29 
2075	38 
2076	64 
2077	27 
2078	74 
2079	20 
2080	51 
2081	15 
2082	20 
2083	43 
2084	11 
2085	52 
2086	36 
2087	79 
2088	30 
2089	86 
2090	54 
2091	72 
2092	92 
2093	70 
2094	47 
2095	81 
2096	97 
2097	66 
2098	61 
2099	16 
2100	79 
2101	93 
2102	63 
2103	16 
2104	27 
2105	91 
2106	64 
2107	62 
2108	62 
2109	56 
2110	63 
2111	97 
2112	2 
2113	72 
2114	18 
2115	3 
2116	67 
2117	75 
2118	12 
2119	27 
2120	9 
2121	25 
2122	52 
2123	25 
2124	90 
2125	39 
2126	51 
2127	56 
2128	83 
2129	14 
2130	12 
2131	11 
2132	11 
2133	37 
2134	92 
2135	42 
2136	33 
2137	39 
2138	91 
2139	88 
2140	92 
2141	34 
2142	38 
2143	58 
2144	63 
2145	27 
2146	18 
2147	22 
2148	24 
2149	79 
2150	68 
2151	8 
2152	75 
2153	88 
2154	38 
2155	33 
2156	18 
2157	41 
2158	8 
2159	68 
2160	72 
2161	23 
2162	81 
2163	63 
2164	32 
2165	14 
2166	41 
2167	9 
2168	22 
2169	92 
2170	3 
2171	39 
2172	59 
2173	74 
2174	36 
2175	64 
2176	36 
2177	25 
2178	22 
2179	14 
2180	15 
2181	15 
2182	56 
2183	64 
2184	78 
2185	32 
2186	93 
2187	34 
2188	8 
2189	43 
2190	77 
2191	27 
2192	15 
2193	67 
2194	9 
2195	29 
2196	4 
2197	72 
2198	74 
2199	63 
2200	45 
2201	88 
2202	75 
2203	48 
2204	1 
2205	75 
2206	79 
2207	52 
2208	43 
2209	30 
2210	53 
2211	5 
2212	28 
2213	83 
2214	81 
2215	59 
2216	71 
2217	78 
2218	19 
2219	28 
2220	83 
2221	96 
2222	10 
2223	75 
2224	55 
2225	86 
2226	11 
2227	10 
2228	22 
2229	38 
2230	65 
2231	79 
2232	62 
2233	89 
2234	49 
2235	2 
2236	3 
2237	41 
2238	72 
2239	41 
2240	16 
2241	36 
2242	46 
2243	37 
2244	34 
2245	91 
2246	23 
2247	18 
2248	75 
2249	64 
2250	6 
2251	52 
2252	40 
2253	52 
2254	78 
2255	22 
2256	71 
2257	30 
2258	18 
2259	43 
2260	8 
2261	25 
2262	3 
2263	42 
2264	51 
2265	30 
2266	27 
2267	92 
2268	63 
2269	33 
2270	7 
2271	56 
2272	16 
2273	33 
2274	18 
2275	4 
2276	24 
2277	83 
2278	72 
2279	95 
2280	92 
2281	41 
2282	93 
2283	85 
2284	90 
2285	63 
2286	7 
2287	49 
2288	76 
2289	80 
2290	53 
2291	26 
2292	43 
2293	18 
2294	34 
2295	66 
2296	8 
2297	48 
2298	15 
2299	48 
2300	36 
2301	20 
2302	12 
2303	51 
2304	65 
2305	49 
2306	28 
2307	96 
2308	33 
2309	55 
2310	53 
2311	52 
2312	71 
2313	12 
2314	75 
2315	91 
2316	92 
2317	25 
2318	93 
2319	8 
2320	94 
2321	69 
2322	3 
2323	51 
2324	97 
2325	94 
2326	60 
2327	16 
2328	15 
2329	43 
2330	24 
2331	93 
2332	17 
2333	47 
2334	4 
2335	36 
2336	38 
2337	81 
2338	14 
2339	33 
2340	12 
2341	22 
2342	73 
2343	33 
2344	88 
2345	36 
2346	77 
2347	90 
2348	26 
2349	62 
2350	48 
2351	22 
2352	25 
2353	1 
2354	9 
2355	12 
2356	70 
2357	33 
2358	65 
2359	38 
2360	82 
2361	91 
2362	84 
2363	29 
2364	22 
2365	61 
2366	29 
2367	88 
2368	18 
2369	41 
2370	43 
2371	44 
2372	41 
2373	71 
2374	8 
2375	64 
2376	27 
2377	55 
2378	75 
2379	33 
2380	71 
2381	60 
2382	64 
2383	2 
2384	83 
2385	9 
2386	67 
2387	23 
2388	60 
2389	75 
2390	52 
2391	37 
2392	64 
2393	67 
2394	16 
2395	37 
2396	15 
2397	88 
2398	90 
2399	69 
2400	92 
2401	29 
2402	45 
2403	64 
2404	62 
2405	92 
2406	60 
2407	71 
2408	67 
2409	23 
2410	88 
2411	43 
2412	96 
2413	38 
2414	23 
2415	14 
2416	31 
2417	16 
2418	84 
2419	53 
2420	12 
2421	33 
2422	40 
2423	33 
2424	1 
2425	64 
2426	22 
2427	43 
2428	33 
2429	37 
2430	26 
2431	75 
2432	18 
2433	49 
2434	68 
2435	15 
2436	48 
2437	24 
2438	83 
2439	40 
2440	33 
2441	15 
2442	63 
2443	79 
2444	49 
2445	52 
2446	81 
2447	18 
2448	20 
2449	42 
2450	49 
2451	43 
2452	91 
2453	3 
2454	83 
2455	27 
2456	54 
2457	46 
2458	61 
2459	59 
2460	17 
2461	67 
2462	68 
2463	82 
2464	74 
2465	81 
2466	60 
2467	19 
2468	42 
2469	91 
2470	95 
2471	67 
2472	56 
2473	36 
2474	22 
2475	63 
2476	92 
2477	17 
2478	36 
2479	81 
2480	16 
2481	67 
2482	40 
2483	41 
2484	80 
2485	42 
2486	2 
2487	43 
2488	30 
2489	39 
2490	39 
2491	29 
2492	43 
2493	29 
2494	9 
2495	24 
2496	54 
2497	57 
2498	3 
2499	67 
2500	63 
2501	38 
2502	64 
2503	12 
2504	53 
2505	49 
2506	89 
2507	96 
2508	70 
2509	77 
2510	18 
2511	20 
2512	10 
2513	55 
2514	11 
2515	47 
2516	12 
2517	56 
2518	29 
2519	41 
2520	36 
2521	55 
2522	21 
2523	3 
2524	78 
2525	49 
2526	20 
2527	16 
2528	47 
2529	19 
2530	68 
2531	74 
2532	79 
2533	20 
2534	79 
2535	62 
2536	66 
2537	3 
2538	30 
2539	22 
2540	91 
2541	88 
2542	80 
2543	83 
2544	90 
2545	9 
2546	4 
2547	21 
2548	39 
2549	56 
2550	76 
2551	42 
2552	71 
2553	96 
2554	4 
2555	50 
2556	53 
2557	55 
2558	30 
2559	83 
2560	93 
2561	4 
2562	85 
2563	30 
2564	21 
2565	93 
2566	53 
2567	14 
2568	39 
2569	80 
2570	77 
2571	48 
2572	75 
2573	49 
2574	23 
2575	15 
2576	56 
2577	39 
2578	13 
2579	33 
2580	5 
2581	64 
2582	12 
2583	77 
2584	38 
2585	49 
2586	3 
2587	73 
2588	52 
2589	72 
2590	35 
2591	19 
2592	16 
2593	44 
2594	29 
2595	56 
2596	40 
2597	18 
2598	84 
2599	96 
2600	34 
2601	93 
2602	36 
2603	29 
2604	91 
2605	26 
2606	16 
2607	25 
2608	34 
2609	29 
2610	76 
2611	1 
2612	50 
2613	81 
2614	52 
2615	69 
2616	2 
2617	48 
2618	19 
2619	34 
2620	63 
2621	23 
2622	51 
2623	2 
2624	86 
2625	4 
2626	90 
2627	30 
2628	11 
2629	90 
2630	44 
2631	36 
2632	36 
2633	33 
2634	29 
2635	68 
2636	17 
2637	70 
2638	81 
2639	16 
2640	64 
2641	76 
2642	49 
2643	36 
2644	26 
2645	11 
2646	49 
2647	20 
2648	28 
2649	53 
2650	33 
2651	81 
2652	9 
2653	11 
2654	87 
2655	39 
2656	73 
2657	81 
2658	62 
2659	79 
2660	54 
2661	8 
2662	56 
2663	3 
2664	86 
2665	70 
2666	41 
2667	22 
2668	79 
2669	43 
2670	52 
2671	38 
2672	91 
2673	43 
2674	87 
2675	56 
2676	40 
2677	83 
2678	17 
2679	41 
2680	15 
2681	91 
2682	16 
2683	26 
2684	59 
2685	76 
2686	59 
2687	95 
2688	81 
2689	38 
2690	53 
2691	67 
2692	69 
2693	93 
2694	92 
2695	22 
2696	57 
2697	22 
2698	92 
2699	43 
2700	24 
2701	94 
2702	6 
2703	70 
2704	53 
2705	38 
2706	9 
2707	93 
2708	35 
2709	23 
2710	27 
2711	43 
2712	45 
2713	46 
2714	88 
2715	82 
2716	8 
2717	79 
2718	8 
2719	22 
2720	12 
2721	31 
2722	10 
2723	49 
2724	71 
2725	26 
2726	81 
2727	96 
2728	69 
2729	35 
2730	16 
2731	23 
2732	22 
2733	43 
2734	4 
2735	22 
2736	15 
2737	17 
2738	59 
2739	44 
2740	85 
2741	60 
2742	59 
2743	72 
2744	32 
2745	4 
2746	75 
2747	75 
2748	63 
2749	56 
2750	12 
2751	54 
2752	86 
2753	42 
2754	35 
2755	38 
2756	34 
2757	15 
2758	8 
2759	77 
2760	82 
2761	58 
2762	49 
2763	18 
2764	12 
2765	81 
2766	49 
2767	59 
2768	21 
2769	72 
2770	8 
2771	74 
2772	83 
2773	56 
2774	10 
2775	97 
2776	91 
2777	69 
2778	60 
2779	45 
2780	69 
2781	32 
2782	63 
2783	27 
2784	8 
2785	61 
2786	93 
2787	20 
2788	8 
2789	2 
2790	5 
2791	63 
2792	35 
2793	88 
2794	18 
2795	90 
2796	72 
2797	19 
2798	52 
2799	36 
2800	27 
2801	47 
2802	55 
2803	49 
2804	10 
2805	38 
2806	25 
2807	24 
2808	44 
2809	88 
2810	60 
2811	22 
2812	65 
2813	2 
2814	91 
2815	16 
2816	24 
2817	16 
2818	2 
2819	54 
2820	82 
2821	93 
2822	38 
2823	20 
2824	20 
2825	52 
2826	18 
2827	80 
2828	45 
2829	38 
2830	87 
2831	10 
2832	49 
2833	86 
2834	11 
2835	25 
2836	35 
2837	17 
2838	29 
2839	78 
2840	47 
2841	2 
2842	95 
2843	51 
2844	63 
2845	72 
2846	1 
2847	85 
2848	20 
2849	34 
2850	83 
2851	67 
2852	92 
2853	93 
2854	69 
2855	78 
2856	38 
2857	9 
2858	59 
2859	54 
2860	74 
2861	4 
2862	90 
2863	82 
2864	66 
2865	43 
2866	91 
2867	67 
2868	88 
2869	33 
2870	86 
2871	49 
2872	17 
2873	8 
2874	16 
2875	80 
2876	64 
2877	56 
2878	90 
2879	23 
2880	92 
2881	45 
2882	43 
2883	54 
2884	42 
2885	2 
2886	88 
2887	49 
2888	16 
2889	81 
2890	8 
2891	86 
2892	83 
2893	22 
2894	86 
2895	29 
2896	92 
2897	62 
2898	52 
2899	73 
2900	48 
2901	43 
2902	48 
2903	30 
2904	96 
2905	9 
2906	33 
2907	47 
2908	15 
2909	44 
2910	15 
2911	2 
2912	28 
2913	27 
2914	54 
2915	4 
2916	38 
2917	22 
2918	69 
2919	52 
2920	51 
2921	36 
2922	71 
2923	15 
2924	2 
2925	43 
2926	41 
2927	51 
2928	79 
2929	47 
2930	25 
2931	45 
2932	3 
2933	96 
2934	2 
2935	51 
2936	18 
2937	16 
2938	91 
2939	53 
2940	95 
2941	23 
2942	14 
2943	14 
2944	34 
2945	81 
2946	3 
2947	53 
2948	3 
2949	15 
2950	1 
2951	18 
2952	88 
2953	16 
2954	93 
2955	22 
2956	23 
2957	50 
2958	71 
2959	8 
2960	32 
2961	83 
2962	91 
2963	26 
2964	38 
2965	44 
2966	9 
2967	62 
2968	41 
2969	41 
2970	80 
2971	54 
2972	65 
2973	2 
2974	46 
2975	12 
2976	4 
2977	94 
2978	49 
2979	90 
2980	12 
2981	18 
2982	97 
2983	67 
2984	25 
2985	18 
2986	56 
2987	53 
2988	7 
2989	33 
2990	54 
2991	75 
2992	83 
2993	62 
2994	39 
2995	49 
2996	44 
2997	91 
2998	33 
2999	4 
3000	81 
3001	88 
3002	14 
3003	81 
3004	63 
3005	59 
3006	24 
3007	22 
3008	47 
3009	18 
3010	8 
3011	56 
3012	36 
3013	72 
3014	36 
3015	88 
3016	92 
3017	18 
3018	60 
3019	93 
3020	62 
3021	47 
3022	38 
3023	88 
3024	86 
3025	85 
3026	51 
3027	29 
3028	58 
3029	14 
3030	54 
3031	20 
3032	81 
3033	33 
3034	80 
3035	93 
3036	36 
3037	4 
3038	33 
3039	77 
3040	36 
3041	4 
3042	6 
3043	75 
3044	74 
3045	2 
3046	36 
3047	42 
3048	55 
3049	96 
3050	37 
3051	18 
3052	70 
3053	33 
3054	53 
3055	22 
3056	86 
3057	29 
3058	83 
3059	80 
3060	21 
3061	81 
3062	42 
3063	47 
3064	8 
3065	35 
3066	47 
3067	38 
3068	70 
3069	56 
3070	12 
3071	60 
3072	51 
3073	44 
3074	50 
3075	88 
3076	9 
3077	5 
3078	47 
3079	81 
3080	46 
3081	80 
3082	64 
3083	43 
3084	67 
3085	18 
3086	1 
3087	72 
3088	23 
3089	63 
3090	88 
3091	64 
3092	37 
3093	1 
3094	53 
3095	52 
3096	83 
3097	23 
3098	81 
3099	55 
3100	52 
3101	29 
3102	51 
3103	96 
3104	47 
3105	71 
3106	19 
3107	96 
3108	63 
3109	49 
3110	85 
3111	73 
3112	58 
3113	66 
3114	59 
3115	79 
3116	61 
3117	91 
3118	79 
3119	56 
3120	43 
3121	37 
3122	91 
3123	83 
3124	53 
3125	69 
3126	24 
3127	77 
3128	1 
3129	27 
3130	91 
3131	47 
3132	75 
3133	87 
3134	83 
3135	74 
3136	88 
3137	42 
3138	17 
3139	54 
3140	73 
3141	92 
3142	51 
3143	29 
3144	18 
3145	79 
3146	82 
3147	43 
3148	44 
3149	35 
3150	25 
3151	18 
3152	26 
3153	23 
3154	6 
3155	7 
3156	70 
3157	81 
3158	16 
3159	8 
3160	9 
3161	9 
3162	91 
3163	79 
3164	65 
3165	71 
3166	93 
3167	43 
3168	93 
3169	36 
3170	94 
3171	55 
3172	75 
3173	63 
3174	14 
3175	96 
3176	67 
3177	14 
3178	39 
3179	71 
3180	67 
3181	51 
3182	17 
3183	80 
3184	51 
3185	15 
3186	4 
3187	89 
3188	18 
3189	41 
3190	82 
3191	12 
3192	23 
3193	26 
3194	26 
3195	91 
3196	24 
3197	80 
3198	33 
3199	74 
3200	1 
3201	86 
3202	7 
3203	9 
3204	33 
3205	34 
3206	93 
3207	70 
3208	11 
3209	16 
3210	52 
3211	16 
3212	8 
3213	88 
3214	87 
3215	25 
3216	30 
3217	30 
3218	89 
3219	52 
3220	41 
3221	17 
3222	18 
3223	17 
3224	49 
3225	38 
3226	12 
3227	77 
3228	23 
3229	91 
3230	88 
3231	20 
3232	2 
3233	72 
3234	89 
3235	82 
3236	33 
3237	86 
3238	77 
3239	3 
3240	69 
3241	20 
3242	19 
3243	79 
3244	47 
3245	87 
3246	13 
3247	33 
3248	34 
3249	29 
3250	7 
3251	83 
3252	16 
3253	54 
3254	3 
3255	80 
3256	50 
3257	88 
3258	36 
3259	21 
3260	12 
3261	96 
3262	83 
3263	2 
3264	91 
3265	43 
3266	30 
3267	18 
3268	37 
3269	54 
3270	15 
3271	5 
3272	90 
3273	31 
3274	96 
3275	12 
3276	71 
3277	21 
3278	80 
3279	36 
3280	38 
3281	70 
3282	13 
3283	63 
3284	82 
3285	38 
3286	42 
3287	62 
3288	16 
3289	33 
3290	34 
3291	17 
3292	8 
3293	40 
3294	12 
3295	78 
3296	14 
3297	88 
3298	10 
3299	70 
3300	13 
3301	64 
3302	46 
3303	86 
3304	89 
3305	18 
3306	67 
3307	85 
3308	47 
3309	53 
3310	51 
3311	55 
3312	62 
3313	3 
3314	15 
3315	27 
3316	77 
3317	32 
3318	24 
3319	44 
3320	52 
3321	85 
3322	92 
3323	22 
3324	82 
3325	29 
3326	45 
3327	12 
3328	88 
3329	29 
3330	92 
3331	59 
3332	80 
3333	91 
3334	38 
3335	81 
3336	84 
3337	71 
3338	83 
3339	3 
3340	3 
3341	45 
3342	86 
3343	62 
3344	2 
3345	63 
3346	10 
3347	12 
3348	53 
3349	85 
3350	41 
3351	97 
3352	17 
3353	91 
3354	9 
3355	19 
3356	92 
3357	96 
3358	7 
3359	57 
3360	92 
3361	82 
3362	88 
3363	62 
3364	34 
3365	49 
3366	41 
3367	47 
3368	55 
3369	13 
3370	74 
3371	56 
3372	27 
3373	3 
3374	9 
3375	43 
3376	2 
3377	94 
3378	34 
3379	88 
3380	12 
3381	36 
3382	18 
3383	62 
3384	36 
3385	75 
3386	51 
3387	51 
3388	39 
3389	22 
3390	36 
3391	70 
3392	10 
3393	43 
3394	59 
3395	92 
3396	9 
3397	93 
3398	36 
3399	68 
3400	39 
3401	4 
3402	77 
3403	70 
3404	80 
3405	77 
3406	10 
3407	34 
3408	21 
3409	80 
3410	49 
3411	84 
3412	61 
3413	25 
3414	14 
3415	83 
3416	38 
3417	51 
3418	43 
3419	41 
3420	16 
3421	33 
3422	60 
3423	92 
3424	53 
3425	72 
3426	35 
3427	51 
3428	51 
3429	12 
3430	47 
3431	86 
3432	56 
3433	8 
3434	17 
3435	29 
3436	16 
3437	41 
3438	76 
3439	63 
3440	93 
3441	96 
3442	44 
3443	67 
3444	92 
3445	23 
3446	78 
3447	30 
3448	86 
3449	89 
3450	96 
3451	83 
3452	49 
3453	92 
3454	3 
3455	17 
3456	55 
3457	38 
3458	4 
3459	67 
3460	15 
3461	17 
3462	76 
3463	27 
3464	66 
3465	88 
3466	65 
3467	29 
3468	62 
3469	63 
3470	47 
3471	70 
3472	15 
3473	29 
3474	8 
3475	94 
3476	56 
3477	46 
3478	54 
3479	36 
3480	20 
3481	47 
3482	96 
3483	27 
3484	70 
3485	51 
3486	82 
3487	93 
3488	51 
3489	49 
3490	91 
3491	22 
3492	93 
3493	40 
3494	34 
3495	67 
3496	8 
3497	34 
3498	18 
3499	12 
3500	79 
3501	90 
3502	79 
3503	56 
3504	80 
3505	6 
3506	70 
3507	61 
3508	84 
3509	96 
3510	43 
3511	96 
3512	8 
3513	31 
3514	17 
3515	28 
3516	92 
3517	41 
3518	74 
3519	44 
3520	77 
3521	48 
3522	11 
3523	22 
3524	54 
3525	87 
3526	51 
3527	36 
3528	4 
3529	53 
3530	39 
3531	20 
3532	33 
3533	45 
3534	81 
3535	52 
3536	20 
3537	41 
3538	19 
3539	27 
3540	53 
3541	7 
3542	81 
3543	86 
3544	57 
3545	9 
3546	59 
3547	43 
3548	47 
3549	96 
3550	9 
3551	43 
3552	31 
3553	88 
3554	21 
3555	1 
3556	81 
3557	45 
3558	43 
3559	76 
3560	56 
3561	94 
3562	62 
3563	82 
3564	15 
3565	87 
3566	91 
3567	4 
3568	87 
3569	21 
3570	18 
3571	37 
3572	72 
3573	14 
3574	33 
3575	78 
3576	21 
3577	30 
3578	14 
3579	16 
3580	18 
3581	63 
3582	41 
3583	68 
3584	33 
3585	75 
3586	32 
3587	72 
3588	96 
3589	93 
3590	34 
3591	3 
3592	79 
3593	55 
3594	96 
3595	6 
3596	25 
3597	81 
3598	61 
3599	27 
3600	10 
3601	33 
3602	33 
3603	24 
3604	32 
3605	5 
3606	71 
3607	2 
3608	62 
3609	83 
3610	10 
3611	11 
3612	8 
3613	82 
3614	31 
3615	73 
3616	71 
3617	11 
3618	46 
3619	75 
3620	12 
3621	29 
3622	88 
3623	57 
3624	6 
3625	71 
3626	50 
3627	41 
3628	67 
3629	2 
3630	82 
3631	82 
3632	18 
3633	61 
3634	64 
3635	33 
3636	13 
3637	41 
3638	80 
3639	94 
3640	23 
3641	39 
3642	71 
3643	37 
3644	19 
3645	53 
3646	36 
3647	51 
3648	12 
3649	82 
3650	72 
3651	28 
3652	1 
3653	67 
3654	64 
3655	18 
3656	67 
3657	18 
3658	82 
3659	11 
3660	30 
3661	86 
3662	26 
3663	75 
3664	88 
3665	71 
3666	55 
3667	88 
3668	86 
3669	40 
3670	38 
3671	96 
3672	54 
3673	27 
3674	45 
3675	90 
3676	48 
3677	92 
3678	11 
3679	57 
3680	93 
3681	36 
3682	51 
3683	20 
3684	15 
3685	49 
3686	8 
3687	2 
3688	75 
3689	20 
3690	71 
3691	42 
3692	41 
3693	3 
3694	95 
3695	66 
3696	30 
3697	84 
3698	47 
3699	82 
3700	22 
3701	39 
3702	89 
3703	40 
3704	54 
3705	31 
3706	5 
3707	75 
3708	3 
3709	24 
3710	47 
3711	41 
3712	36 
3713	93 
3714	56 
3715	72 
3716	44 
3717	54 
3718	51 
3719	90 
3720	70 
3721	22 
3722	89 
3723	19 
3724	36 
3725	51 
3726	16 
3727	4 
3728	75 
3729	57 
3730	10 
3731	30 
3732	15 
3733	87 
3734	21 
3735	16 
3736	53 
3737	48 
3738	71 
3739	16 
3740	85 
3741	12 
3742	63 
3743	88 
3744	2 
3745	88 
3746	23 
3747	91 
3748	53 
3749	18 
3750	84 
3751	15 
3752	58 
3753	22 
3754	67 
3755	44 
3756	71 
3757	23 
3758	36 
3759	66 
3760	34 
3761	92 
3762	92 
3763	28 
3764	34 
3765	18 
3766	49 
3767	38 
3768	60 
3769	40 
3770	35 
3771	20 
3772	22 
3773	92 
3774	12 
3775	10 
3776	38 
3777	80 
3778	88 
3779	88 
3780	49 
3781	54 
3782	56 
3783	12 
3784	62 
3785	70 
3786	53 
3787	63 
3788	25 
3789	81 
3790	9 
3791	7 
3792	26 
3793	95 
3794	48 
3795	43 
3796	15 
3797	92 
3798	20 
3799	18 
3800	56 
3801	40 
3802	88 
3803	39 
3804	63 
3805	53 
3806	3 
3807	22 
3808	96 
3809	13 
3810	7 
3811	2 
3812	1 
3813	75 
3814	27 
3815	4 
3816	29 
3817	74 
3818	57 
3819	12 
3820	43 
3821	12 
3822	18 
3823	8 
3824	64 
3825	78 
3826	20 
3827	62 
3828	38 
3829	56 
3830	66 
3831	8 
3832	15 
3833	54 
3834	81 
3835	93 
3836	40 
3837	21 
3838	22 
3839	32 
3840	81 
3841	56 
3842	36 
3843	71 
3844	64 
3845	8 
3846	59 
3847	62 
3848	35 
3849	18 
3850	43 
3851	12 
3852	16 
3853	82 
3854	79 
3855	93 
3856	22 
3857	14 
3858	97 
3859	36 
3860	88 
3861	15 
3862	80 
3863	56 
3864	49 
3865	81 
3866	41 
3867	29 
3868	88 
3869	46 
3870	57 
3871	32 
3872	68 
3873	30 
3874	36 
3875	70 
3876	67 
3877	3 
3878	97 
3879	95 
3880	51 
3881	14 
3882	61 
3883	30 
3884	94 
3885	62 
3886	87 
3887	47 
3888	38 
3889	53 
3890	81 
3891	74 
3892	18 
3893	71 
3894	48 
3895	2 
3896	82 
3897	79 
3898	31 
3899	70 
3900	11 
3901	26 
3902	58 
3903	14 
3904	20 
3905	41 
3906	89 
3907	29 
3908	79 
3909	77 
3910	29 
3911	67 
3912	75 
3913	67 
3914	88 
3915	70 
3916	53 
3917	18 
3918	93 
3919	40 
3920	18 
3921	34 
3922	83 
3923	47 
3924	30 
3925	69 
3926	11 
3927	36 
3928	13 
3929	63 
3930	31 
3931	29 
3932	69 
3933	77 
3934	71 
3935	95 
3936	20 
3937	82 
3938	18 
3939	70 
3940	90 
3941	52 
3942	82 
3943	96 
3944	50 
3945	62 
3946	53 
3947	72 
3948	11 
3949	17 
3950	51 
3951	96 
3952	53 
3953	2 
3954	4 
3955	63 
3956	24 
3957	74 
3958	84 
3959	18 
3960	36 
3961	90 
3962	95 
3963	71 
3964	14 
3965	16 
3966	52 
3967	86 
3968	12 
3969	60 
3970	38 
3971	75 
3972	47 
3973	34 
3974	93 
3975	61 
3976	29 
3977	33 
3978	67 
3979	21 
3980	53 
3981	41 
3982	47 
3983	67 
3984	59 
3985	43 
3986	91 
3987	70 
3988	56 
3989	43 
3990	94 
3991	75 
3992	87 
3993	15 
3994	44 
3995	9 
3996	52 
3997	81 
3998	31 
3999	15 
4000	33 
4001	14 
4002	42 
4003	35 
4004	1 
4005	74 
4006	3 
4007	85 
4008	13 
4009	17 
4010	67 
4011	75 
4012	45 
4013	33 
4014	63 
4015	95 
4016	54 
4017	56 
4018	18 
4019	39 
4020	47 
4021	37 
4022	87 
4023	33 
4024	9 
4025	58 
4026	15 
4027	43 
4028	82 
4029	39 
4030	59 
4031	43 
4032	73 
4033	82 
4034	63 
4035	28 
4036	71 
4037	37 
4038	14 
4039	48 
4040	56 
4041	34 
4042	36 
4043	49 
4044	27 
4045	15 
4046	36 
4047	91 
4048	41 
4049	71 
4050	43 
4051	28 
4052	85 
4053	22 
4054	17 
4055	39 
4056	62 
4057	56 
4058	8 
4059	14 
4060	85 
4061	19 
4062	20 
4063	30 
4064	47 
4065	47 
4066	82 
4067	96 
4068	21 
4069	71 
4070	96 
4071	44 
4072	13 
4073	50 
4074	45 
4075	79 
4076	70 
4077	50 
4078	20 
4079	3 
4080	38 
4081	12 
4082	11 
4083	81 
4084	40 
4085	44 
4086	65 
4087	3 
4088	15 
4089	36 
4090	34 
4091	23 
4092	59 
4093	71 
4094	8 
4095	71 
4096	40 
4097	47 
4098	30 
4099	8 
4100	48 
4101	77 
4102	26 
4103	88 
4104	36 
4105	28 
4106	30 
4107	92 
4108	51 
4109	43 
4110	46 
4111	13 
4112	67 
4113	42 
4114	30 
4115	56 
4116	14 
4117	54 
4118	23 
4119	83 
4120	88 
4121	26 
4122	82 
4123	81 
4124	94 
4125	81 
4126	95 
4127	25 
4128	14 
4129	75 
4130	27 
4131	77 
4132	48 
4133	52 
4134	51 
4135	23 
4136	47 
4137	42 
4138	75 
4139	18 
4140	12 
4141	54 
4142	56 
4143	15 
4144	96 
4145	33 
4146	44 
4147	92 
4148	10 
4149	12 
4150	91 
4151	48 
4152	82 
4153	80 
4154	59 
4155	96 
4156	28 
4157	61 
4158	29 
4159	38 
4160	81 
4161	51 
4162	24 
4163	27 
4164	44 
4165	88 
4166	72 
4167	51 
4168	61 
4169	15 
4170	62 
4171	67 
4172	22 
4173	15 
4174	47 
4175	41 
4176	60 
4177	15 
4178	51 
4179	27 
4180	18 
4181	90 
4182	90 
4183	92 
4184	88 
4185	73 
4186	77 
4187	51 
4188	42 
4189	51 
4190	80 
4191	71 
4192	37 
4193	29 
4194	29 
4195	93 
4196	52 
4197	11 
4198	4 
4199	12 
4200	77 
4201	57 
4202	48 
4203	81 
4204	18 
4205	90 
4206	20 
4207	22 
4208	16 
4209	41 
4210	63 
4211	45 
4212	88 
4213	83 
4214	55 
4215	22 
4216	46 
4217	72 
4218	83 
4219	8 
4220	52 
4221	92 
4222	33 
4223	2 
4224	91 
4225	58 
4226	15 
4227	52 
4228	18 
4229	19 
4230	66 
4231	38 
4232	12 
4233	20 
4234	55 
4235	2 
4236	4 
4237	16 
4238	63 
4239	92 
4240	36 
4241	91 
4242	96 
4243	82 
4244	71 
4245	67 
4246	82 
4247	6 
4248	79 
4249	21 
4250	79 
4251	43 
4252	5 
4253	3 
4254	7 
4255	56 
4256	19 
4257	48 
4258	79 
4259	67 
4260	71 
4261	43 
4262	47 
4263	27 
4264	86 
4265	86 
4266	22 
4267	41 
4268	22 
4269	25 
4270	46 
4271	21 
4272	86 
4273	93 
4274	96 
4275	75 
4276	47 
4277	65 
4278	16 
4279	69 
4280	20 
4281	16 
4282	52 
4283	75 
4284	91 
4285	29 
4286	15 
4287	35 
4288	30 
4289	91 
4290	66 
4291	63 
4292	10 
4293	41 
4294	80 
4295	44 
4296	46 
4297	43 
4298	56 
4299	33 
4300	43 
4301	37 
4302	92 
4303	60 
4304	36 
4305	28 
4306	38 
4307	85 
4308	80 
4309	49 
4310	97 
4311	37 
4312	71 
4313	44 
4314	31 
4315	28 
4316	12 
4317	56 
4318	29 
4319	82 
4320	20 
4321	74 
4322	35 
4323	71 
4324	85 
4325	1 
4326	1 
4327	21 
4328	71 
4329	94 
4330	77 
4331	35 
4332	16 
4333	56 
4334	38 
4335	81 
4336	22 
4337	15 
4338	41 
4339	66 
4340	65 
4341	80 
4342	8 
4343	46 
4344	27 
4345	74 
4346	83 
4347	29 
4348	34 
4349	22 
4350	22 
4351	1 
4352	38 
4353	38 
4354	52 
4355	56 
4356	18 
4357	77 
4358	55 
4359	17 
4360	40 
4361	21 
4362	79 
4363	81 
4364	22 
4365	38 
4366	52 
4367	85 
4368	71 
4369	20 
4370	44 
4371	8 
4372	8 
4373	88 
4374	23 
4375	82 
4376	85 
4377	80 
4378	47 
4379	56 
4380	86 
4381	83 
4382	7 
4383	91 
4384	34 
4385	53 
4386	29 
4387	49 
4388	68 
4389	56 
4390	43 
4391	54 
4392	54 
4393	27 
4394	83 
4395	88 
4396	96 
4397	23 
4398	20 
4399	49 
4400	12 
4401	80 
4402	13 
4403	88 
4404	86 
4405	41 
4406	3 
4407	42 
4408	93 
4409	36 
4410	63 
4411	18 
4412	71 
4413	10 
4414	97 
4415	92 
4416	23 
4417	11 
4418	1 
4419	88 
4420	63 
4421	46 
4422	43 
4423	28 
4424	96 
4425	92 
4426	82 
4427	91 
4428	34 
4429	12 
4430	38 
4431	48 
4432	29 
4433	12 
4434	97 
4435	75 
4436	63 
4437	43 
4438	2 
4439	29 
4440	14 
4441	70 
4442	10 
4443	47 
4444	77 
4445	28 
4446	30 
4447	44 
4448	91 
4449	34 
4450	17 
4451	17 
4452	28 
4453	19 
4454	79 
4455	47 
4456	65 
4457	22 
4458	43 
4459	95 
4460	62 
4461	47 
4462	12 
4463	28 
4464	95 
4465	44 
4466	69 
4467	63 
4468	91 
4469	92 
4470	43 
4471	43 
4472	55 
4473	17 
4474	81 
4475	17 
4476	55 
4477	60 
4478	8 
4479	65 
4480	71 
4481	82 
4482	3 
4483	72 
4484	5 
4485	18 
4486	3 
4487	42 
4488	79 
4489	47 
4490	42 
4491	38 
4492	36 
4493	73 
4494	20 
4495	11 
4496	30 
4497	34 
4498	44 
4499	77 
4500	29 
4501	41 
4502	18 
4503	55 
4504	77 
4505	24 
4506	82 
4507	34 
4508	70 
4509	37 
4510	4 
4511	79 
4512	20 
4513	9 
4514	15 
4515	7 
4516	67 
4517	64 
4518	36 
4519	12 
4520	42 
4521	82 
4522	77 
4523	33 
4524	81 
4525	47 
4526	49 
4527	3 
4528	17 
4529	65 
4530	96 
4531	47 
4532	28 
4533	31 
4534	37 
4535	49 
4536	12 
4537	49 
4538	86 
4539	53 
4540	25 
4541	51 
4542	91 
4543	79 
4544	86 
4545	70 
4546	53 
4547	17 
4548	51 
4549	36 
4550	17 
4551	12 
4552	93 
4553	78 
4554	32 
4555	55 
4556	23 
4557	22 
4558	35 
4559	52 
4560	66 
4561	86 
4562	70 
4563	47 
4564	17 
4565	63 
4566	18 
4567	84 
4568	85 
4569	22 
4570	18 
4571	38 
4572	82 
4573	22 
4574	7 
4575	33 
4576	2 
4577	1 
4578	82 
4579	89 
4580	52 
4581	38 
4582	13 
4583	82 
4584	54 
4585	55 
4586	89 
4587	35 
4588	46 
4589	18 
4590	66 
4591	88 
4592	56 
4593	86 
4594	51 
4595	93 
4596	1 
4597	34 
4598	24 
4599	28 
4600	67 
4601	72 
4602	87 
4603	91 
4604	72 
4605	71 
4606	30 
4607	18 
4608	42 
4609	15 
4610	13 
4611	4 
4612	37 
4613	88 
4614	15 
4615	50 
4616	80 
4617	17 
4618	40 
4619	55 
4620	96 
4621	7 
4622	12 
4623	25 
4624	43 
4625	49 
4626	54 
4627	75 
4628	41 
4629	14 
4630	64 
4631	23 
4632	13 
4633	16 
4634	15 
4635	26 
4636	83 
4637	51 
4638	2 
4639	78 
4640	20 
4641	79 
4642	86 
4643	82 
4644	28 
4645	48 
4646	28 
4647	52 
4648	8 
4649	9 
4650	2 
4651	52 
4652	82 
4653	29 
4654	35 
4655	90 
4656	22 
4657	29 
4658	9 
4659	71 
4660	60 
4661	34 
4662	51 
4663	91 
4664	43 
4665	1 
4666	72 
4667	51 
4668	22 
4669	36 
4670	47 
4671	72 
4672	14 
4673	6 
4674	38 
4675	88 
4676	79 
4677	69 
4678	54 
4679	3 
4680	94 
4681	47 
4682	29 
4683	34 
4684	11 
4685	70 
4686	18 
4687	54 
4688	76 
4689	45 
4690	2 
4691	36 
4692	41 
4693	9 
4694	63 
4695	9 
4696	38 
4697	92 
4698	36 
4699	93 
4700	64 
4701	88 
4702	36 
4703	22 
4704	96 
4705	79 
4706	80 
4707	51 
4708	19 
4709	88 
4710	5 
4711	82 
4712	41 
4713	35 
4714	41 
4715	77 
4716	47 
4717	17 
4718	28 
4719	49 
4720	82 
4721	88 
4722	62 
4723	96 
4724	86 
4725	82 
4726	94 
4727	82 
4728	97 
4729	46 
4730	67 
4731	43 
4732	8 
4733	96 
4734	33 
4735	66 
4736	91 
4737	86 
4738	82 
4739	62 
4740	88 
4741	17 
4742	42 
4743	38 
4744	29 
4745	79 
4746	55 
4747	33 
4748	7 
4749	75 
4750	25 
4751	51 
4752	33 
4753	97 
4754	15 
4755	96 
4756	80 
4757	87 
4758	26 
4759	9 
4760	63 
4761	96 
4762	9 
4763	27 
4764	10 
4765	79 
4766	22 
4767	95 
4768	14 
4769	14 
4770	56 
4771	34 
4772	1 
4773	91 
4774	9 
4775	54 
4776	54 
4777	41 
4778	75 
4779	33 
4780	20 
4781	27 
4782	36 
4783	93 
4784	49 
4785	13 
4786	56 
4787	89 
4788	96 
4789	51 
4790	91 
4791	11 
4792	27 
4793	81 
4794	45 
4795	3 
4796	13 
4797	18 
4798	8 
4799	75 
4800	90 
4801	51 
4802	70 
4803	75 
4804	2 
4805	17 
4806	48 
4807	64 
4808	27 
4809	37 
4810	36 
4811	3 
4812	16 
4813	13 
4814	2 
4815	80 
4816	93 
4817	96 
4818	29 
4819	11 
4820	25 
4821	52 
4822	29 
4823	28 
4824	41 
4825	93 
4826	79 
4827	81 
4828	77 
4829	44 
4830	91 
4831	43 
4832	80 
4833	91 
4834	22 
4835	8 
4836	19 
4837	48 
4838	4 
4839	49 
4840	8 
4841	56 
4842	44 
4843	57 
4844	9 
4845	35 
4846	22 
4847	15 
4848	65 
4849	38 
4850	34 
4851	8 
4852	32 
4853	39 
4854	51 
4855	15 
4856	39 
4857	31 
4858	91 
4859	52 
4860	12 
4861	42 
4862	44 
4863	8 
4864	76 
4865	51 
4866	67 
4867	75 
4868	3 
4869	27 
4870	22 
4871	18 
4872	56 
4873	11 
4874	40 
4875	71 
4876	43 
4877	7 
4878	47 
4879	34 
4880	81 
4881	8 
4882	12 
4883	45 
4884	3 
4885	15 
4886	75 
4887	62 
4888	20 
4889	65 
4890	96 
4891	36 
4892	44 
4893	7 
4894	42 
4895	44 
4896	39 
4897	72 
4898	36 
4899	72 
4900	36 
4901	54 
4902	33 
4903	52 
4904	90 
4905	3 
4906	25 
4907	30 
4908	43 
4909	46 
4910	69 
4911	15 
4912	15 
4913	36 
4914	36 
4915	67 
4916	82 
4917	88 
4918	38 
4919	67 
4920	2 
4921	20 
4922	18 
4923	47 
4924	13 
4925	29 
4926	80 
4927	70 
4928	55 
4929	52 
4930	49 
4931	72 
4932	81 
4933	2 
4934	65 
4935	34 
4936	38 
4937	79 
4938	47 
4939	67 
4940	34 
4941	43 
4942	75 
4943	56 
4944	25 
4945	3 
4946	25 
4947	23 
4948	93 
4949	14 
4950	29 
4951	88 
4952	44 
4953	80 
4954	55 
4955	53 
4956	90 
4957	8 
4958	2 
4959	80 
4960	54 
4961	14 
4962	96 
4963	30 
4964	12 
4965	67 
4966	25 
4967	2 
4968	91 
4969	14 
4970	46 
4971	77 
4972	96 
4973	96 
4974	79 
4975	62 
4976	62 
4977	55 
4978	47 
4979	16 
4980	27 
4981	90 
4982	16 
4983	38 
4984	36 
4985	55 
4986	91 
4987	75 
4988	10 
4989	90 
4990	49 
4991	15 
4992	36 
4993	41 
4994	43 
4995	23 
4996	53 
4997	93 
4998	2 
4999	12 
5000	28 
