1	86 
2	1 
3	74 
4	61 
5	89 
6	78 
7	94 
8	63 
9	66 
10	48 
11	23 
12	45 
13	43 
14	29 
15	14 
16	27 
17	40 
18	7 
19	65 
20	60 
21	20 
22	20 
23	16 
24	75 
25	65 
26	95 
27	5 
28	7 
29	7 
30	76 
31	22 
32	66 
33	3 
34	48 
35	21 
36	14 
37	40 
38	34 
39	60 
40	69 
41	7 
42	96 
43	85 
44	31 
45	12 
46	73 
47	16 
48	30 
49	76 
50	5 
51	27 
52	36 
53	38 
54	62 
55	62 
56	65 
57	42 
58	18 
59	27 
60	84 
61	9 
62	60 
63	61 
64	39 
65	42 
66	26 
67	56 
68	65 
69	50 
70	12 
71	65 
72	72 
73	92 
74	26 
75	59 
76	74 
77	98 
78	4 
79	53 
80	79 
81	64 
82	2 
83	23 
84	76 
85	89 
86	10 
87	32 
88	23 
89	6 
90	93 
91	32 
92	65 
93	6 
94	3 
95	42 
96	10 
97	91 
98	84 
99	5 
100	62 
101	12 
102	54 
103	18 
104	95 
105	6 
106	73 
107	75 
108	53 
109	76 
110	22 
111	86 
112	15 
113	46 
114	27 
115	91 
116	18 
117	48 
118	87 
119	23 
120	16 
121	76 
122	12 
123	46 
124	10 
125	63 
126	96 
127	42 
128	27 
129	50 
130	74 
131	59 
132	20 
133	18 
134	78 
135	3 
136	1 
137	18 
138	15 
139	38 
140	10 
141	95 
142	12 
143	57 
144	18 
145	97 
146	19 
147	15 
148	84 
149	95 
150	25 
151	86 
152	90 
153	40 
154	46 
155	19 
156	6 
157	91 
158	84 
159	34 
160	45 
161	55 
162	14 
163	18 
164	93 
165	3 
166	89 
167	76 
168	1 
169	83 
170	34 
171	54 
172	96 
173	92 
174	87 
175	3 
176	56 
177	22 
178	46 
179	24 
180	16 
181	79 
182	87 
183	71 
184	64 
185	24 
186	77 
187	80 
188	81 
189	20 
190	96 
191	93 
192	48 
193	20 
194	39 
195	42 
196	72 
197	42 
198	40 
199	65 
200	25 
201	57 
202	56 
203	76 
204	7 
205	12 
206	27 
207	72 
208	4 
209	48 
210	63 
211	50 
212	64 
213	45 
214	45 
215	34 
216	5 
217	91 
218	27 
219	83 
220	63 
221	14 
222	56 
223	12 
224	10 
225	69 
226	90 
227	58 
228	23 
229	24 
230	41 
231	26 
232	44 
233	71 
234	90 
235	16 
236	33 
237	93 
238	42 
239	86 
240	73 
241	10 
242	92 
243	9 
244	50 
245	79 
246	94 
247	71 
248	12 
249	76 
250	22 
251	15 
252	97 
253	57 
254	79 
255	56 
256	55 
257	16 
258	71 
259	3 
260	12 
261	65 
262	54 
263	93 
264	60 
265	66 
266	41 
267	79 
268	10 
269	78 
270	63 
271	75 
272	19 
273	56 
274	28 
275	11 
276	62 
277	52 
278	58 
279	13 
280	67 
281	74 
282	53 
283	56 
284	62 
285	74 
286	47 
287	66 
288	9 
289	7 
290	35 
291	70 
292	49 
293	66 
294	54 
295	66 
296	59 
297	48 
298	57 
299	78 
300	91 
301	49 
302	78 
303	43 
304	43 
305	49 
306	18 
307	81 
308	20 
309	64 
310	37 
311	48 
312	12 
313	9 
314	75 
315	29 
316	70 
317	11 
318	12 
319	48 
320	57 
321	57 
322	87 
323	35 
324	58 
325	53 
326	48 
327	27 
328	26 
329	67 
330	7 
331	89 
332	13 
333	27 
334	48 
335	36 
336	56 
337	67 
338	41 
339	3 
340	41 
341	47 
342	7 
343	53 
344	66 
345	93 
346	50 
347	64 
348	59 
349	60 
350	91 
351	69 
352	55 
353	12 
354	92 
355	2 
356	84 
357	76 
358	17 
359	73 
360	64 
361	13 
362	16 
363	96 
364	45 
365	66 
366	96 
367	87 
368	82 
369	64 
370	27 
371	19 
372	70 
373	49 
374	66 
375	19 
376	44 
377	98 
378	85 
379	82 
380	45 
381	83 
382	54 
383	83 
384	79 
385	87 
386	52 
387	76 
388	56 
389	43 
390	88 
391	66 
392	28 
393	73 
394	63 
395	23 
396	19 
397	96 
398	57 
399	54 
400	31 
401	12 
402	10 
403	5 
404	97 
405	84 
406	49 
407	63 
408	51 
409	14 
410	64 
411	42 
412	14 
413	41 
414	1 
415	57 
416	72 
417	64 
418	46 
419	36 
420	54 
421	97 
422	12 
423	65 
424	38 
425	25 
426	38 
427	89 
428	32 
429	84 
430	71 
431	66 
432	7 
433	92 
434	50 
435	14 
436	50 
437	78 
438	48 
439	40 
440	63 
441	74 
442	58 
443	50 
444	23 
445	91 
446	81 
447	65 
448	47 
449	76 
450	66 
451	62 
452	16 
453	79 
454	7 
455	89 
456	40 
457	57 
458	26 
459	66 
460	5 
461	44 
462	34 
463	32 
464	48 
465	24 
466	26 
467	96 
468	44 
469	14 
470	54 
471	29 
472	66 
473	51 
474	11 
475	18 
476	53 
477	30 
478	34 
479	13 
480	71 
481	76 
482	78 
483	89 
484	62 
485	54 
486	90 
487	20 
488	27 
489	66 
490	13 
491	7 
492	10 
493	60 
494	51 
495	78 
496	12 
497	24 
498	40 
499	77 
500	90 
501	56 
502	53 
503	60 
504	79 
505	96 
506	66 
507	51 
508	3 
509	76 
510	48 
511	75 
512	62 
513	41 
514	5 
515	41 
516	91 
517	10 
518	16 
519	31 
520	26 
521	51 
522	74 
523	18 
524	33 
525	43 
526	57 
527	31 
528	19 
529	79 
530	3 
531	29 
532	96 
533	28 
534	41 
535	63 
536	79 
537	85 
538	40 
539	42 
540	89 
541	44 
542	13 
543	60 
544	66 
545	52 
546	66 
547	71 
548	8 
549	10 
550	41 
551	64 
552	6 
553	75 
554	95 
555	90 
556	26 
557	92 
558	1 
559	22 
560	42 
561	16 
562	96 
563	53 
564	51 
565	93 
566	16 
567	5 
568	4 
569	7 
570	24 
571	61 
572	61 
573	51 
574	85 
575	10 
576	98 
577	43 
578	19 
579	56 
580	24 
581	10 
582	62 
583	32 
584	94 
585	58 
586	40 
587	42 
588	10 
589	65 
590	64 
591	28 
592	63 
593	50 
594	63 
595	40 
596	50 
597	19 
598	26 
599	50 
600	5 
601	39 
602	39 
603	80 
604	43 
605	91 
606	3 
607	63 
608	97 
609	63 
610	47 
611	96 
612	6 
613	66 
614	96 
615	40 
616	73 
617	16 
618	56 
619	67 
620	84 
621	89 
622	63 
623	65 
624	96 
625	58 
626	24 
627	53 
628	19 
629	38 
630	89 
631	61 
632	39 
633	29 
634	22 
635	71 
636	11 
637	95 
638	77 
639	22 
640	27 
641	82 
642	40 
643	65 
644	16 
645	20 
646	3 
647	73 
648	8 
649	71 
650	78 
651	79 
652	11 
653	4 
654	79 
655	56 
656	69 
657	54 
658	49 
659	4 
660	60 
661	53 
662	10 
663	31 
664	34 
665	69 
666	79 
667	45 
668	60 
669	83 
670	10 
671	9 
672	21 
673	65 
674	96 
675	1 
676	15 
677	65 
678	27 
679	31 
680	12 
681	29 
682	56 
683	48 
684	76 
685	27 
686	54 
687	47 
688	47 
689	41 
690	28 
691	6 
692	9 
693	18 
694	18 
695	70 
696	58 
697	40 
698	39 
699	65 
700	49 
701	67 
702	22 
703	10 
704	89 
705	73 
706	65 
707	55 
708	38 
709	70 
710	71 
711	94 
712	24 
713	26 
714	24 
715	19 
716	27 
717	18 
718	24 
719	67 
720	41 
721	38 
722	88 
723	53 
724	30 
725	8 
726	53 
727	1 
728	41 
729	15 
730	48 
731	63 
732	53 
733	53 
734	32 
735	22 
736	63 
737	19 
738	64 
739	92 
740	79 
741	57 
742	55 
743	11 
744	13 
745	48 
746	56 
747	85 
748	11 
749	71 
750	32 
751	34 
752	19 
753	56 
754	73 
755	19 
756	40 
757	53 
758	57 
759	48 
760	28 
761	18 
762	71 
763	76 
764	3 
765	51 
766	53 
767	54 
768	17 
769	55 
770	79 
771	19 
772	29 
773	64 
774	68 
775	80 
776	65 
777	78 
778	95 
779	47 
780	12 
781	57 
782	10 
783	84 
784	24 
785	78 
786	76 
787	91 
788	27 
789	47 
790	15 
791	88 
792	52 
793	45 
794	76 
795	65 
796	89 
797	29 
798	39 
799	29 
800	55 
801	3 
802	27 
803	45 
804	61 
805	30 
806	10 
807	75 
808	41 
809	84 
810	3 
811	98 
812	79 
813	84 
814	71 
815	75 
816	58 
817	26 
818	27 
819	47 
820	42 
821	66 
822	71 
823	56 
824	6 
825	98 
826	17 
827	73 
828	73 
829	75 
830	13 
831	48 
832	32 
833	12 
834	55 
835	43 
836	79 
837	17 
838	38 
839	25 
840	15 
841	34 
842	37 
843	70 
844	62 
845	85 
846	42 
847	92 
848	53 
849	89 
850	50 
851	1 
852	32 
853	91 
854	39 
855	15 
856	91 
857	5 
858	84 
859	89 
860	5 
861	19 
862	50 
863	98 
864	37 
865	40 
866	91 
867	21 
868	27 
869	51 
870	54 
871	42 
872	41 
873	66 
874	24 
875	66 
876	3 
877	79 
878	79 
879	96 
880	50 
881	40 
882	62 
883	11 
884	45 
885	96 
886	51 
887	41 
888	10 
889	36 
890	91 
891	33 
892	2 
893	56 
894	3 
895	2 
896	63 
897	77 
898	31 
899	48 
900	7 
901	63 
902	40 
903	37 
904	48 
905	64 
906	18 
907	10 
908	56 
909	96 
910	79 
911	35 
912	8 
913	21 
914	48 
915	42 
916	98 
917	63 
918	16 
919	34 
920	97 
921	40 
922	41 
923	96 
924	10 
925	80 
926	21 
927	78 
928	43 
929	12 
930	79 
931	52 
932	67 
933	49 
934	78 
935	63 
936	41 
937	4 
938	32 
939	76 
940	34 
941	22 
942	61 
943	73 
944	68 
945	22 
946	22 
947	3 
948	78 
949	71 
950	63 
951	82 
952	12 
953	50 
954	41 
955	93 
956	64 
957	63 
958	94 
959	48 
960	95 
961	27 
962	71 
963	20 
964	29 
965	58 
966	51 
967	49 
968	52 
969	70 
970	70 
971	63 
972	40 
973	75 
974	35 
975	69 
976	89 
977	63 
978	48 
979	57 
980	22 
981	40 
982	65 
983	69 
984	18 
985	64 
986	97 
987	61 
988	51 
989	75 
990	42 
991	64 
992	66 
993	50 
994	48 
995	57 
996	3 
997	26 
998	1 
999	86 
1000	50 
1001	43 
1002	98 
1003	96 
1004	21 
1005	67 
1006	64 
1007	34 
1008	87 
1009	57 
1010	66 
1011	46 
1012	10 
1013	63 
1014	16 
1015	89 
1016	67 
1017	55 
1018	79 
1019	57 
1020	98 
1021	87 
1022	79 
1023	42 
1024	7 
1025	54 
1026	75 
1027	68 
1028	31 
1029	87 
1030	91 
1031	59 
1032	59 
1033	79 
1034	3 
1035	22 
1036	40 
1037	41 
1038	28 
1039	91 
1040	15 
1041	37 
1042	3 
1043	71 
1044	32 
1045	52 
1046	51 
1047	60 
1048	21 
1049	27 
1050	28 
1051	27 
1052	70 
1053	62 
1054	31 
1055	34 
1056	86 
1057	27 
1058	76 
1059	12 
1060	48 
1061	10 
1062	24 
1063	97 
1064	35 
1065	55 
1066	28 
1067	38 
1068	96 
1069	26 
1070	73 
1071	53 
1072	41 
1073	27 
1074	23 
1075	65 
1076	26 
1077	53 
1078	73 
1079	22 
1080	45 
1081	19 
1082	60 
1083	18 
1084	6 
1085	53 
1086	53 
1087	21 
1088	59 
1089	89 
1090	71 
1091	26 
1092	5 
1093	29 
1094	85 
1095	50 
1096	51 
1097	39 
1098	43 
1099	9 
1100	73 
1101	5 
1102	31 
1103	56 
1104	18 
1105	65 
1106	96 
1107	40 
1108	18 
1109	96 
1110	73 
1111	17 
1112	12 
1113	51 
1114	92 
1115	45 
1116	35 
1117	96 
1118	27 
1119	65 
1120	89 
1121	22 
1122	79 
1123	53 
1124	85 
1125	23 
1126	79 
1127	90 
1128	65 
1129	37 
1130	55 
1131	54 
1132	12 
1133	22 
1134	22 
1135	97 
1136	73 
1137	97 
1138	40 
1139	71 
1140	29 
1141	87 
1142	3 
1143	14 
1144	17 
1145	91 
1146	60 
1147	40 
1148	96 
1149	64 
1150	71 
1151	19 
1152	16 
1153	22 
1154	66 
1155	36 
1156	47 
1157	22 
1158	15 
1159	14 
1160	53 
1161	72 
1162	73 
1163	50 
1164	15 
1165	46 
1166	22 
1167	3 
1168	30 
1169	85 
1170	67 
1171	58 
1172	6 
1173	63 
1174	73 
1175	5 
1176	26 
1177	45 
1178	39 
1179	42 
1180	90 
1181	33 
1182	76 
1183	53 
1184	17 
1185	13 
1186	93 
1187	95 
1188	73 
1189	85 
1190	60 
1191	29 
1192	32 
1193	72 
1194	56 
1195	57 
1196	52 
1197	60 
1198	73 
1199	23 
1200	54 
1201	13 
1202	85 
1203	3 
1204	72 
1205	19 
1206	62 
1207	50 
1208	50 
1209	71 
1210	24 
1211	16 
1212	9 
1213	94 
1214	38 
1215	84 
1216	81 
1217	54 
1218	45 
1219	22 
1220	58 
1221	22 
1222	62 
1223	38 
1224	15 
1225	96 
1226	79 
1227	94 
1228	82 
1229	89 
1230	43 
1231	91 
1232	42 
1233	84 
1234	53 
1235	32 
1236	25 
1237	19 
1238	32 
1239	7 
1240	79 
1241	76 
1242	22 
1243	26 
1244	7 
1245	62 
1246	98 
1247	96 
1248	7 
1249	42 
1250	89 
1251	12 
1252	88 
1253	17 
1254	27 
1255	63 
1256	57 
1257	84 
1258	93 
1259	76 
1260	76 
1261	32 
1262	63 
1263	3 
1264	92 
1265	24 
1266	12 
1267	21 
1268	3 
1269	85 
1270	73 
1271	96 
1272	60 
1273	27 
1274	89 
1275	37 
1276	19 
1277	12 
1278	13 
1279	87 
1280	12 
1281	22 
1282	71 
1283	2 
1284	26 
1285	96 
1286	62 
1287	39 
1288	24 
1289	34 
1290	43 
1291	38 
1292	89 
1293	70 
1294	70 
1295	36 
1296	97 
1297	72 
1298	15 
1299	83 
1300	42 
1301	54 
1302	51 
1303	73 
1304	58 
1305	96 
1306	39 
1307	10 
1308	31 
1309	73 
1310	2 
1311	76 
1312	7 
1313	96 
1314	32 
1315	43 
1316	71 
1317	73 
1318	36 
1319	75 
1320	84 
1321	12 
1322	48 
1323	64 
1324	63 
1325	76 
1326	68 
1327	92 
1328	34 
1329	98 
1330	27 
1331	8 
1332	82 
1333	79 
1334	50 
1335	63 
1336	96 
1337	49 
1338	56 
1339	37 
1340	47 
1341	92 
1342	32 
1343	41 
1344	48 
1345	94 
1346	87 
1347	48 
1348	5 
1349	65 
1350	4 
1351	12 
1352	12 
1353	53 
1354	96 
1355	71 
1356	65 
1357	31 
1358	44 
1359	17 
1360	10 
1361	85 
1362	15 
1363	89 
1364	64 
1365	3 
1366	17 
1367	60 
1368	60 
1369	62 
1370	45 
1371	57 
1372	57 
1373	87 
1374	62 
1375	33 
1376	3 
1377	26 
1378	19 
1379	41 
1380	14 
1381	23 
1382	34 
1383	63 
1384	80 
1385	16 
1386	49 
1387	79 
1388	93 
1389	63 
1390	88 
1391	12 
1392	67 
1393	37 
1394	37 
1395	97 
1396	13 
1397	34 
1398	58 
1399	72 
1400	51 
1401	47 
1402	37 
1403	15 
1404	62 
1405	41 
1406	33 
1407	87 
1408	76 
1409	63 
1410	78 
1411	3 
1412	86 
1413	18 
1414	73 
1415	60 
1416	32 
1417	45 
1418	64 
1419	84 
1420	98 
1421	20 
1422	9 
1423	33 
1424	44 
1425	96 
1426	92 
1427	76 
1428	15 
1429	33 
1430	40 
1431	33 
1432	75 
1433	86 
1434	26 
1435	8 
1436	40 
1437	89 
1438	64 
1439	41 
1440	15 
1441	73 
1442	16 
1443	86 
1444	89 
1445	75 
1446	18 
1447	54 
1448	91 
1449	62 
1450	65 
1451	98 
1452	69 
1453	29 
1454	50 
1455	73 
1456	23 
1457	40 
1458	79 
1459	66 
1460	10 
1461	76 
1462	39 
1463	88 
1464	81 
1465	27 
1466	87 
1467	89 
1468	38 
1469	27 
1470	56 
1471	53 
1472	10 
1473	16 
1474	27 
1475	16 
1476	57 
1477	48 
1478	73 
1479	61 
1480	65 
1481	84 
1482	84 
1483	86 
1484	68 
1485	1 
1486	62 
1487	12 
1488	6 
1489	73 
1490	79 
1491	16 
1492	80 
1493	49 
1494	40 
1495	6 
1496	98 
1497	38 
1498	90 
1499	22 
1500	48 
1501	57 
1502	74 
1503	66 
1504	73 
1505	60 
1506	26 
1507	16 
1508	13 
1509	40 
1510	62 
1511	51 
1512	47 
1513	82 
1514	64 
1515	47 
1516	32 
1517	66 
1518	10 
1519	48 
1520	36 
1521	92 
1522	41 
1523	23 
1524	64 
1525	93 
1526	41 
1527	56 
1528	3 
1529	4 
1530	16 
1531	90 
1532	18 
1533	49 
1534	40 
1535	57 
1536	79 
1537	6 
1538	42 
1539	64 
1540	31 
1541	76 
1542	62 
1543	73 
1544	73 
1545	28 
1546	6 
1547	92 
1548	15 
1549	41 
1550	50 
1551	48 
1552	34 
1553	5 
1554	95 
1555	79 
1556	45 
1557	58 
1558	6 
1559	34 
1560	93 
1561	3 
1562	50 
1563	49 
1564	65 
1565	71 
1566	23 
1567	45 
1568	37 
1569	71 
1570	14 
1571	47 
1572	79 
1573	92 
1574	3 
1575	16 
1576	48 
1577	26 
1578	90 
1579	17 
1580	13 
1581	29 
1582	57 
1583	48 
1584	12 
1585	79 
1586	42 
1587	20 
1588	10 
1589	61 
1590	86 
1591	5 
1592	59 
1593	12 
1594	16 
1595	63 
1596	12 
1597	29 
1598	54 
1599	56 
1600	59 
1601	7 
1602	48 
1603	96 
1604	22 
1605	54 
1606	32 
1607	16 
1608	95 
1609	45 
1610	1 
1611	24 
1612	79 
1613	69 
1614	95 
1615	18 
1616	16 
1617	50 
1618	48 
1619	67 
1620	95 
1621	41 
1622	16 
1623	77 
1624	18 
1625	24 
1626	57 
1627	12 
1628	84 
1629	36 
1630	38 
1631	63 
1632	51 
1633	15 
1634	48 
1635	52 
1636	51 
1637	48 
1638	29 
1639	23 
1640	41 
1641	31 
1642	80 
1643	66 
1644	59 
1645	17 
1646	19 
1647	5 
1648	48 
1649	63 
1650	69 
1651	72 
1652	23 
1653	47 
1654	50 
1655	42 
1656	56 
1657	93 
1658	19 
1659	32 
1660	19 
1661	64 
1662	19 
1663	24 
1664	27 
1665	22 
1666	58 
1667	48 
1668	46 
1669	13 
1670	63 
1671	10 
1672	57 
1673	94 
1674	45 
1675	1 
1676	71 
1677	4 
1678	29 
1679	54 
1680	87 
1681	19 
1682	91 
1683	34 
1684	56 
1685	26 
1686	96 
1687	88 
1688	10 
1689	87 
1690	50 
1691	44 
1692	7 
1693	27 
1694	68 
1695	93 
1696	87 
1697	74 
1698	18 
1699	59 
1700	98 
1701	48 
1702	19 
1703	41 
1704	52 
1705	11 
1706	27 
1707	56 
1708	27 
1709	59 
1710	43 
1711	7 
1712	40 
1713	42 
1714	39 
1715	5 
1716	48 
1717	69 
1718	62 
1719	36 
1720	70 
1721	48 
1722	66 
1723	41 
1724	96 
1725	18 
1726	57 
1727	48 
1728	18 
1729	3 
1730	10 
1731	23 
1732	37 
1733	5 
1734	85 
1735	22 
1736	67 
1737	73 
1738	12 
1739	87 
1740	59 
1741	10 
1742	45 
1743	42 
1744	7 
1745	76 
1746	55 
1747	76 
1748	38 
1749	68 
1750	76 
1751	91 
1752	66 
1753	37 
1754	65 
1755	98 
1756	39 
1757	60 
1758	3 
1759	59 
1760	87 
1761	65 
1762	41 
1763	87 
1764	72 
1765	64 
1766	24 
1767	17 
1768	77 
1769	70 
1770	58 
1771	11 
1772	3 
1773	41 
1774	29 
1775	78 
1776	25 
1777	62 
1778	57 
1779	73 
1780	48 
1781	51 
1782	38 
1783	42 
1784	10 
1785	49 
1786	87 
1787	22 
1788	70 
1789	60 
1790	78 
1791	32 
1792	14 
1793	43 
1794	40 
1795	95 
1796	49 
1797	61 
1798	56 
1799	48 
1800	27 
1801	70 
1802	85 
1803	41 
1804	65 
1805	18 
1806	46 
1807	1 
1808	5 
1809	71 
1810	33 
1811	84 
1812	57 
1813	21 
1814	41 
1815	7 
1816	31 
1817	89 
1818	56 
1819	25 
1820	12 
1821	45 
1822	22 
1823	81 
1824	97 
1825	17 
1826	24 
1827	3 
1828	71 
1829	88 
1830	48 
1831	51 
1832	40 
1833	57 
1834	96 
1835	10 
1836	47 
1837	61 
1838	80 
1839	83 
1840	42 
1841	74 
1842	91 
1843	65 
1844	6 
1845	42 
1846	58 
1847	51 
1848	79 
1849	22 
1850	16 
1851	18 
1852	56 
1853	94 
1854	22 
1855	60 
1856	30 
1857	3 
1858	54 
1859	47 
1860	17 
1861	75 
1862	32 
1863	53 
1864	76 
1865	86 
1866	82 
1867	8 
1868	8 
1869	53 
1870	12 
1871	50 
1872	31 
1873	47 
1874	93 
1875	66 
1876	71 
1877	66 
1878	39 
1879	84 
1880	5 
1881	10 
1882	54 
1883	42 
1884	61 
1885	42 
1886	48 
1887	63 
1888	5 
1889	39 
1890	24 
1891	4 
1892	59 
1893	96 
1894	46 
1895	84 
1896	10 
1897	47 
1898	42 
1899	70 
1900	91 
1901	22 
1902	24 
1903	83 
1904	40 
1905	67 
1906	82 
1907	71 
1908	73 
1909	79 
1910	60 
1911	6 
1912	27 
1913	14 
1914	56 
1915	98 
1916	6 
1917	21 
1918	36 
1919	65 
1920	79 
1921	40 
1922	51 
1923	32 
1924	45 
1925	18 
1926	57 
1927	16 
1928	93 
1929	56 
1930	84 
1931	18 
1932	22 
1933	39 
1934	98 
1935	47 
1936	78 
1937	33 
1938	29 
1939	53 
1940	15 
1941	16 
1942	62 
1943	53 
1944	16 
1945	26 
1946	91 
1947	16 
1948	73 
1949	75 
1950	47 
1951	5 
1952	23 
1953	56 
1954	12 
1955	62 
1956	66 
1957	59 
1958	5 
1959	58 
1960	89 
1961	67 
1962	87 
1963	92 
1964	91 
1965	74 
1966	67 
1967	3 
1968	82 
1969	98 
1970	76 
1971	58 
1972	96 
1973	65 
1974	96 
1975	32 
1976	23 
1977	71 
1978	49 
1979	59 
1980	58 
1981	50 
1982	35 
1983	73 
1984	84 
1985	41 
1986	10 
1987	41 
1988	86 
1989	57 
1990	64 
1991	37 
1992	73 
1993	83 
1994	53 
1995	41 
1996	78 
1997	79 
1998	26 
1999	47 
2000	5 
2001	93 
2002	3 
2003	77 
2004	73 
2005	66 
2006	84 
2007	38 
2008	88 
2009	2 
2010	36 
2011	62 
2012	46 
2013	5 
2014	64 
2015	62 
2016	84 
2017	76 
2018	25 
2019	54 
2020	34 
2021	27 
2022	9 
2023	47 
2024	83 
2025	76 
2026	38 
2027	54 
2028	59 
2029	50 
2030	93 
2031	85 
2032	7 
2033	59 
2034	3 
2035	37 
2036	7 
2037	87 
2038	74 
2039	31 
2040	64 
2041	98 
2042	38 
2043	41 
2044	53 
2045	75 
2046	12 
2047	16 
2048	74 
2049	34 
2050	25 
2051	20 
2052	40 
2053	12 
2054	24 
2055	88 
2056	39 
2057	39 
2058	93 
2059	84 
2060	93 
2061	20 
2062	18 
2063	46 
2064	43 
2065	96 
2066	7 
2067	97 
2068	34 
2069	49 
2070	48 
2071	96 
2072	4 
2073	11 
2074	51 
2075	86 
2076	82 
2077	74 
2078	32 
2079	56 
2080	19 
2081	64 
2082	38 
2083	4 
2084	66 
2085	49 
2086	18 
2087	49 
2088	1 
2089	64 
2090	71 
2091	59 
2092	60 
2093	26 
2094	89 
2095	70 
2096	42 
2097	16 
2098	89 
2099	63 
2100	21 
2101	40 
2102	7 
2103	47 
2104	64 
2105	64 
2106	34 
2107	89 
2108	41 
2109	28 
2110	38 
2111	48 
2112	60 
2113	98 
2114	16 
2115	75 
2116	16 
2117	90 
2118	50 
2119	10 
2120	93 
2121	49 
2122	10 
2123	2 
2124	78 
2125	37 
2126	68 
2127	66 
2128	19 
2129	48 
2130	92 
2131	29 
2132	5 
2133	89 
2134	16 
2135	7 
2136	64 
2137	18 
2138	90 
2139	72 
2140	98 
2141	79 
2142	79 
2143	51 
2144	76 
2145	75 
2146	56 
2147	76 
2148	97 
2149	48 
2150	42 
2151	79 
2152	89 
2153	33 
2154	28 
2155	93 
2156	66 
2157	38 
2158	70 
2159	45 
2160	59 
2161	78 
2162	76 
2163	12 
2164	45 
2165	43 
2166	16 
2167	96 
2168	3 
2169	12 
2170	73 
2171	10 
2172	61 
2173	39 
2174	98 
2175	41 
2176	18 
2177	85 
2178	79 
2179	57 
2180	48 
2181	59 
2182	21 
2183	87 
2184	6 
2185	19 
2186	30 
2187	40 
2188	44 
2189	40 
2190	82 
2191	81 
2192	31 
2193	10 
2194	53 
2195	91 
2196	43 
2197	38 
2198	27 
2199	59 
2200	90 
2201	85 
2202	57 
2203	12 
2204	29 
2205	10 
2206	59 
2207	42 
2208	98 
2209	85 
2210	63 
2211	6 
2212	20 
2213	31 
2214	63 
2215	34 
2216	96 
2217	22 
2218	91 
2219	42 
2220	53 
2221	14 
2222	65 
2223	40 
2224	6 
2225	76 
2226	56 
2227	43 
2228	67 
2229	7 
2230	73 
2231	36 
2232	15 
2233	63 
2234	27 
2235	16 
2236	56 
2237	57 
2238	64 
2239	71 
2240	59 
2241	34 
2242	73 
2243	16 
2244	15 
2245	65 
2246	57 
2247	27 
2248	36 
2249	19 
2250	45 
2251	41 
2252	48 
2253	73 
2254	29 
2255	64 
2256	79 
2257	92 
2258	65 
2259	4 
2260	2 
2261	28 
2262	92 
2263	7 
2264	45 
2265	83 
2266	53 
2267	1 
2268	93 
2269	62 
2270	24 
2271	57 
2272	10 
2273	62 
2274	87 
2275	78 
2276	10 
2277	79 
2278	85 
2279	10 
2280	27 
2281	30 
2282	71 
2283	76 
2284	62 
2285	66 
2286	83 
2287	67 
2288	12 
2289	89 
2290	13 
2291	53 
2292	41 
2293	65 
2294	76 
2295	96 
2296	88 
2297	51 
2298	70 
2299	96 
2300	27 
2301	65 
2302	89 
2303	57 
2304	49 
2305	38 
2306	66 
2307	5 
2308	1 
2309	51 
2310	10 
2311	67 
2312	76 
2313	40 
2314	34 
2315	37 
2316	14 
2317	23 
2318	28 
2319	35 
2320	41 
2321	20 
2322	79 
2323	14 
2324	41 
2325	24 
2326	50 
2327	47 
2328	3 
2329	5 
2330	51 
2331	16 
2332	24 
2333	20 
2334	80 
2335	15 
2336	18 
2337	53 
2338	35 
2339	22 
2340	88 
2341	44 
2342	93 
2343	77 
2344	92 
2345	42 
2346	58 
2347	50 
2348	11 
2349	73 
2350	6 
2351	73 
2352	59 
2353	18 
2354	71 
2355	30 
2356	75 
2357	26 
2358	3 
2359	41 
2360	15 
2361	82 
2362	11 
2363	55 
2364	12 
2365	69 
2366	1 
2367	19 
2368	65 
2369	79 
2370	67 
2371	89 
2372	65 
2373	10 
2374	58 
2375	46 
2376	88 
2377	31 
2378	36 
2379	37 
2380	44 
2381	8 
2382	1 
2383	32 
2384	75 
2385	5 
2386	65 
2387	96 
2388	56 
2389	30 
2390	48 
2391	20 
2392	38 
2393	24 
2394	96 
2395	10 
2396	88 
2397	5 
2398	73 
2399	40 
2400	5 
2401	18 
2402	7 
2403	92 
2404	16 
2405	7 
2406	21 
2407	62 
2408	13 
2409	73 
2410	77 
2411	60 
2412	10 
2413	92 
2414	30 
2415	74 
2416	65 
2417	57 
2418	59 
2419	52 
2420	24 
2421	35 
2422	54 
2423	76 
2424	23 
2425	96 
2426	19 
2427	33 
2428	58 
2429	22 
2430	12 
2431	92 
2432	13 
2433	33 
2434	3 
2435	76 
2436	27 
2437	44 
2438	25 
2439	83 
2440	14 
2441	96 
2442	87 
2443	28 
2444	6 
2445	79 
2446	30 
2447	5 
2448	3 
2449	10 
2450	53 
2451	65 
2452	6 
2453	13 
2454	72 
2455	27 
2456	18 
2457	37 
2458	89 
2459	26 
2460	2 
2461	72 
2462	42 
2463	27 
2464	89 
2465	18 
2466	8 
2467	12 
2468	22 
2469	19 
2470	62 
2471	92 
2472	68 
2473	24 
2474	31 
2475	73 
2476	42 
2477	22 
2478	92 
2479	68 
2480	76 
2481	64 
2482	13 
2483	29 
2484	76 
2485	3 
2486	19 
2487	56 
2488	7 
2489	79 
2490	76 
2491	51 
2492	98 
2493	60 
2494	43 
2495	16 
2496	76 
2497	92 
2498	31 
2499	42 
2500	88 
2501	57 
2502	20 
2503	27 
2504	29 
2505	26 
2506	93 
2507	85 
2508	93 
2509	78 
2510	65 
2511	97 
2512	41 
2513	67 
2514	47 
2515	37 
2516	1 
2517	45 
2518	10 
2519	14 
2520	57 
2521	89 
2522	65 
2523	6 
2524	30 
2525	19 
2526	42 
2527	57 
2528	17 
2529	32 
2530	59 
2531	20 
2532	20 
2533	7 
2534	3 
2535	7 
2536	89 
2537	96 
2538	64 
2539	5 
2540	10 
2541	13 
2542	77 
2543	40 
2544	11 
2545	92 
2546	52 
2547	6 
2548	57 
2549	53 
2550	66 
2551	22 
2552	77 
2553	61 
2554	73 
2555	18 
2556	26 
2557	12 
2558	45 
2559	75 
2560	78 
2561	55 
2562	31 
2563	63 
2564	19 
2565	10 
2566	93 
2567	12 
2568	24 
2569	24 
2570	4 
2571	51 
2572	64 
2573	22 
2574	43 
2575	56 
2576	71 
2577	62 
2578	50 
2579	66 
2580	60 
2581	7 
2582	64 
2583	15 
2584	10 
2585	14 
2586	27 
2587	79 
2588	46 
2589	42 
2590	9 
2591	7 
2592	40 
2593	79 
2594	1 
2595	45 
2596	76 
2597	50 
2598	5 
2599	33 
2600	51 
2601	12 
2602	34 
2603	45 
2604	41 
2605	76 
2606	42 
2607	75 
2608	79 
2609	53 
2610	18 
2611	73 
2612	26 
2613	31 
2614	56 
2615	64 
2616	3 
2617	68 
2618	65 
2619	77 
2620	77 
2621	78 
2622	18 
2623	64 
2624	29 
2625	27 
2626	52 
2627	54 
2628	63 
2629	65 
2630	42 
2631	33 
2632	49 
2633	23 
2634	70 
2635	7 
2636	34 
2637	30 
2638	13 
2639	94 
2640	3 
2641	27 
2642	73 
2643	7 
2644	17 
2645	3 
2646	71 
2647	15 
2648	3 
2649	40 
2650	44 
2651	70 
2652	61 
2653	18 
2654	42 
2655	7 
2656	15 
2657	96 
2658	75 
2659	98 
2660	79 
2661	93 
2662	74 
2663	51 
2664	32 
2665	86 
2666	26 
2667	64 
2668	7 
2669	49 
2670	62 
2671	57 
2672	54 
2673	25 
2674	76 
2675	16 
2676	15 
2677	3 
2678	96 
2679	39 
2680	23 
2681	90 
2682	42 
2683	55 
2684	43 
2685	23 
2686	5 
2687	7 
2688	4 
2689	57 
2690	4 
2691	79 
2692	79 
2693	75 
2694	62 
2695	64 
2696	81 
2697	56 
2698	79 
2699	86 
2700	51 
2701	48 
2702	56 
2703	48 
2704	98 
2705	27 
2706	34 
2707	5 
2708	56 
2709	6 
2710	75 
2711	79 
2712	96 
2713	25 
2714	10 
2715	29 
2716	80 
2717	23 
2718	56 
2719	40 
2720	18 
2721	64 
2722	40 
2723	39 
2724	65 
2725	76 
2726	10 
2727	44 
2728	77 
2729	86 
2730	43 
2731	89 
2732	66 
2733	29 
2734	22 
2735	12 
2736	73 
2737	40 
2738	27 
2739	48 
2740	94 
2741	76 
2742	50 
2743	82 
2744	18 
2745	75 
2746	8 
2747	40 
2748	77 
2749	47 
2750	50 
2751	29 
2752	18 
2753	41 
2754	42 
2755	19 
2756	39 
2757	59 
2758	52 
2759	94 
2760	42 
2761	44 
2762	79 
2763	26 
2764	98 
2765	55 
2766	97 
2767	43 
2768	14 
2769	71 
2770	53 
2771	32 
2772	64 
2773	40 
2774	15 
2775	78 
2776	56 
2777	4 
2778	29 
2779	23 
2780	45 
2781	15 
2782	7 
2783	40 
2784	79 
2785	27 
2786	12 
2787	7 
2788	5 
2789	1 
2790	75 
2791	5 
2792	91 
2793	43 
2794	73 
2795	36 
2796	5 
2797	7 
2798	91 
2799	3 
2800	57 
2801	73 
2802	84 
2803	10 
2804	12 
2805	19 
2806	79 
2807	78 
2808	11 
2809	62 
2810	27 
2811	15 
2812	62 
2813	47 
2814	79 
2815	49 
2816	88 
2817	80 
2818	47 
2819	36 
2820	93 
2821	53 
2822	27 
2823	45 
2824	59 
2825	79 
2826	4 
2827	95 
2828	40 
2829	97 
2830	10 
2831	28 
2832	37 
2833	22 
2834	27 
2835	14 
2836	73 
2837	9 
2838	76 
2839	24 
2840	77 
2841	73 
2842	45 
2843	56 
2844	82 
2845	37 
2846	54 
2847	3 
2848	38 
2849	15 
2850	64 
2851	12 
2852	2 
2853	3 
2854	28 
2855	7 
2856	72 
2857	52 
2858	35 
2859	63 
2860	13 
2861	96 
2862	19 
2863	70 
2864	71 
2865	31 
2866	10 
2867	91 
2868	14 
2869	73 
2870	89 
2871	74 
2872	52 
2873	67 
2874	20 
2875	38 
2876	57 
2877	65 
2878	28 
2879	87 
2880	59 
2881	85 
2882	89 
2883	16 
2884	41 
2885	3 
2886	45 
2887	64 
2888	73 
2889	10 
2890	3 
2891	71 
2892	38 
2893	1 
2894	67 
2895	21 
2896	75 
2897	82 
2898	25 
2899	57 
2900	65 
2901	6 
2902	45 
2903	23 
2904	60 
2905	27 
2906	40 
2907	64 
2908	32 
2909	30 
2910	67 
2911	56 
2912	90 
2913	22 
2914	24 
2915	77 
2916	73 
2917	37 
2918	42 
2919	86 
2920	17 
2921	84 
2922	18 
2923	64 
2924	14 
2925	13 
2926	65 
2927	92 
2928	76 
2929	57 
2930	39 
2931	63 
2932	50 
2933	49 
2934	29 
2935	32 
2936	73 
2937	31 
2938	24 
2939	2 
2940	34 
2941	59 
2942	89 
2943	93 
2944	73 
2945	12 
2946	32 
2947	38 
2948	39 
2949	5 
2950	16 
2951	56 
2952	56 
2953	4 
2954	91 
2955	64 
2956	2 
2957	38 
2958	18 
2959	62 
2960	49 
2961	64 
2962	76 
2963	92 
2964	96 
2965	15 
2966	6 
2967	68 
2968	27 
2969	64 
2970	26 
2971	98 
2972	11 
2973	32 
2974	26 
2975	61 
2976	31 
2977	37 
2978	22 
2979	43 
2980	61 
2981	12 
2982	52 
2983	49 
2984	28 
2985	1 
2986	27 
2987	12 
2988	57 
2989	56 
2990	73 
2991	91 
2992	27 
2993	78 
2994	6 
2995	59 
2996	82 
2997	70 
2998	93 
2999	93 
3000	84 
3001	29 
3002	58 
3003	85 
3004	53 
3005	79 
3006	34 
3007	42 
3008	5 
3009	34 
3010	42 
3011	67 
3012	19 
3013	51 
3014	3 
3015	38 
3016	72 
3017	42 
3018	39 
3019	32 
3020	57 
3021	73 
3022	28 
3023	26 
3024	64 
3025	89 
3026	81 
3027	90 
3028	67 
3029	98 
3030	66 
3031	63 
3032	65 
3033	62 
3034	15 
3035	25 
3036	84 
3037	24 
3038	50 
3039	63 
3040	6 
3041	57 
3042	96 
3043	54 
3044	59 
3045	38 
3046	54 
3047	76 
3048	97 
3049	96 
3050	93 
3051	76 
3052	40 
3053	68 
3054	1 
3055	22 
3056	47 
3057	63 
3058	18 
3059	8 
3060	5 
3061	60 
3062	34 
3063	88 
3064	95 
3065	79 
3066	45 
3067	80 
3068	68 
3069	12 
3070	85 
3071	64 
3072	29 
3073	10 
3074	96 
3075	40 
3076	84 
3077	56 
3078	94 
3079	50 
3080	42 
3081	16 
3082	66 
3083	57 
3084	9 
3085	12 
3086	48 
3087	24 
3088	40 
3089	33 
3090	10 
3091	7 
3092	41 
3093	89 
3094	79 
3095	69 
3096	83 
3097	51 
3098	78 
3099	92 
3100	55 
3101	48 
3102	94 
3103	92 
3104	61 
3105	7 
3106	23 
3107	65 
3108	26 
3109	83 
3110	22 
3111	2 
3112	40 
3113	96 
3114	78 
3115	61 
3116	83 
3117	33 
3118	48 
3119	84 
3120	25 
3121	55 
3122	61 
3123	61 
3124	3 
3125	65 
3126	64 
3127	3 
3128	48 
3129	81 
3130	60 
3131	90 
3132	81 
3133	51 
3134	7 
3135	96 
3136	7 
3137	88 
3138	40 
3139	42 
3140	21 
3141	23 
3142	89 
3143	54 
3144	61 
3145	81 
3146	90 
3147	47 
3148	31 
3149	49 
3150	20 
3151	79 
3152	53 
3153	3 
3154	12 
3155	60 
3156	92 
3157	25 
3158	98 
3159	71 
3160	63 
3161	21 
3162	91 
3163	42 
3164	8 
3165	78 
3166	63 
3167	32 
3168	6 
3169	57 
3170	74 
3171	19 
3172	91 
3173	12 
3174	10 
3175	75 
3176	21 
3177	7 
3178	65 
3179	27 
3180	33 
3181	22 
3182	71 
3183	5 
3184	79 
3185	3 
3186	88 
3187	97 
3188	38 
3189	22 
3190	24 
3191	63 
3192	19 
3193	49 
3194	43 
3195	30 
3196	32 
3197	34 
3198	90 
3199	51 
3200	71 
3201	31 
3202	22 
3203	30 
3204	56 
3205	23 
3206	31 
3207	96 
3208	76 
3209	10 
3210	69 
3211	16 
3212	74 
3213	15 
3214	15 
3215	23 
3216	42 
3217	3 
3218	49 
3219	7 
3220	22 
3221	1 
3222	26 
3223	72 
3224	81 
3225	3 
3226	66 
3227	5 
3228	48 
3229	76 
3230	33 
3231	50 
3232	51 
3233	39 
3234	83 
3235	24 
3236	14 
3237	51 
3238	93 
3239	5 
3240	75 
3241	93 
3242	12 
3243	14 
3244	24 
3245	53 
3246	28 
3247	16 
3248	57 
3249	20 
3250	27 
3251	24 
3252	71 
3253	4 
3254	84 
3255	88 
3256	34 
3257	65 
3258	46 
3259	40 
3260	9 
3261	58 
3262	73 
3263	14 
3264	19 
3265	6 
3266	96 
3267	89 
3268	57 
3269	57 
3270	21 
3271	96 
3272	49 
3273	24 
3274	65 
3275	12 
3276	58 
3277	97 
3278	73 
3279	69 
3280	12 
3281	25 
3282	37 
3283	39 
3284	38 
3285	79 
3286	5 
3287	64 
3288	44 
3289	30 
3290	22 
3291	40 
3292	96 
3293	3 
3294	90 
3295	91 
3296	93 
3297	29 
3298	5 
3299	64 
3300	3 
3301	76 
3302	6 
3303	5 
3304	21 
3305	66 
3306	20 
3307	48 
3308	66 
3309	80 
3310	3 
3311	64 
3312	21 
3313	42 
3314	97 
3315	85 
3316	78 
3317	1 
3318	60 
3319	96 
3320	75 
3321	93 
3322	14 
3323	51 
3324	5 
3325	41 
3326	57 
3327	56 
3328	15 
3329	32 
3330	16 
3331	55 
3332	84 
3333	3 
3334	56 
3335	26 
3336	77 
3337	97 
3338	65 
3339	27 
3340	95 
3341	57 
3342	72 
3343	50 
3344	45 
3345	21 
3346	34 
3347	5 
3348	89 
3349	10 
3350	10 
3351	12 
3352	14 
3353	61 
3354	60 
3355	57 
3356	45 
3357	32 
3358	66 
3359	7 
3360	7 
3361	76 
3362	50 
3363	34 
3364	46 
3365	50 
3366	34 
3367	92 
3368	41 
3369	93 
3370	51 
3371	78 
3372	20 
3373	43 
3374	96 
3375	27 
3376	45 
3377	42 
3378	74 
3379	20 
3380	58 
3381	98 
3382	40 
3383	7 
3384	15 
3385	14 
3386	96 
3387	39 
3388	37 
3389	71 
3390	35 
3391	85 
3392	54 
3393	57 
3394	72 
3395	20 
3396	37 
3397	22 
3398	63 
3399	2 
3400	51 
3401	62 
3402	77 
3403	65 
3404	29 
3405	53 
3406	24 
3407	14 
3408	68 
3409	92 
3410	89 
3411	88 
3412	89 
3413	13 
3414	44 
3415	86 
3416	29 
3417	90 
3418	41 
3419	63 
3420	19 
3421	75 
3422	81 
3423	7 
3424	3 
3425	1 
3426	96 
3427	39 
3428	66 
3429	41 
3430	73 
3431	34 
3432	86 
3433	53 
3434	41 
3435	82 
3436	96 
3437	5 
3438	27 
3439	56 
3440	75 
3441	12 
3442	92 
3443	40 
3444	16 
3445	63 
3446	53 
3447	92 
3448	72 
3449	18 
3450	51 
3451	41 
3452	78 
3453	14 
3454	5 
3455	66 
3456	62 
3457	53 
3458	63 
3459	57 
3460	86 
3461	10 
3462	33 
3463	3 
3464	41 
3465	24 
3466	53 
3467	53 
3468	65 
3469	78 
3470	3 
3471	47 
3472	14 
3473	53 
3474	88 
3475	50 
3476	12 
3477	62 
3478	49 
3479	57 
3480	53 
3481	62 
3482	75 
3483	60 
3484	40 
3485	39 
3486	91 
3487	14 
3488	71 
3489	76 
3490	60 
3491	22 
3492	97 
3493	76 
3494	3 
3495	7 
3496	73 
3497	69 
3498	79 
3499	27 
3500	48 
3501	49 
3502	58 
3503	42 
3504	53 
3505	80 
3506	54 
3507	71 
3508	66 
3509	7 
3510	86 
3511	68 
3512	45 
3513	96 
3514	15 
3515	51 
3516	71 
3517	59 
3518	18 
3519	48 
3520	12 
3521	11 
3522	80 
3523	93 
3524	92 
3525	60 
3526	7 
3527	96 
3528	79 
3529	48 
3530	73 
3531	22 
3532	10 
3533	58 
3534	3 
3535	64 
3536	40 
3537	17 
3538	66 
3539	53 
3540	10 
3541	57 
3542	84 
3543	70 
3544	28 
3545	15 
3546	41 
3547	50 
3548	12 
3549	37 
3550	93 
3551	55 
3552	29 
3553	85 
3554	62 
3555	64 
3556	48 
3557	22 
3558	96 
3559	36 
3560	34 
3561	25 
3562	97 
3563	10 
3564	27 
3565	20 
3566	16 
3567	85 
3568	85 
3569	96 
3570	16 
3571	36 
3572	63 
3573	13 
3574	68 
3575	10 
3576	53 
3577	21 
3578	3 
3579	8 
3580	30 
3581	90 
3582	51 
3583	36 
3584	14 
3585	64 
3586	18 
3587	57 
3588	19 
3589	84 
3590	75 
3591	2 
3592	95 
3593	96 
3594	62 
3595	57 
3596	79 
3597	21 
3598	42 
3599	16 
3600	8 
3601	49 
3602	65 
3603	73 
3604	80 
3605	29 
3606	15 
3607	21 
3608	20 
3609	17 
3610	52 
3611	60 
3612	75 
3613	33 
3614	26 
3615	56 
3616	93 
3617	59 
3618	15 
3619	34 
3620	96 
3621	75 
3622	20 
3623	2 
3624	27 
3625	22 
3626	24 
3627	51 
3628	9 
3629	95 
3630	29 
3631	21 
3632	73 
3633	37 
3634	40 
3635	92 
3636	38 
3637	7 
3638	24 
3639	87 
3640	14 
3641	26 
3642	79 
3643	55 
3644	73 
3645	85 
3646	62 
3647	83 
3648	22 
3649	56 
3650	79 
3651	12 
3652	51 
3653	36 
3654	55 
3655	65 
3656	27 
3657	24 
3658	15 
3659	6 
3660	68 
3661	56 
3662	9 
3663	75 
3664	44 
3665	45 
3666	50 
3667	34 
3668	16 
3669	93 
3670	50 
3671	65 
3672	41 
3673	66 
3674	49 
3675	88 
3676	73 
3677	73 
3678	55 
3679	21 
3680	89 
3681	61 
3682	18 
3683	53 
3684	26 
3685	60 
3686	85 
3687	28 
3688	11 
3689	83 
3690	54 
3691	43 
3692	7 
3693	78 
3694	66 
3695	16 
3696	48 
3697	39 
3698	44 
3699	15 
3700	57 
3701	19 
3702	45 
3703	28 
3704	46 
3705	5 
3706	45 
3707	60 
3708	71 
3709	65 
3710	18 
3711	15 
3712	61 
3713	76 
3714	16 
3715	25 
3716	56 
3717	58 
3718	34 
3719	16 
3720	5 
3721	52 
3722	16 
3723	32 
3724	10 
3725	61 
3726	18 
3727	51 
3728	44 
3729	86 
3730	18 
3731	90 
3732	62 
3733	32 
3734	57 
3735	43 
3736	91 
3737	16 
3738	56 
3739	12 
3740	50 
3741	16 
3742	30 
3743	13 
3744	98 
3745	93 
3746	66 
3747	74 
3748	26 
3749	35 
3750	43 
3751	32 
3752	69 
3753	35 
3754	57 
3755	92 
3756	61 
3757	18 
3758	22 
3759	39 
3760	10 
3761	11 
3762	51 
3763	34 
3764	41 
3765	34 
3766	27 
3767	73 
3768	38 
3769	83 
3770	71 
3771	66 
3772	50 
3773	27 
3774	61 
3775	82 
3776	1 
3777	7 
3778	45 
3779	45 
3780	56 
3781	27 
3782	3 
3783	65 
3784	26 
3785	75 
3786	12 
3787	57 
3788	12 
3789	67 
3790	43 
3791	20 
3792	48 
3793	66 
3794	38 
3795	36 
3796	35 
3797	7 
3798	14 
3799	23 
3800	96 
3801	2 
3802	53 
3803	31 
3804	87 
3805	37 
3806	59 
3807	42 
3808	22 
3809	7 
3810	15 
3811	10 
3812	19 
3813	32 
3814	18 
3815	18 
3816	75 
3817	74 
3818	96 
3819	41 
3820	10 
3821	73 
3822	73 
3823	42 
3824	87 
3825	19 
3826	66 
3827	57 
3828	30 
3829	57 
3830	90 
3831	51 
3832	61 
3833	66 
3834	22 
3835	79 
3836	50 
3837	27 
3838	1 
3839	45 
3840	18 
3841	5 
3842	42 
3843	91 
3844	34 
3845	98 
3846	12 
3847	89 
3848	75 
3849	44 
3850	96 
3851	96 
3852	24 
3853	64 
3854	3 
3855	10 
3856	64 
3857	25 
3858	3 
3859	37 
3860	50 
3861	88 
3862	61 
3863	5 
3864	3 
3865	53 
3866	32 
3867	27 
3868	42 
3869	60 
3870	32 
3871	23 
3872	42 
3873	20 
3874	19 
3875	24 
3876	47 
3877	59 
3878	29 
3879	80 
3880	51 
3881	46 
3882	56 
3883	85 
3884	73 
3885	26 
3886	96 
3887	45 
3888	18 
3889	80 
3890	39 
3891	83 
3892	24 
3893	10 
3894	34 
3895	11 
3896	12 
3897	17 
3898	11 
3899	49 
3900	96 
3901	74 
3902	91 
3903	16 
3904	98 
3905	9 
3906	38 
3907	39 
3908	23 
3909	5 
3910	86 
3911	35 
3912	57 
3913	75 
3914	60 
3915	39 
3916	66 
3917	96 
3918	89 
3919	6 
3920	42 
3921	38 
3922	42 
3923	41 
3924	43 
3925	62 
3926	32 
3927	12 
3928	42 
3929	59 
3930	83 
3931	87 
3932	83 
3933	3 
3934	49 
3935	91 
3936	76 
3937	79 
3938	58 
3939	3 
3940	66 
3941	39 
3942	7 
3943	56 
3944	15 
3945	37 
3946	3 
3947	64 
3948	50 
3949	16 
3950	79 
3951	66 
3952	82 
3953	42 
3954	27 
3955	18 
3956	61 
3957	38 
3958	75 
3959	10 
3960	3 
3961	67 
3962	47 
3963	19 
3964	24 
3965	40 
3966	11 
3967	26 
3968	73 
3969	92 
3970	49 
3971	38 
3972	95 
3973	74 
3974	42 
3975	51 
3976	84 
3977	91 
3978	41 
3979	22 
3980	96 
3981	10 
3982	5 
3983	72 
3984	38 
3985	41 
3986	7 
3987	76 
3988	31 
3989	21 
3990	27 
3991	30 
3992	41 
3993	32 
3994	63 
3995	48 
3996	65 
3997	22 
3998	19 
3999	46 
4000	42 
4001	22 
4002	36 
4003	6 
4004	10 
4005	96 
4006	75 
4007	65 
4008	51 
4009	66 
4010	87 
4011	16 
4012	43 
4013	52 
4014	25 
4015	55 
4016	91 
4017	90 
4018	60 
4019	40 
4020	10 
4021	48 
4022	64 
4023	65 
4024	27 
4025	73 
4026	16 
4027	53 
4028	92 
4029	45 
4030	66 
4031	85 
4032	20 
4033	24 
4034	58 
4035	46 
4036	64 
4037	40 
4038	10 
4039	31 
4040	65 
4041	69 
4042	11 
4043	36 
4044	79 
4045	98 
4046	5 
4047	32 
4048	92 
4049	67 
4050	53 
4051	65 
4052	75 
4053	16 
4054	12 
4055	22 
4056	76 
4057	74 
4058	33 
4059	76 
4060	38 
4061	85 
4062	53 
4063	50 
4064	65 
4065	54 
4066	61 
4067	16 
4068	6 
4069	56 
4070	51 
4071	16 
4072	66 
4073	7 
4074	81 
4075	40 
4076	1 
4077	22 
4078	48 
4079	42 
4080	17 
4081	39 
4082	16 
4083	10 
4084	32 
4085	51 
4086	65 
4087	66 
4088	7 
4089	89 
4090	71 
4091	51 
4092	16 
4093	22 
4094	40 
4095	43 
4096	4 
4097	30 
4098	37 
4099	87 
4100	96 
4101	51 
4102	24 
4103	48 
4104	1 
4105	41 
4106	37 
4107	7 
4108	36 
4109	22 
4110	73 
4111	75 
4112	93 
4113	15 
4114	32 
4115	40 
4116	40 
4117	52 
4118	92 
4119	30 
4120	37 
4121	37 
4122	7 
4123	7 
4124	58 
4125	50 
4126	3 
4127	88 
4128	57 
4129	48 
4130	88 
4131	57 
4132	70 
4133	34 
4134	13 
4135	27 
4136	79 
4137	63 
4138	48 
4139	73 
4140	42 
4141	21 
4142	18 
4143	16 
4144	53 
4145	15 
4146	40 
4147	32 
4148	78 
4149	19 
4150	89 
4151	31 
4152	51 
4153	18 
4154	75 
4155	90 
4156	45 
4157	43 
4158	82 
4159	26 
4160	89 
4161	66 
4162	68 
4163	52 
4164	10 
4165	51 
4166	33 
4167	50 
4168	4 
4169	83 
4170	48 
4171	19 
4172	75 
4173	69 
4174	40 
4175	32 
4176	71 
4177	11 
4178	27 
4179	10 
4180	76 
4181	3 
4182	1 
4183	76 
4184	71 
4185	81 
4186	20 
4187	32 
4188	18 
4189	19 
4190	92 
4191	96 
4192	29 
4193	27 
4194	58 
4195	92 
4196	82 
4197	18 
4198	47 
4199	96 
4200	51 
4201	65 
4202	16 
4203	24 
4204	91 
4205	24 
4206	96 
4207	45 
4208	92 
4209	84 
4210	57 
4211	11 
4212	49 
4213	92 
4214	7 
4215	94 
4216	84 
4217	18 
4218	7 
4219	92 
4220	94 
4221	30 
4222	50 
4223	93 
4224	69 
4225	12 
4226	66 
4227	3 
4228	22 
4229	47 
4230	41 
4231	65 
4232	53 
4233	47 
4234	76 
4235	39 
4236	21 
4237	76 
4238	53 
4239	40 
4240	40 
4241	76 
4242	65 
4243	79 
4244	92 
4245	63 
4246	66 
4247	5 
4248	20 
4249	7 
4250	98 
4251	58 
4252	36 
4253	48 
4254	23 
4255	10 
4256	43 
4257	19 
4258	50 
4259	51 
4260	40 
4261	24 
4262	15 
4263	42 
4264	19 
4265	66 
4266	84 
4267	16 
4268	28 
4269	98 
4270	22 
4271	42 
4272	48 
4273	64 
4274	38 
4275	92 
4276	94 
4277	18 
4278	50 
4279	27 
4280	8 
4281	16 
4282	16 
4283	12 
4284	64 
4285	65 
4286	39 
4287	76 
4288	66 
4289	43 
4290	16 
4291	34 
4292	19 
4293	24 
4294	3 
4295	66 
4296	7 
4297	82 
4298	29 
4299	98 
4300	49 
4301	79 
4302	97 
4303	7 
4304	88 
4305	78 
4306	32 
4307	7 
4308	10 
4309	7 
4310	76 
4311	12 
4312	56 
4313	10 
4314	57 
4315	21 
4316	54 
4317	26 
4318	90 
4319	70 
4320	92 
4321	15 
4322	89 
4323	16 
4324	76 
4325	51 
4326	43 
4327	13 
4328	45 
4329	27 
4330	55 
4331	2 
4332	15 
4333	18 
4334	37 
4335	61 
4336	33 
4337	79 
4338	7 
4339	50 
4340	51 
4341	56 
4342	48 
4343	7 
4344	38 
4345	16 
4346	27 
4347	32 
4348	3 
4349	60 
4350	64 
4351	95 
4352	16 
4353	16 
4354	53 
4355	11 
4356	31 
4357	50 
4358	16 
4359	3 
4360	81 
4361	4 
4362	27 
4363	27 
4364	60 
4365	75 
4366	58 
4367	96 
4368	35 
4369	17 
4370	41 
4371	16 
4372	62 
4373	38 
4374	7 
4375	84 
4376	71 
4377	94 
4378	84 
4379	85 
4380	90 
4381	78 
4382	98 
4383	28 
4384	75 
4385	22 
4386	44 
4387	19 
4388	81 
4389	27 
4390	96 
4391	18 
4392	62 
4393	61 
4394	10 
4395	40 
4396	22 
4397	41 
4398	89 
4399	75 
4400	16 
4401	46 
4402	22 
4403	3 
4404	53 
4405	89 
4406	2 
4407	59 
4408	88 
4409	42 
4410	7 
4411	64 
4412	68 
4413	31 
4414	71 
4415	42 
4416	33 
4417	73 
4418	57 
4419	69 
4420	22 
4421	27 
4422	1 
4423	65 
4424	53 
4425	22 
4426	12 
4427	71 
4428	53 
4429	66 
4430	72 
4431	64 
4432	29 
4433	16 
4434	92 
4435	51 
4436	17 
4437	42 
4438	32 
4439	95 
4440	3 
4441	64 
4442	63 
4443	72 
4444	7 
4445	76 
4446	9 
4447	2 
4448	39 
4449	56 
4450	5 
4451	34 
4452	7 
4453	44 
4454	38 
4455	63 
4456	21 
4457	95 
4458	89 
4459	60 
4460	69 
4461	8 
4462	50 
4463	61 
4464	3 
4465	79 
4466	22 
4467	38 
4468	2 
4469	76 
4470	32 
4471	8 
4472	73 
4473	73 
4474	16 
4475	63 
4476	95 
4477	9 
4478	89 
4479	96 
4480	72 
4481	20 
4482	73 
4483	73 
4484	26 
4485	69 
4486	57 
4487	85 
4488	74 
4489	39 
4490	31 
4491	71 
4492	73 
4493	71 
4494	29 
4495	42 
4496	12 
4497	28 
4498	3 
4499	59 
4500	34 
4501	65 
4502	98 
4503	6 
4504	13 
4505	19 
4506	62 
4507	21 
4508	30 
4509	66 
4510	43 
4511	23 
4512	72 
4513	56 
4514	14 
4515	19 
4516	58 
4517	76 
4518	95 
4519	65 
4520	75 
4521	3 
4522	79 
4523	63 
4524	7 
4525	71 
4526	57 
4527	63 
4528	38 
4529	16 
4530	39 
4531	48 
4532	48 
4533	10 
4534	84 
4535	72 
4536	89 
4537	49 
4538	81 
4539	27 
4540	27 
4541	4 
4542	76 
4543	40 
4544	29 
4545	42 
4546	63 
4547	59 
4548	64 
4549	66 
4550	31 
4551	6 
4552	3 
4553	79 
4554	78 
4555	19 
4556	65 
4557	40 
4558	45 
4559	23 
4560	52 
4561	22 
4562	15 
4563	55 
4564	86 
4565	96 
4566	93 
4567	24 
4568	79 
4569	89 
4570	71 
4571	57 
4572	3 
4573	93 
4574	97 
4575	46 
4576	59 
4577	62 
4578	34 
4579	16 
4580	33 
4581	93 
4582	53 
4583	75 
4584	38 
4585	16 
4586	40 
4587	76 
4588	12 
4589	65 
4590	76 
4591	85 
4592	7 
4593	6 
4594	60 
4595	50 
4596	57 
4597	46 
4598	77 
4599	51 
4600	2 
4601	24 
4602	3 
4603	69 
4604	64 
4605	51 
4606	44 
4607	16 
4608	48 
4609	10 
4610	73 
4611	79 
4612	25 
4613	48 
4614	42 
4615	23 
4616	37 
4617	96 
4618	57 
4619	73 
4620	22 
4621	61 
4622	84 
4623	82 
4624	10 
4625	52 
4626	94 
4627	51 
4628	72 
4629	7 
4630	48 
4631	49 
4632	19 
4633	75 
4634	8 
4635	53 
4636	16 
4637	25 
4638	93 
4639	18 
4640	18 
4641	11 
4642	62 
4643	96 
4644	57 
4645	15 
4646	27 
4647	65 
4648	14 
4649	53 
4650	18 
4651	92 
4652	11 
4653	79 
4654	90 
4655	5 
4656	92 
4657	75 
4658	50 
4659	8 
4660	82 
4661	15 
4662	64 
4663	57 
4664	73 
4665	84 
4666	45 
4667	70 
4668	40 
4669	71 
4670	4 
4671	19 
4672	78 
4673	21 
4674	27 
4675	79 
4676	19 
4677	5 
4678	88 
4679	40 
4680	50 
4681	96 
4682	42 
4683	82 
4684	16 
4685	42 
4686	91 
4687	5 
4688	27 
4689	12 
4690	13 
4691	47 
4692	18 
4693	16 
4694	27 
4695	92 
4696	53 
4697	90 
4698	42 
4699	82 
4700	53 
4701	80 
4702	43 
4703	39 
4704	20 
4705	21 
4706	9 
4707	84 
4708	37 
4709	69 
4710	95 
4711	23 
4712	45 
4713	42 
4714	48 
4715	71 
4716	50 
4717	88 
4718	82 
4719	5 
4720	18 
4721	76 
4722	29 
4723	18 
4724	32 
4725	64 
4726	6 
4727	80 
4728	71 
4729	29 
4730	85 
4731	73 
4732	1 
4733	62 
4734	10 
4735	73 
4736	62 
4737	51 
4738	57 
4739	93 
4740	22 
4741	24 
4742	10 
4743	15 
4744	35 
4745	92 
4746	65 
4747	42 
4748	83 
4749	3 
4750	27 
4751	89 
4752	37 
4753	14 
4754	24 
4755	97 
4756	80 
4757	12 
4758	83 
4759	56 
4760	18 
4761	89 
4762	47 
4763	53 
4764	12 
4765	37 
4766	39 
4767	31 
4768	84 
4769	97 
4770	22 
4771	16 
4772	42 
4773	50 
4774	76 
4775	91 
4776	32 
4777	21 
4778	83 
4779	59 
4780	57 
4781	77 
4782	51 
4783	22 
4784	21 
4785	90 
4786	19 
4787	42 
4788	15 
4789	9 
4790	82 
4791	29 
4792	14 
4793	53 
4794	82 
4795	31 
4796	41 
4797	46 
4798	19 
4799	44 
4800	41 
4801	86 
4802	19 
4803	97 
4804	65 
4805	48 
4806	20 
4807	47 
4808	62 
4809	43 
4810	27 
4811	70 
4812	34 
4813	27 
4814	15 
4815	98 
4816	42 
4817	76 
4818	20 
4819	35 
4820	93 
4821	63 
4822	6 
4823	91 
4824	77 
4825	84 
4826	73 
4827	8 
4828	60 
4829	58 
4830	10 
4831	48 
4832	56 
4833	62 
4834	62 
4835	16 
4836	15 
4837	10 
4838	84 
4839	10 
4840	11 
4841	7 
4842	66 
4843	97 
4844	57 
4845	44 
4846	42 
4847	24 
4848	65 
4849	57 
4850	17 
4851	40 
4852	60 
4853	69 
4854	54 
4855	22 
4856	95 
4857	66 
4858	24 
4859	22 
4860	79 
4861	42 
4862	40 
4863	89 
4864	76 
4865	64 
4866	65 
4867	11 
4868	79 
4869	20 
4870	40 
4871	79 
4872	48 
4873	53 
4874	1 
4875	90 
4876	29 
4877	93 
4878	56 
4879	42 
4880	7 
4881	66 
4882	71 
4883	14 
4884	58 
4885	40 
4886	28 
4887	71 
4888	42 
4889	81 
4890	93 
4891	85 
4892	87 
4893	65 
4894	13 
4895	24 
4896	60 
4897	24 
4898	76 
4899	49 
4900	93 
4901	67 
4902	83 
4903	3 
4904	76 
4905	79 
4906	27 
4907	3 
4908	21 
4909	27 
4910	65 
4911	34 
4912	34 
4913	61 
4914	22 
4915	72 
4916	16 
4917	38 
4918	47 
4919	71 
4920	19 
4921	38 
4922	86 
4923	57 
4924	1 
4925	23 
4926	96 
4927	64 
4928	21 
4929	64 
4930	9 
4931	66 
4932	35 
4933	27 
4934	20 
4935	24 
4936	88 
4937	56 
4938	43 
4939	78 
4940	19 
4941	63 
4942	63 
4943	6 
4944	36 
4945	90 
4946	18 
4947	70 
4948	5 
4949	57 
4950	43 
4951	61 
4952	66 
4953	59 
4954	18 
4955	17 
4956	73 
4957	92 
4958	57 
4959	85 
4960	40 
4961	62 
4962	45 
4963	62 
4964	84 
4965	26 
4966	73 
4967	27 
4968	88 
4969	19 
4970	29 
4971	44 
4972	73 
4973	58 
4974	49 
4975	19 
4976	19 
4977	16 
4978	79 
4979	7 
4980	96 
4981	13 
4982	7 
4983	67 
4984	65 
4985	78 
4986	29 
4987	87 
4988	91 
4989	8 
4990	29 
4991	76 
4992	79 
4993	26 
4994	66 
4995	92 
4996	60 
4997	7 
4998	38 
4999	5 
5000	37 
