1	11 
2	74 
3	89 
4	81 
5	47 
6	27 
7	68 
8	54 
9	19 
10	2 
11	38 
12	7 
13	49 
14	14 
15	88 
16	103 
17	17 
18	3 
19	36 
20	28 
21	21 
22	76 
23	39 
24	38 
25	67 
26	30 
27	16 
28	6 
29	32 
30	77 
31	51 
32	48 
33	86 
34	88 
35	91 
36	13 
37	7 
38	94 
39	30 
40	39 
41	100 
42	54 
43	38 
44	4 
45	49 
46	26 
47	2 
48	35 
49	70 
50	28 
51	35 
52	20 
53	29 
54	56 
55	68 
56	16 
57	9 
58	13 
59	52 
60	3 
61	13 
62	99 
63	103 
64	75 
65	69 
66	85 
67	53 
68	80 
69	74 
70	54 
71	104 
72	94 
73	2 
74	47 
75	92 
76	89 
77	49 
78	25 
79	72 
80	102 
81	51 
82	65 
83	96 
84	65 
85	42 
86	97 
87	45 
88	44 
89	11 
90	36 
91	91 
92	86 
93	99 
94	68 
95	35 
96	52 
97	56 
98	57 
99	87 
100	76 
101	65 
102	40 
103	34 
104	74 
105	67 
106	51 
107	39 
108	80 
109	26 
110	11 
111	77 
112	66 
113	89 
114	74 
115	12 
116	60 
117	74 
118	10 
119	2 
120	81 
121	49 
122	78 
123	66 
124	82 
125	100 
126	10 
127	15 
128	44 
129	74 
130	16 
131	29 
132	30 
133	76 
134	54 
135	5 
136	15 
137	67 
138	86 
139	4 
140	76 
141	21 
142	12 
143	48 
144	97 
145	70 
146	105 
147	87 
148	96 
149	90 
150	30 
151	74 
152	90 
153	58 
154	77 
155	68 
156	39 
157	14 
158	12 
159	103 
160	84 
161	91 
162	44 
163	52 
164	106 
165	41 
166	87 
167	5 
168	61 
169	68 
170	85 
171	13 
172	38 
173	80 
174	53 
175	95 
176	6 
177	45 
178	35 
179	18 
180	47 
181	10 
182	13 
183	39 
184	93 
185	37 
186	28 
187	88 
188	80 
189	30 
190	86 
191	59 
192	22 
193	31 
194	77 
195	32 
196	78 
197	2 
198	11 
199	32 
200	2 
201	6 
202	74 
203	56 
204	48 
205	8 
206	92 
207	90 
208	19 
209	74 
210	80 
211	10 
212	105 
213	34 
214	25 
215	15 
216	25 
217	53 
218	39 
219	64 
220	80 
221	73 
222	34 
223	42 
224	36 
225	31 
226	53 
227	51 
228	62 
229	81 
230	2 
231	15 
232	44 
233	104 
234	102 
235	75 
236	75 
237	47 
238	49 
239	78 
240	47 
241	4 
242	76 
243	39 
244	100 
245	29 
246	49 
247	63 
248	91 
249	72 
250	35 
251	100 
252	16 
253	15 
254	32 
255	10 
256	54 
257	41 
258	32 
259	85 
260	6 
261	53 
262	64 
263	20 
264	71 
265	64 
266	100 
267	106 
268	94 
269	70 
270	82 
271	70 
272	81 
273	42 
274	25 
275	31 
276	8 
277	47 
278	48 
279	11 
280	76 
281	8 
282	103 
283	63 
284	36 
285	2 
286	103 
287	77 
288	28 
289	3 
290	27 
291	90 
292	98 
293	102 
294	92 
295	87 
296	62 
297	40 
298	46 
299	60 
300	99 
301	100 
302	13 
303	30 
304	103 
305	76 
306	64 
307	98 
308	34 
309	100 
310	81 
311	90 
312	60 
313	4 
314	51 
315	53 
316	39 
317	82 
318	8 
319	92 
320	101 
321	32 
322	70 
323	4 
324	12 
325	102 
326	98 
327	102 
328	16 
329	60 
330	100 
331	51 
332	9 
333	11 
334	87 
335	49 
336	47 
337	64 
338	100 
339	14 
340	100 
341	39 
342	75 
343	89 
344	77 
345	30 
346	104 
347	2 
348	60 
349	2 
350	68 
351	74 
352	86 
353	88 
354	67 
355	30 
356	51 
357	76 
358	28 
359	70 
360	105 
361	75 
362	70 
363	38 
364	61 
365	28 
366	38 
367	74 
368	49 
369	87 
370	50 
371	12 
372	80 
373	24 
374	47 
375	5 
376	81 
377	60 
378	44 
379	37 
380	80 
381	8 
382	82 
383	41 
384	78 
385	13 
386	73 
387	69 
388	74 
389	2 
390	4 
391	27 
392	104 
393	82 
394	74 
395	8 
396	32 
397	62 
398	40 
399	14 
400	33 
401	25 
402	33 
403	48 
404	13 
405	65 
406	28 
407	2 
408	6 
409	15 
410	2 
411	15 
412	42 
413	21 
414	99 
415	76 
416	47 
417	59 
418	60 
419	79 
420	38 
421	41 
422	87 
423	31 
424	48 
425	75 
426	47 
427	26 
428	53 
429	78 
430	106 
431	83 
432	53 
433	80 
434	51 
435	74 
436	85 
437	21 
438	51 
439	44 
440	2 
441	4 
442	87 
443	98 
444	14 
445	4 
446	60 
447	78 
448	74 
449	23 
450	102 
451	4 
452	29 
453	104 
454	2 
455	80 
456	29 
457	51 
458	14 
459	9 
460	56 
461	16 
462	53 
463	33 
464	81 
465	40 
466	99 
467	99 
468	39 
469	29 
470	47 
471	47 
472	37 
473	13 
474	16 
475	48 
476	7 
477	85 
478	14 
479	66 
480	38 
481	84 
482	100 
483	98 
484	17 
485	85 
486	32 
487	91 
488	80 
489	3 
490	100 
491	2 
492	76 
493	63 
494	33 
495	36 
496	32 
497	98 
498	84 
499	27 
500	66 
501	82 
502	35 
503	6 
504	6 
505	88 
506	20 
507	55 
508	6 
509	105 
510	4 
511	14 
512	90 
513	20 
514	13 
515	25 
516	57 
517	85 
518	51 
519	13 
520	86 
521	68 
522	57 
523	7 
524	47 
525	100 
526	14 
527	96 
528	35 
529	35 
530	10 
531	14 
532	35 
533	38 
534	12 
535	51 
536	82 
537	33 
538	88 
539	72 
540	85 
541	14 
542	78 
543	87 
544	57 
545	81 
546	11 
547	91 
548	89 
549	84 
550	73 
551	95 
552	65 
553	53 
554	11 
555	38 
556	101 
557	64 
558	3 
559	60 
560	46 
561	99 
562	32 
563	80 
564	60 
565	22 
566	6 
567	64 
568	60 
569	62 
570	47 
571	32 
572	12 
573	69 
574	39 
575	44 
576	100 
577	11 
578	69 
579	71 
580	94 
581	77 
582	70 
583	60 
584	64 
585	42 
586	3 
587	30 
588	85 
589	75 
590	68 
591	59 
592	66 
593	87 
594	75 
595	88 
596	67 
597	2 
598	54 
599	30 
600	54 
601	33 
602	68 
603	72 
604	1 
605	70 
606	100 
607	64 
608	74 
609	10 
610	100 
611	6 
612	16 
613	87 
614	58 
615	60 
616	24 
617	100 
618	67 
619	17 
620	14 
621	34 
622	38 
623	95 
624	60 
625	66 
626	58 
627	12 
628	30 
629	93 
630	32 
631	74 
632	66 
633	21 
634	70 
635	39 
636	60 
637	2 
638	104 
639	46 
640	61 
641	98 
642	71 
643	29 
644	56 
645	9 
646	29 
647	7 
648	81 
649	86 
650	82 
651	92 
652	44 
653	87 
654	16 
655	39 
656	93 
657	21 
658	36 
659	2 
660	37 
661	75 
662	37 
663	69 
664	6 
665	37 
666	75 
667	21 
668	69 
669	30 
670	43 
671	86 
672	7 
673	74 
674	91 
675	87 
676	87 
677	57 
678	66 
679	103 
680	11 
681	82 
682	64 
683	93 
684	72 
685	14 
686	89 
687	25 
688	48 
689	99 
690	91 
691	88 
692	44 
693	28 
694	68 
695	77 
696	29 
697	98 
698	80 
699	53 
700	13 
701	76 
702	96 
703	57 
704	52 
705	23 
706	106 
707	99 
708	43 
709	70 
710	21 
711	64 
712	69 
713	100 
714	13 
715	3 
716	44 
717	70 
718	101 
719	24 
720	92 
721	39 
722	5 
723	16 
724	87 
725	95 
726	51 
727	98 
728	6 
729	63 
730	30 
731	79 
732	99 
733	51 
734	11 
735	25 
736	98 
737	33 
738	16 
739	21 
740	70 
741	95 
742	19 
743	62 
744	18 
745	89 
746	86 
747	93 
748	98 
749	6 
750	35 
751	106 
752	86 
753	84 
754	26 
755	32 
756	53 
757	14 
758	60 
759	98 
760	88 
761	39 
762	51 
763	104 
764	86 
765	37 
766	53 
767	105 
768	102 
769	66 
770	79 
771	100 
772	83 
773	1 
774	55 
775	100 
776	87 
777	87 
778	82 
779	103 
780	84 
781	14 
782	2 
783	32 
784	3 
785	50 
786	62 
787	19 
788	35 
789	89 
790	99 
791	1 
792	6 
793	30 
794	4 
795	49 
796	76 
797	27 
798	55 
799	32 
800	89 
801	35 
802	47 
803	12 
804	36 
805	6 
806	30 
807	16 
808	14 
809	39 
810	81 
811	66 
812	100 
813	75 
814	52 
815	64 
816	46 
817	50 
818	82 
819	85 
820	70 
821	100 
822	21 
823	61 
824	99 
825	29 
826	16 
827	70 
828	92 
829	10 
830	17 
831	54 
832	26 
833	30 
834	37 
835	12 
836	60 
837	12 
838	101 
839	87 
840	1 
841	86 
842	16 
843	60 
844	86 
845	26 
846	28 
847	14 
848	83 
849	65 
850	70 
851	15 
852	72 
853	34 
854	32 
855	35 
856	21 
857	13 
858	44 
859	66 
860	15 
861	14 
862	105 
863	77 
864	15 
865	30 
866	64 
867	60 
868	51 
869	21 
870	80 
871	82 
872	82 
873	32 
874	51 
875	38 
876	24 
877	77 
878	2 
879	2 
880	75 
881	53 
882	51 
883	38 
884	13 
885	60 
886	15 
887	3 
888	82 
889	56 
890	84 
891	77 
892	51 
893	34 
894	39 
895	63 
896	91 
897	100 
898	54 
899	51 
900	37 
901	30 
902	87 
903	54 
904	57 
905	12 
906	97 
907	72 
908	69 
909	87 
910	26 
911	71 
912	26 
913	37 
914	10 
915	51 
916	83 
917	16 
918	75 
919	25 
920	14 
921	2 
922	66 
923	80 
924	60 
925	83 
926	25 
927	88 
928	14 
929	13 
930	85 
931	39 
932	63 
933	5 
934	75 
935	71 
936	91 
937	21 
938	6 
939	87 
940	70 
941	35 
942	69 
943	49 
944	67 
945	36 
946	1 
947	9 
948	15 
949	21 
950	90 
951	38 
952	26 
953	74 
954	70 
955	89 
956	82 
957	20 
958	1 
959	74 
960	61 
961	51 
962	54 
963	39 
964	9 
965	73 
966	87 
967	64 
968	37 
969	53 
970	56 
971	10 
972	36 
973	57 
974	52 
975	60 
976	2 
977	32 
978	6 
979	42 
980	16 
981	24 
982	102 
983	38 
984	77 
985	35 
986	2 
987	1 
988	105 
989	8 
990	62 
991	91 
992	39 
993	60 
994	63 
995	32 
996	96 
997	33 
998	104 
999	56 
1000	82 
1001	2 
1002	35 
1003	32 
1004	53 
1005	46 
1006	14 
1007	80 
1008	37 
1009	2 
1010	17 
1011	63 
1012	72 
1013	44 
1014	13 
1015	1 
1016	92 
1017	21 
1018	76 
1019	105 
1020	60 
1021	9 
1022	53 
1023	90 
1024	8 
1025	101 
1026	49 
1027	100 
1028	51 
1029	16 
1030	98 
1031	59 
1032	21 
1033	30 
1034	30 
1035	64 
1036	70 
1037	80 
1038	42 
1039	68 
1040	29 
1041	40 
1042	99 
1043	37 
1044	55 
1045	67 
1046	95 
1047	105 
1048	20 
1049	54 
1050	103 
1051	32 
1052	14 
1053	35 
1054	45 
1055	68 
1056	32 
1057	21 
1058	82 
1059	15 
1060	67 
1061	12 
1062	91 
1063	74 
1064	103 
1065	53 
1066	86 
1067	74 
1068	60 
1069	101 
1070	16 
1071	7 
1072	92 
1073	74 
1074	60 
1075	87 
1076	4 
1077	8 
1078	70 
1079	54 
1080	82 
1081	82 
1082	73 
1083	97 
1084	13 
1085	27 
1086	78 
1087	99 
1088	30 
1089	65 
1090	81 
1091	11 
1092	3 
1093	36 
1094	94 
1095	89 
1096	77 
1097	53 
1098	35 
1099	96 
1100	66 
1101	76 
1102	60 
1103	72 
1104	36 
1105	37 
1106	88 
1107	96 
1108	100 
1109	28 
1110	37 
1111	1 
1112	5 
1113	52 
1114	35 
1115	74 
1116	16 
1117	60 
1118	87 
1119	16 
1120	99 
1121	80 
1122	63 
1123	99 
1124	34 
1125	13 
1126	87 
1127	67 
1128	63 
1129	34 
1130	25 
1131	58 
1132	40 
1133	91 
1134	94 
1135	79 
1136	35 
1137	84 
1138	42 
1139	2 
1140	41 
1141	69 
1142	94 
1143	62 
1144	23 
1145	47 
1146	9 
1147	83 
1148	74 
1149	34 
1150	65 
1151	96 
1152	66 
1153	6 
1154	74 
1155	30 
1156	58 
1157	38 
1158	88 
1159	11 
1160	34 
1161	49 
1162	101 
1163	21 
1164	49 
1165	67 
1166	75 
1167	46 
1168	85 
1169	76 
1170	57 
1171	88 
1172	82 
1173	48 
1174	30 
1175	6 
1176	14 
1177	39 
1178	55 
1179	90 
1180	80 
1181	49 
1182	10 
1183	79 
1184	69 
1185	52 
1186	85 
1187	75 
1188	49 
1189	56 
1190	35 
1191	78 
1192	10 
1193	72 
1194	93 
1195	52 
1196	28 
1197	68 
1198	22 
1199	99 
1200	74 
1201	100 
1202	10 
1203	8 
1204	58 
1205	58 
1206	53 
1207	74 
1208	5 
1209	34 
1210	82 
1211	14 
1212	16 
1213	91 
1214	10 
1215	33 
1216	70 
1217	3 
1218	14 
1219	106 
1220	83 
1221	44 
1222	54 
1223	66 
1224	20 
1225	21 
1226	11 
1227	54 
1228	13 
1229	60 
1230	26 
1231	97 
1232	61 
1233	48 
1234	12 
1235	104 
1236	6 
1237	102 
1238	28 
1239	57 
1240	68 
1241	95 
1242	29 
1243	42 
1244	100 
1245	80 
1246	84 
1247	35 
1248	22 
1249	87 
1250	104 
1251	101 
1252	72 
1253	21 
1254	40 
1255	56 
1256	1 
1257	3 
1258	34 
1259	34 
1260	103 
1261	105 
1262	26 
1263	87 
1264	75 
1265	87 
1266	51 
1267	61 
1268	39 
1269	40 
1270	32 
1271	102 
1272	47 
1273	101 
1274	54 
1275	29 
1276	15 
1277	3 
1278	11 
1279	51 
1280	2 
1281	51 
1282	74 
1283	21 
1284	68 
1285	18 
1286	14 
1287	106 
1288	47 
1289	105 
1290	37 
1291	96 
1292	63 
1293	92 
1294	42 
1295	22 
1296	55 
1297	14 
1298	37 
1299	6 
1300	90 
1301	103 
1302	49 
1303	80 
1304	74 
1305	9 
1306	20 
1307	97 
1308	6 
1309	66 
1310	81 
1311	98 
1312	72 
1313	59 
1314	21 
1315	106 
1316	17 
1317	92 
1318	102 
1319	32 
1320	41 
1321	32 
1322	3 
1323	39 
1324	50 
1325	84 
1326	101 
1327	44 
1328	22 
1329	100 
1330	26 
1331	13 
1332	99 
1333	63 
1334	55 
1335	57 
1336	39 
1337	104 
1338	85 
1339	64 
1340	60 
1341	64 
1342	31 
1343	54 
1344	27 
1345	30 
1346	40 
1347	32 
1348	16 
1349	35 
1350	86 
1351	64 
1352	64 
1353	64 
1354	25 
1355	51 
1356	75 
1357	79 
1358	64 
1359	98 
1360	41 
1361	35 
1362	9 
1363	14 
1364	4 
1365	78 
1366	54 
1367	59 
1368	51 
1369	49 
1370	35 
1371	14 
1372	71 
1373	35 
1374	75 
1375	35 
1376	60 
1377	103 
1378	39 
1379	92 
1380	78 
1381	18 
1382	64 
1383	32 
1384	38 
1385	30 
1386	53 
1387	72 
1388	72 
1389	95 
1390	100 
1391	98 
1392	59 
1393	7 
1394	76 
1395	104 
1396	32 
1397	82 
1398	68 
1399	82 
1400	13 
1401	5 
1402	70 
1403	82 
1404	62 
1405	99 
1406	41 
1407	60 
1408	84 
1409	11 
1410	103 
1411	82 
1412	99 
1413	98 
1414	88 
1415	82 
1416	10 
1417	105 
1418	27 
1419	23 
1420	2 
1421	61 
1422	34 
1423	99 
1424	19 
1425	72 
1426	42 
1427	82 
1428	86 
1429	79 
1430	68 
1431	91 
1432	10 
1433	74 
1434	20 
1435	26 
1436	68 
1437	95 
1438	6 
1439	83 
1440	21 
1441	66 
1442	74 
1443	12 
1444	87 
1445	51 
1446	4 
1447	35 
1448	10 
1449	57 
1450	62 
1451	20 
1452	3 
1453	87 
1454	48 
1455	82 
1456	45 
1457	24 
1458	90 
1459	59 
1460	16 
1461	64 
1462	21 
1463	1 
1464	104 
1465	103 
1466	104 
1467	30 
1468	10 
1469	5 
1470	29 
1471	24 
1472	50 
1473	10 
1474	86 
1475	39 
1476	82 
1477	60 
1478	95 
1479	70 
1480	18 
1481	70 
1482	95 
1483	87 
1484	16 
1485	68 
1486	48 
1487	68 
1488	36 
1489	87 
1490	50 
1491	35 
1492	21 
1493	31 
1494	45 
1495	7 
1496	54 
1497	103 
1498	106 
1499	32 
1500	1 
1501	70 
1502	46 
1503	67 
1504	11 
1505	60 
1506	75 
1507	72 
1508	31 
1509	6 
1510	49 
1511	99 
1512	62 
1513	99 
1514	94 
1515	59 
1516	82 
1517	80 
1518	11 
1519	63 
1520	49 
1521	99 
1522	25 
1523	25 
1524	89 
1525	98 
1526	63 
1527	72 
1528	21 
1529	100 
1530	10 
1531	93 
1532	54 
1533	91 
1534	82 
1535	60 
1536	82 
1537	89 
1538	42 
1539	38 
1540	88 
1541	73 
1542	35 
1543	9 
1544	40 
1545	75 
1546	96 
1547	15 
1548	11 
1549	90 
1550	49 
1551	6 
1552	105 
1553	84 
1554	42 
1555	95 
1556	75 
1557	1 
1558	105 
1559	55 
1560	21 
1561	33 
1562	5 
1563	83 
1564	69 
1565	67 
1566	27 
1567	84 
1568	18 
1569	76 
1570	103 
1571	70 
1572	64 
1573	60 
1574	76 
1575	6 
1576	102 
1577	27 
1578	6 
1579	32 
1580	93 
1581	49 
1582	61 
1583	97 
1584	100 
1585	6 
1586	27 
1587	61 
1588	13 
1589	6 
1590	101 
1591	63 
1592	14 
1593	91 
1594	20 
1595	64 
1596	3 
1597	29 
1598	102 
1599	55 
1600	33 
1601	48 
1602	51 
1603	13 
1604	30 
1605	10 
1606	10 
1607	38 
1608	89 
1609	64 
1610	5 
1611	21 
1612	23 
1613	57 
1614	92 
1615	82 
1616	42 
1617	70 
1618	84 
1619	96 
1620	2 
1621	51 
1622	24 
1623	99 
1624	93 
1625	45 
1626	44 
1627	35 
1628	33 
1629	61 
1630	66 
1631	13 
1632	68 
1633	74 
1634	63 
1635	94 
1636	13 
1637	2 
1638	63 
1639	95 
1640	36 
1641	21 
1642	39 
1643	53 
1644	10 
1645	13 
1646	7 
1647	99 
1648	60 
1649	69 
1650	5 
1651	75 
1652	56 
1653	35 
1654	71 
1655	7 
1656	60 
1657	2 
1658	30 
1659	95 
1660	38 
1661	91 
1662	70 
1663	37 
1664	99 
1665	99 
1666	35 
1667	51 
1668	94 
1669	51 
1670	37 
1671	76 
1672	75 
1673	76 
1674	61 
1675	5 
1676	78 
1677	72 
1678	105 
1679	53 
1680	73 
1681	25 
1682	13 
1683	1 
1684	102 
1685	86 
1686	57 
1687	21 
1688	14 
1689	103 
1690	88 
1691	80 
1692	47 
1693	99 
1694	66 
1695	66 
1696	4 
1697	98 
1698	95 
1699	42 
1700	79 
1701	49 
1702	26 
1703	38 
1704	38 
1705	80 
1706	10 
1707	69 
1708	64 
1709	44 
1710	75 
1711	14 
1712	54 
1713	85 
1714	43 
1715	105 
1716	90 
1717	34 
1718	94 
1719	69 
1720	75 
1721	87 
1722	18 
1723	53 
1724	53 
1725	5 
1726	90 
1727	36 
1728	93 
1729	89 
1730	90 
1731	24 
1732	59 
1733	22 
1734	102 
1735	70 
1736	29 
1737	105 
1738	55 
1739	82 
1740	82 
1741	45 
1742	80 
1743	36 
1744	33 
1745	87 
1746	34 
1747	105 
1748	49 
1749	64 
1750	81 
1751	76 
1752	103 
1753	5 
1754	31 
1755	9 
1756	70 
1757	100 
1758	13 
1759	35 
1760	60 
1761	43 
1762	63 
1763	60 
1764	100 
1765	38 
1766	60 
1767	40 
1768	35 
1769	33 
1770	51 
1771	14 
1772	71 
1773	56 
1774	3 
1775	1 
1776	68 
1777	18 
1778	64 
1779	87 
1780	74 
1781	44 
1782	15 
1783	31 
1784	1 
1785	35 
1786	33 
1787	35 
1788	72 
1789	91 
1790	62 
1791	1 
1792	61 
1793	66 
1794	91 
1795	88 
1796	51 
1797	76 
1798	20 
1799	16 
1800	39 
1801	60 
1802	50 
1803	23 
1804	4 
1805	75 
1806	77 
1807	48 
1808	61 
1809	75 
1810	105 
1811	31 
1812	35 
1813	10 
1814	90 
1815	21 
1816	18 
1817	26 
1818	91 
1819	49 
1820	93 
1821	3 
1822	14 
1823	88 
1824	33 
1825	75 
1826	84 
1827	89 
1828	68 
1829	25 
1830	39 
1831	68 
1832	74 
1833	72 
1834	70 
1835	80 
1836	80 
1837	19 
1838	78 
1839	2 
1840	98 
1841	6 
1842	44 
1843	6 
1844	69 
1845	95 
1846	70 
1847	80 
1848	60 
1849	54 
1850	16 
1851	29 
1852	2 
1853	36 
1854	98 
1855	76 
1856	95 
1857	80 
1858	21 
1859	75 
1860	4 
1861	85 
1862	82 
1863	55 
1864	39 
1865	56 
1866	96 
1867	75 
1868	62 
1869	103 
1870	82 
1871	79 
1872	53 
1873	60 
1874	25 
1875	64 
1876	93 
1877	87 
1878	52 
1879	65 
1880	19 
1881	74 
1882	51 
1883	98 
1884	19 
1885	98 
1886	74 
1887	33 
1888	57 
1889	100 
1890	57 
1891	51 
1892	27 
1893	102 
1894	1 
1895	51 
1896	100 
1897	38 
1898	59 
1899	73 
1900	1 
1901	5 
1902	87 
1903	58 
1904	74 
1905	98 
1906	96 
1907	23 
1908	93 
1909	15 
1910	38 
1911	12 
1912	74 
1913	62 
1914	106 
1915	38 
1916	82 
1917	40 
1918	6 
1919	46 
1920	46 
1921	13 
1922	91 
1923	62 
1924	76 
1925	35 
1926	98 
1927	54 
1928	39 
1929	95 
1930	49 
1931	41 
1932	80 
1933	28 
1934	87 
1935	39 
1936	62 
1937	63 
1938	49 
1939	53 
1940	91 
1941	63 
1942	60 
1943	89 
1944	25 
1945	101 
1946	14 
1947	19 
1948	66 
1949	53 
1950	76 
1951	53 
1952	87 
1953	61 
1954	81 
1955	51 
1956	94 
1957	3 
1958	74 
1959	10 
1960	17 
1961	96 
1962	102 
1963	105 
1964	86 
1965	28 
1966	42 
1967	10 
1968	49 
1969	82 
1970	82 
1971	39 
1972	46 
1973	87 
1974	56 
1975	67 
1976	59 
1977	49 
1978	57 
1979	98 
1980	99 
1981	36 
1982	32 
1983	99 
1984	42 
1985	80 
1986	34 
1987	82 
1988	102 
1989	79 
1990	74 
1991	91 
1992	68 
1993	104 
1994	16 
1995	60 
1996	39 
1997	75 
1998	17 
1999	95 
2000	34 
2001	58 
2002	99 
2003	36 
2004	35 
2005	20 
2006	26 
2007	101 
2008	29 
2009	44 
2010	58 
2011	91 
2012	59 
2013	70 
2014	84 
2015	30 
2016	72 
2017	42 
2018	5 
2019	14 
2020	92 
2021	86 
2022	54 
2023	64 
2024	74 
2025	103 
2026	16 
2027	12 
2028	38 
2029	100 
2030	88 
2031	97 
2032	40 
2033	74 
2034	39 
2035	1 
2036	32 
2037	9 
2038	15 
2039	95 
2040	96 
2041	1 
2042	60 
2043	53 
2044	32 
2045	83 
2046	87 
2047	65 
2048	96 
2049	21 
2050	39 
2051	80 
2052	82 
2053	77 
2054	83 
2055	20 
2056	48 
2057	63 
2058	76 
2059	78 
2060	52 
2061	8 
2062	42 
2063	26 
2064	1 
2065	14 
2066	25 
2067	90 
2068	48 
2069	35 
2070	60 
2071	92 
2072	59 
2073	16 
2074	19 
2075	57 
2076	45 
2077	49 
2078	12 
2079	43 
2080	21 
2081	102 
2082	63 
2083	75 
2084	95 
2085	22 
2086	64 
2087	97 
2088	80 
2089	31 
2090	8 
2091	29 
2092	93 
2093	68 
2094	57 
2095	75 
2096	100 
2097	66 
2098	88 
2099	102 
2100	87 
2101	60 
2102	60 
2103	37 
2104	86 
2105	82 
2106	94 
2107	6 
2108	35 
2109	62 
2110	49 
2111	77 
2112	6 
2113	80 
2114	92 
2115	47 
2116	74 
2117	21 
2118	78 
2119	2 
2120	56 
2121	92 
2122	72 
2123	10 
2124	49 
2125	75 
2126	25 
2127	47 
2128	83 
2129	18 
2130	35 
2131	39 
2132	34 
2133	42 
2134	61 
2135	82 
2136	105 
2137	68 
2138	17 
2139	98 
2140	103 
2141	18 
2142	96 
2143	100 
2144	86 
2145	64 
2146	96 
2147	80 
2148	3 
2149	100 
2150	100 
2151	7 
2152	94 
2153	87 
2154	51 
2155	17 
2156	74 
2157	56 
2158	70 
2159	47 
2160	10 
2161	87 
2162	39 
2163	106 
2164	75 
2165	39 
2166	87 
2167	90 
2168	83 
2169	56 
2170	48 
2171	2 
2172	78 
2173	49 
2174	52 
2175	60 
2176	36 
2177	100 
2178	34 
2179	98 
2180	37 
2181	31 
2182	32 
2183	23 
2184	36 
2185	14 
2186	105 
2187	89 
2188	63 
2189	43 
2190	72 
2191	14 
2192	33 
2193	7 
2194	62 
2195	47 
2196	73 
2197	32 
2198	25 
2199	10 
2200	82 
2201	35 
2202	46 
2203	87 
2204	35 
2205	37 
2206	106 
2207	73 
2208	104 
2209	74 
2210	18 
2211	1 
2212	70 
2213	46 
2214	68 
2215	11 
2216	27 
2217	37 
2218	57 
2219	82 
2220	9 
2221	89 
2222	14 
2223	24 
2224	68 
2225	81 
2226	67 
2227	30 
2228	61 
2229	34 
2230	6 
2231	7 
2232	48 
2233	74 
2234	48 
2235	85 
2236	66 
2237	18 
2238	65 
2239	63 
2240	16 
2241	87 
2242	16 
2243	35 
2244	6 
2245	54 
2246	75 
2247	67 
2248	49 
2249	10 
2250	9 
2251	105 
2252	82 
2253	85 
2254	36 
2255	46 
2256	9 
2257	47 
2258	58 
2259	94 
2260	9 
2261	38 
2262	23 
2263	38 
2264	49 
2265	14 
2266	73 
2267	87 
2268	98 
2269	76 
2270	57 
2271	2 
2272	36 
2273	44 
2274	4 
2275	48 
2276	10 
2277	63 
2278	71 
2279	89 
2280	53 
2281	29 
2282	65 
2283	80 
2284	30 
2285	49 
2286	35 
2287	14 
2288	3 
2289	79 
2290	99 
2291	30 
2292	67 
2293	29 
2294	76 
2295	91 
2296	89 
2297	76 
2298	8 
2299	87 
2300	86 
2301	40 
2302	73 
2303	42 
2304	25 
2305	10 
2306	63 
2307	85 
2308	53 
2309	29 
2310	24 
2311	12 
2312	18 
2313	92 
2314	44 
2315	89 
2316	2 
2317	79 
2318	106 
2319	56 
2320	60 
2321	92 
2322	54 
2323	8 
2324	12 
2325	47 
2326	71 
2327	5 
2328	30 
2329	9 
2330	53 
2331	95 
2332	45 
2333	32 
2334	44 
2335	80 
2336	1 
2337	66 
2338	101 
2339	32 
2340	90 
2341	47 
2342	74 
2343	102 
2344	49 
2345	47 
2346	103 
2347	21 
2348	38 
2349	16 
2350	45 
2351	18 
2352	18 
2353	21 
2354	80 
2355	2 
2356	14 
2357	29 
2358	6 
2359	66 
2360	9 
2361	80 
2362	89 
2363	1 
2364	42 
2365	60 
2366	8 
2367	75 
2368	3 
2369	16 
2370	2 
2371	5 
2372	91 
2373	50 
2374	58 
2375	19 
2376	72 
2377	68 
2378	80 
2379	32 
2380	51 
2381	100 
2382	1 
2383	37 
2384	14 
2385	64 
2386	63 
2387	5 
2388	83 
2389	64 
2390	2 
2391	43 
2392	80 
2393	100 
2394	6 
2395	8 
2396	66 
2397	36 
2398	100 
2399	60 
2400	82 
2401	27 
2402	103 
2403	42 
2404	35 
2405	74 
2406	85 
2407	6 
2408	82 
2409	32 
2410	79 
2411	19 
2412	106 
2413	46 
2414	39 
2415	45 
2416	64 
2417	45 
2418	87 
2419	98 
2420	18 
2421	48 
2422	92 
2423	98 
2424	18 
2425	10 
2426	4 
2427	80 
2428	78 
2429	89 
2430	25 
2431	28 
2432	75 
2433	98 
2434	48 
2435	25 
2436	54 
2437	64 
2438	104 
2439	66 
2440	4 
2441	10 
2442	82 
2443	57 
2444	32 
2445	105 
2446	18 
2447	20 
2448	67 
2449	42 
2450	72 
2451	46 
2452	34 
2453	54 
2454	26 
2455	81 
2456	53 
2457	80 
2458	25 
2459	76 
2460	32 
2461	30 
2462	46 
2463	14 
2464	63 
2465	66 
2466	10 
2467	3 
2468	74 
2469	4 
2470	54 
2471	16 
2472	16 
2473	45 
2474	29 
2475	45 
2476	21 
2477	36 
2478	39 
2479	48 
2480	39 
2481	64 
2482	48 
2483	64 
2484	50 
2485	14 
2486	94 
2487	71 
2488	49 
2489	3 
2490	87 
2491	49 
2492	11 
2493	79 
2494	72 
2495	86 
2496	49 
2497	49 
2498	37 
2499	95 
2500	67 
2501	77 
2502	41 
2503	76 
2504	82 
2505	73 
2506	37 
2507	88 
2508	25 
2509	87 
2510	97 
2511	25 
2512	30 
2513	49 
2514	33 
2515	80 
2516	13 
2517	14 
2518	103 
2519	105 
2520	10 
2521	47 
2522	62 
2523	63 
2524	75 
2525	106 
2526	75 
2527	88 
2528	20 
2529	106 
2530	51 
2531	45 
2532	98 
2533	76 
2534	10 
2535	86 
2536	72 
2537	75 
2538	89 
2539	75 
2540	37 
2541	95 
2542	35 
2543	54 
2544	82 
2545	6 
2546	38 
2547	35 
2548	64 
2549	39 
2550	74 
2551	49 
2552	35 
2553	29 
2554	40 
2555	41 
2556	46 
2557	28 
2558	75 
2559	61 
2560	23 
2561	10 
2562	32 
2563	18 
2564	106 
2565	4 
2566	71 
2567	3 
2568	57 
2569	87 
2570	85 
2571	80 
2572	41 
2573	103 
2574	92 
2575	3 
2576	93 
2577	38 
2578	96 
2579	25 
2580	101 
2581	1 
2582	42 
2583	100 
2584	98 
2585	58 
2586	10 
2587	10 
2588	66 
2589	102 
2590	65 
2591	105 
2592	1 
2593	67 
2594	3 
2595	5 
2596	79 
2597	86 
2598	86 
2599	74 
2600	39 
2601	76 
2602	90 
2603	15 
2604	80 
2605	61 
2606	66 
2607	74 
2608	39 
2609	80 
2610	29 
2611	42 
2612	13 
2613	29 
2614	100 
2615	17 
2616	64 
2617	31 
2618	22 
2619	66 
2620	32 
2621	42 
2622	66 
2623	48 
2624	3 
2625	63 
2626	42 
2627	87 
2628	60 
2629	38 
2630	63 
2631	86 
2632	90 
2633	98 
2634	21 
2635	70 
2636	21 
2637	101 
2638	32 
2639	99 
2640	70 
2641	76 
2642	35 
2643	46 
2644	86 
2645	63 
2646	29 
2647	25 
2648	74 
2649	74 
2650	27 
2651	22 
2652	72 
2653	30 
2654	86 
2655	58 
2656	87 
2657	47 
2658	54 
2659	80 
2660	34 
2661	32 
2662	64 
2663	6 
2664	91 
2665	66 
2666	68 
2667	70 
2668	46 
2669	24 
2670	75 
2671	3 
2672	26 
2673	96 
2674	80 
2675	51 
2676	34 
2677	36 
2678	44 
2679	87 
2680	89 
2681	99 
2682	71 
2683	80 
2684	10 
2685	10 
2686	46 
2687	93 
2688	86 
2689	46 
2690	64 
2691	72 
2692	34 
2693	42 
2694	33 
2695	63 
2696	6 
2697	60 
2698	10 
2699	87 
2700	74 
2701	17 
2702	43 
2703	11 
2704	30 
2705	47 
2706	63 
2707	14 
2708	3 
2709	39 
2710	5 
2711	70 
2712	37 
2713	14 
2714	104 
2715	6 
2716	34 
2717	16 
2718	91 
2719	82 
2720	55 
2721	37 
2722	101 
2723	38 
2724	23 
2725	37 
2726	74 
2727	90 
2728	69 
2729	60 
2730	85 
2731	75 
2732	48 
2733	3 
2734	81 
2735	34 
2736	36 
2737	96 
2738	71 
2739	72 
2740	88 
2741	2 
2742	9 
2743	84 
2744	70 
2745	39 
2746	80 
2747	89 
2748	54 
2749	82 
2750	74 
2751	25 
2752	39 
2753	87 
2754	46 
2755	54 
2756	30 
2757	85 
2758	4 
2759	85 
2760	26 
2761	47 
2762	5 
2763	2 
2764	102 
2765	92 
2766	64 
2767	53 
2768	88 
2769	26 
2770	63 
2771	50 
2772	26 
2773	44 
2774	74 
2775	93 
2776	91 
2777	3 
2778	2 
2779	87 
2780	60 
2781	20 
2782	34 
2783	66 
2784	53 
2785	10 
2786	80 
2787	95 
2788	80 
2789	103 
2790	94 
2791	21 
2792	29 
2793	59 
2794	58 
2795	18 
2796	13 
2797	86 
2798	8 
2799	72 
2800	20 
2801	75 
2802	4 
2803	24 
2804	9 
2805	10 
2806	35 
2807	53 
2808	22 
2809	105 
2810	88 
2811	63 
2812	52 
2813	50 
2814	31 
2815	74 
2816	91 
2817	105 
2818	84 
2819	47 
2820	46 
2821	51 
2822	86 
2823	83 
2824	29 
2825	62 
2826	46 
2827	31 
2828	103 
2829	88 
2830	42 
2831	94 
2832	54 
2833	52 
2834	37 
2835	67 
2836	70 
2837	31 
2838	50 
2839	26 
2840	32 
2841	73 
2842	39 
2843	51 
2844	94 
2845	22 
2846	26 
2847	101 
2848	59 
2849	74 
2850	3 
2851	64 
2852	30 
2853	46 
2854	57 
2855	14 
2856	76 
2857	98 
2858	53 
2859	94 
2860	74 
2861	76 
2862	75 
2863	42 
2864	13 
2865	77 
2866	98 
2867	96 
2868	61 
2869	83 
2870	30 
2871	67 
2872	65 
2873	2 
2874	16 
2875	75 
2876	52 
2877	35 
2878	105 
2879	22 
2880	75 
2881	74 
2882	12 
2883	90 
2884	80 
2885	1 
2886	53 
2887	47 
2888	63 
2889	29 
2890	14 
2891	88 
2892	47 
2893	39 
2894	87 
2895	88 
2896	24 
2897	69 
2898	9 
2899	51 
2900	80 
2901	30 
2902	51 
2903	2 
2904	36 
2905	102 
2906	87 
2907	77 
2908	64 
2909	11 
2910	14 
2911	34 
2912	14 
2913	66 
2914	87 
2915	8 
2916	54 
2917	47 
2918	99 
2919	82 
2920	5 
2921	90 
2922	1 
2923	91 
2924	9 
2925	35 
2926	64 
2927	75 
2928	91 
2929	14 
2930	15 
2931	61 
2932	86 
2933	63 
2934	106 
2935	52 
2936	27 
2937	16 
2938	50 
2939	38 
2940	49 
2941	53 
2942	62 
2943	28 
2944	1 
2945	39 
2946	104 
2947	39 
2948	99 
2949	99 
2950	39 
2951	69 
2952	87 
2953	46 
2954	14 
2955	53 
2956	50 
2957	32 
2958	47 
2959	105 
2960	81 
2961	75 
2962	11 
2963	6 
2964	75 
2965	32 
2966	67 
2967	10 
2968	30 
2969	62 
2970	99 
2971	5 
2972	35 
2973	2 
2974	47 
2975	56 
2976	49 
2977	83 
2978	83 
2979	32 
2980	56 
2981	65 
2982	52 
2983	7 
2984	63 
2985	30 
2986	39 
2987	56 
2988	57 
2989	41 
2990	63 
2991	49 
2992	26 
2993	89 
2994	37 
2995	71 
2996	88 
2997	32 
2998	75 
2999	81 
3000	90 
3001	41 
3002	101 
3003	81 
3004	7 
3005	90 
3006	86 
3007	96 
3008	37 
3009	29 
3010	68 
3011	4 
3012	32 
3013	26 
3014	9 
3015	81 
3016	64 
3017	57 
3018	57 
3019	41 
3020	99 
3021	57 
3022	49 
3023	8 
3024	3 
3025	58 
3026	2 
3027	76 
3028	32 
3029	29 
3030	35 
3031	39 
3032	95 
3033	24 
3034	98 
3035	38 
3036	26 
3037	53 
3038	21 
3039	54 
3040	78 
3041	78 
3042	8 
3043	37 
3044	51 
3045	25 
3046	56 
3047	102 
3048	25 
3049	42 
3050	84 
3051	48 
3052	71 
3053	40 
3054	97 
3055	79 
3056	2 
3057	47 
3058	100 
3059	60 
3060	68 
3061	2 
3062	3 
3063	105 
3064	100 
3065	46 
3066	90 
3067	32 
3068	88 
3069	26 
3070	4 
3071	34 
3072	32 
3073	4 
3074	28 
3075	29 
3076	39 
3077	14 
3078	33 
3079	34 
3080	11 
3081	98 
3082	20 
3083	88 
3084	37 
3085	55 
3086	1 
3087	70 
3088	105 
3089	2 
3090	103 
3091	101 
3092	19 
3093	68 
3094	80 
3095	27 
3096	20 
3097	91 
3098	60 
3099	52 
3100	100 
3101	39 
3102	25 
3103	75 
3104	100 
3105	56 
3106	87 
3107	98 
3108	70 
3109	56 
3110	35 
3111	58 
3112	86 
3113	46 
3114	91 
3115	35 
3116	60 
3117	70 
3118	48 
3119	9 
3120	9 
3121	45 
3122	82 
3123	50 
3124	55 
3125	60 
3126	63 
3127	84 
3128	47 
3129	35 
3130	42 
3131	98 
3132	85 
3133	74 
3134	26 
3135	34 
3136	24 
3137	54 
3138	25 
3139	2 
3140	10 
3141	39 
3142	89 
3143	16 
3144	82 
3145	8 
3146	16 
3147	77 
3148	54 
3149	6 
3150	47 
3151	32 
3152	79 
3153	103 
3154	37 
3155	8 
3156	70 
3157	11 
3158	49 
3159	82 
3160	1 
3161	10 
3162	74 
3163	87 
3164	63 
3165	10 
3166	88 
3167	19 
3168	71 
3169	82 
3170	75 
3171	55 
3172	11 
3173	35 
3174	70 
3175	78 
3176	87 
3177	82 
3178	84 
3179	2 
3180	51 
3181	38 
3182	73 
3183	80 
3184	26 
3185	100 
3186	80 
3187	51 
3188	2 
3189	25 
3190	84 
3191	63 
3192	50 
3193	70 
3194	105 
3195	32 
3196	1 
3197	3 
3198	101 
3199	1 
3200	60 
3201	21 
3202	99 
3203	28 
3204	2 
3205	74 
3206	62 
3207	69 
3208	88 
3209	100 
3210	68 
3211	25 
3212	31 
3213	39 
3214	80 
3215	57 
3216	4 
3217	12 
3218	98 
3219	78 
3220	2 
3221	12 
3222	14 
3223	39 
3224	78 
3225	64 
3226	44 
3227	80 
3228	106 
3229	84 
3230	51 
3231	2 
3232	43 
3233	20 
3234	80 
3235	85 
3236	8 
3237	7 
3238	13 
3239	69 
3240	59 
3241	39 
3242	43 
3243	6 
3244	21 
3245	49 
3246	47 
3247	3 
3248	21 
3249	76 
3250	95 
3251	69 
3252	76 
3253	68 
3254	12 
3255	49 
3256	8 
3257	86 
3258	65 
3259	47 
3260	72 
3261	5 
3262	74 
3263	95 
3264	16 
3265	25 
3266	68 
3267	13 
3268	26 
3269	50 
3270	43 
3271	72 
3272	4 
3273	95 
3274	8 
3275	39 
3276	6 
3277	32 
3278	51 
3279	74 
3280	80 
3281	102 
3282	9 
3283	61 
3284	3 
3285	51 
3286	66 
3287	10 
3288	52 
3289	51 
3290	10 
3291	86 
3292	68 
3293	75 
3294	44 
3295	60 
3296	7 
3297	63 
3298	19 
3299	11 
3300	53 
3301	25 
3302	64 
3303	25 
3304	57 
3305	16 
3306	82 
3307	68 
3308	10 
3309	21 
3310	56 
3311	67 
3312	76 
3313	21 
3314	84 
3315	71 
3316	56 
3317	27 
3318	68 
3319	106 
3320	57 
3321	35 
3322	49 
3323	25 
3324	51 
3325	53 
3326	54 
3327	26 
3328	99 
3329	68 
3330	10 
3331	2 
3332	22 
3333	38 
3334	60 
3335	18 
3336	85 
3337	99 
3338	43 
3339	32 
3340	48 
3341	96 
3342	1 
3343	87 
3344	36 
3345	98 
3346	87 
3347	80 
3348	100 
3349	66 
3350	41 
3351	66 
3352	39 
3353	89 
3354	98 
3355	28 
3356	68 
3357	103 
3358	57 
3359	89 
3360	38 
3361	2 
3362	105 
3363	100 
3364	69 
3365	53 
3366	33 
3367	99 
3368	54 
3369	93 
3370	3 
3371	89 
3372	68 
3373	45 
3374	98 
3375	30 
3376	26 
3377	82 
3378	69 
3379	51 
3380	14 
3381	90 
3382	10 
3383	83 
3384	44 
3385	36 
3386	101 
3387	75 
3388	48 
3389	88 
3390	50 
3391	32 
3392	47 
3393	79 
3394	87 
3395	35 
3396	80 
3397	24 
3398	38 
3399	29 
3400	14 
3401	64 
3402	88 
3403	68 
3404	32 
3405	18 
3406	98 
3407	15 
3408	71 
3409	51 
3410	48 
3411	95 
3412	80 
3413	18 
3414	37 
3415	75 
3416	74 
3417	40 
3418	82 
3419	53 
3420	36 
3421	25 
3422	102 
3423	58 
3424	101 
3425	82 
3426	70 
3427	9 
3428	35 
3429	64 
3430	14 
3431	86 
3432	10 
3433	86 
3434	57 
3435	83 
3436	95 
3437	35 
3438	32 
3439	14 
3440	71 
3441	72 
3442	74 
3443	71 
3444	39 
3445	73 
3446	31 
3447	9 
3448	38 
3449	96 
3450	64 
3451	52 
3452	29 
3453	14 
3454	81 
3455	2 
3456	5 
3457	30 
3458	100 
3459	16 
3460	6 
3461	9 
3462	60 
3463	38 
3464	104 
3465	11 
3466	66 
3467	65 
3468	82 
3469	87 
3470	79 
3471	53 
3472	23 
3473	25 
3474	54 
3475	5 
3476	21 
3477	1 
3478	106 
3479	56 
3480	49 
3481	26 
3482	80 
3483	1 
3484	89 
3485	99 
3486	16 
3487	51 
3488	2 
3489	88 
3490	33 
3491	60 
3492	64 
3493	86 
3494	14 
3495	41 
3496	54 
3497	81 
3498	86 
3499	15 
3500	75 
3501	18 
3502	77 
3503	29 
3504	86 
3505	47 
3506	35 
3507	89 
3508	51 
3509	93 
3510	60 
3511	74 
3512	61 
3513	28 
3514	14 
3515	63 
3516	21 
3517	49 
3518	86 
3519	74 
3520	54 
3521	53 
3522	46 
3523	94 
3524	99 
3525	9 
3526	73 
3527	77 
3528	70 
3529	106 
3530	91 
3531	95 
3532	56 
3533	55 
3534	1 
3535	95 
3536	55 
3537	50 
3538	61 
3539	30 
3540	22 
3541	43 
3542	104 
3543	75 
3544	73 
3545	67 
3546	74 
3547	96 
3548	102 
3549	103 
3550	74 
3551	81 
3552	54 
3553	51 
3554	14 
3555	39 
3556	16 
3557	29 
3558	52 
3559	12 
3560	5 
3561	76 
3562	86 
3563	54 
3564	14 
3565	88 
3566	4 
3567	22 
3568	59 
3569	35 
3570	60 
3571	75 
3572	34 
3573	88 
3574	36 
3575	11 
3576	2 
3577	34 
3578	51 
3579	30 
3580	21 
3581	3 
3582	64 
3583	2 
3584	1 
3585	66 
3586	21 
3587	87 
3588	3 
3589	9 
3590	21 
3591	12 
3592	84 
3593	30 
3594	40 
3595	97 
3596	26 
3597	37 
3598	66 
3599	52 
3600	11 
3601	92 
3602	8 
3603	60 
3604	56 
3605	36 
3606	60 
3607	74 
3608	37 
3609	26 
3610	71 
3611	57 
3612	17 
3613	43 
3614	7 
3615	32 
3616	66 
3617	50 
3618	68 
3619	45 
3620	1 
3621	29 
3622	57 
3623	53 
3624	32 
3625	44 
3626	36 
3627	86 
3628	48 
3629	64 
3630	81 
3631	14 
3632	63 
3633	87 
3634	89 
3635	49 
3636	86 
3637	30 
3638	73 
3639	35 
3640	8 
3641	35 
3642	30 
3643	57 
3644	98 
3645	87 
3646	70 
3647	104 
3648	34 
3649	98 
3650	37 
3651	85 
3652	80 
3653	86 
3654	105 
3655	49 
3656	27 
3657	82 
3658	72 
3659	21 
3660	34 
3661	32 
3662	35 
3663	2 
3664	104 
3665	89 
3666	102 
3667	2 
3668	98 
3669	63 
3670	18 
3671	81 
3672	54 
3673	58 
3674	16 
3675	74 
3676	40 
3677	74 
3678	35 
3679	38 
3680	86 
3681	38 
3682	91 
3683	8 
3684	18 
3685	14 
3686	70 
3687	25 
3688	60 
3689	74 
3690	71 
3691	34 
3692	98 
3693	76 
3694	60 
3695	85 
3696	4 
3697	23 
3698	64 
3699	49 
3700	43 
3701	43 
3702	16 
3703	5 
3704	2 
3705	39 
3706	33 
3707	50 
3708	90 
3709	3 
3710	8 
3711	92 
3712	94 
3713	99 
3714	68 
3715	39 
3716	88 
3717	25 
3718	86 
3719	12 
3720	95 
3721	76 
3722	56 
3723	76 
3724	11 
3725	3 
3726	74 
3727	19 
3728	68 
3729	48 
3730	20 
3731	29 
3732	81 
3733	70 
3734	25 
3735	14 
3736	75 
3737	64 
3738	48 
3739	8 
3740	51 
3741	27 
3742	78 
3743	81 
3744	26 
3745	25 
3746	39 
3747	18 
3748	34 
3749	12 
3750	86 
3751	86 
3752	80 
3753	80 
3754	14 
3755	84 
3756	14 
3757	105 
3758	8 
3759	55 
3760	2 
3761	87 
3762	32 
3763	2 
3764	10 
3765	86 
3766	74 
3767	14 
3768	58 
3769	75 
3770	50 
3771	42 
3772	75 
3773	12 
3774	37 
3775	86 
3776	66 
3777	51 
3778	27 
3779	1 
3780	33 
3781	68 
3782	49 
3783	31 
3784	6 
3785	61 
3786	105 
3787	32 
3788	2 
3789	91 
3790	51 
3791	90 
3792	54 
3793	37 
3794	88 
3795	69 
3796	16 
3797	97 
3798	105 
3799	99 
3800	42 
3801	64 
3802	17 
3803	5 
3804	51 
3805	63 
3806	101 
3807	21 
3808	86 
3809	16 
3810	13 
3811	32 
3812	20 
3813	101 
3814	75 
3815	12 
3816	69 
3817	51 
3818	73 
3819	66 
3820	71 
3821	86 
3822	63 
3823	35 
3824	5 
3825	22 
3826	40 
3827	8 
3828	68 
3829	58 
3830	91 
3831	46 
3832	14 
3833	102 
3834	6 
3835	76 
3836	105 
3837	95 
3838	88 
3839	10 
3840	96 
3841	43 
3842	2 
3843	98 
3844	42 
3845	72 
3846	95 
3847	97 
3848	10 
3849	32 
3850	86 
3851	88 
3852	60 
3853	6 
3854	85 
3855	67 
3856	78 
3857	57 
3858	6 
3859	102 
3860	85 
3861	98 
3862	35 
3863	22 
3864	68 
3865	32 
3866	58 
3867	34 
3868	1 
3869	96 
3870	104 
3871	29 
3872	7 
3873	74 
3874	17 
3875	32 
3876	51 
3877	92 
3878	89 
3879	25 
3880	87 
3881	64 
3882	76 
3883	68 
3884	99 
3885	26 
3886	74 
3887	15 
3888	66 
3889	71 
3890	60 
3891	49 
3892	91 
3893	98 
3894	74 
3895	58 
3896	65 
3897	2 
3898	76 
3899	6 
3900	45 
3901	87 
3902	66 
3903	72 
3904	22 
3905	102 
3906	51 
3907	68 
3908	88 
3909	57 
3910	64 
3911	28 
3912	19 
3913	23 
3914	31 
3915	98 
3916	24 
3917	70 
3918	32 
3919	1 
3920	95 
3921	51 
3922	103 
3923	8 
3924	74 
3925	21 
3926	56 
3927	24 
3928	56 
3929	67 
3930	74 
3931	52 
3932	43 
3933	76 
3934	49 
3935	75 
3936	49 
3937	27 
3938	10 
3939	64 
3940	53 
3941	35 
3942	98 
3943	7 
3944	3 
3945	88 
3946	35 
3947	78 
3948	21 
3949	9 
3950	25 
3951	7 
3952	45 
3953	96 
3954	53 
3955	77 
3956	70 
3957	80 
3958	74 
3959	53 
3960	41 
3961	10 
3962	12 
3963	53 
3964	65 
3965	38 
3966	23 
3967	14 
3968	29 
3969	16 
3970	71 
3971	87 
3972	64 
3973	41 
3974	67 
3975	70 
3976	60 
3977	103 
3978	7 
3979	80 
3980	20 
3981	22 
3982	38 
3983	31 
3984	21 
3985	37 
3986	2 
3987	23 
3988	104 
3989	60 
3990	46 
3991	19 
3992	59 
3993	30 
3994	57 
3995	32 
3996	95 
3997	40 
3998	76 
3999	48 
4000	98 
4001	32 
4002	97 
4003	56 
4004	42 
4005	16 
4006	10 
4007	48 
4008	76 
4009	26 
4010	93 
4011	29 
4012	60 
4013	52 
4014	70 
4015	12 
4016	87 
4017	92 
4018	60 
4019	23 
4020	94 
4021	64 
4022	60 
4023	54 
4024	4 
4025	44 
4026	69 
4027	12 
4028	48 
4029	42 
4030	87 
4031	75 
4032	42 
4033	91 
4034	90 
4035	25 
4036	39 
4037	85 
4038	39 
4039	68 
4040	35 
4041	98 
4042	45 
4043	67 
4044	9 
4045	93 
4046	86 
4047	80 
4048	3 
4049	70 
4050	55 
4051	58 
4052	63 
4053	38 
4054	29 
4055	48 
4056	17 
4057	21 
4058	27 
4059	40 
4060	95 
4061	9 
4062	2 
4063	84 
4064	10 
4065	14 
4066	102 
4067	71 
4068	39 
4069	84 
4070	68 
4071	99 
4072	44 
4073	104 
4074	21 
4075	35 
4076	11 
4077	14 
4078	64 
4079	35 
4080	38 
4081	9 
4082	46 
4083	6 
4084	105 
4085	50 
4086	25 
4087	93 
4088	9 
4089	46 
4090	92 
4091	75 
4092	85 
4093	28 
4094	12 
4095	98 
4096	77 
4097	62 
4098	28 
4099	40 
4100	11 
4101	98 
4102	51 
4103	54 
4104	80 
4105	27 
4106	27 
4107	98 
4108	68 
4109	65 
4110	71 
4111	10 
4112	62 
4113	48 
4114	7 
4115	14 
4116	76 
4117	54 
4118	75 
4119	35 
4120	70 
4121	4 
4122	69 
4123	13 
4124	49 
4125	26 
4126	76 
4127	97 
4128	76 
4129	102 
4130	2 
4131	98 
4132	82 
4133	39 
4134	29 
4135	16 
4136	80 
4137	21 
4138	64 
4139	44 
4140	76 
4141	88 
4142	74 
4143	84 
4144	99 
4145	34 
4146	20 
4147	45 
4148	18 
4149	63 
4150	13 
4151	10 
4152	80 
4153	21 
4154	20 
4155	78 
4156	50 
4157	10 
4158	4 
4159	105 
4160	61 
4161	2 
4162	64 
4163	29 
4164	51 
4165	36 
4166	11 
4167	101 
4168	51 
4169	47 
4170	105 
4171	77 
4172	42 
4173	54 
4174	53 
4175	39 
4176	39 
4177	87 
4178	100 
4179	43 
4180	39 
4181	49 
4182	70 
4183	22 
4184	62 
4185	70 
4186	87 
4187	21 
4188	80 
4189	63 
4190	15 
4191	27 
4192	105 
4193	14 
4194	86 
4195	38 
4196	32 
4197	26 
4198	46 
4199	29 
4200	30 
4201	49 
4202	56 
4203	66 
4204	74 
4205	86 
4206	71 
4207	98 
4208	36 
4209	18 
4210	32 
4211	86 
4212	87 
4213	34 
4214	36 
4215	80 
4216	85 
4217	46 
4218	10 
4219	18 
4220	85 
4221	10 
4222	58 
4223	9 
4224	69 
4225	36 
4226	54 
4227	13 
4228	21 
4229	74 
4230	75 
4231	48 
4232	54 
4233	30 
4234	49 
4235	12 
4236	12 
4237	17 
4238	75 
4239	54 
4240	18 
4241	87 
4242	89 
4243	105 
4244	88 
4245	92 
4246	63 
4247	33 
4248	99 
4249	92 
4250	43 
4251	102 
4252	82 
4253	69 
4254	12 
4255	80 
4256	14 
4257	106 
4258	6 
4259	63 
4260	70 
4261	21 
4262	89 
4263	96 
4264	64 
4265	25 
4266	2 
4267	55 
4268	89 
4269	103 
4270	8 
4271	45 
4272	50 
4273	32 
4274	5 
4275	34 
4276	30 
4277	16 
4278	30 
4279	59 
4280	90 
4281	70 
4282	22 
4283	80 
4284	84 
4285	39 
4286	95 
4287	27 
4288	105 
4289	93 
4290	32 
4291	33 
4292	12 
4293	91 
4294	42 
4295	42 
4296	23 
4297	25 
4298	87 
4299	28 
4300	40 
4301	14 
4302	91 
4303	42 
4304	26 
4305	51 
4306	43 
4307	87 
4308	82 
4309	69 
4310	89 
4311	46 
4312	102 
4313	16 
4314	67 
4315	80 
4316	82 
4317	26 
4318	30 
4319	87 
4320	16 
4321	81 
4322	29 
4323	61 
4324	83 
4325	87 
4326	32 
4327	61 
4328	100 
4329	75 
4330	62 
4331	33 
4332	6 
4333	55 
4334	3 
4335	21 
4336	66 
4337	90 
4338	47 
4339	50 
4340	46 
4341	3 
4342	48 
4343	6 
4344	65 
4345	51 
4346	2 
4347	31 
4348	79 
4349	1 
4350	88 
4351	30 
4352	80 
4353	40 
4354	12 
4355	54 
4356	13 
4357	24 
4358	89 
4359	10 
4360	80 
4361	38 
4362	53 
4363	39 
4364	49 
4365	54 
4366	97 
4367	99 
4368	34 
4369	90 
4370	34 
4371	98 
4372	40 
4373	38 
4374	90 
4375	49 
4376	28 
4377	35 
4378	35 
4379	19 
4380	85 
4381	16 
4382	35 
4383	32 
4384	37 
4385	6 
4386	105 
4387	82 
4388	17 
4389	34 
4390	105 
4391	51 
4392	63 
4393	40 
4394	105 
4395	45 
4396	64 
4397	65 
4398	16 
4399	15 
4400	3 
4401	49 
4402	39 
4403	71 
4404	46 
4405	57 
4406	22 
4407	49 
4408	101 
4409	64 
4410	75 
4411	66 
4412	102 
4413	80 
4414	91 
4415	75 
4416	64 
4417	75 
4418	14 
4419	13 
4420	87 
4421	11 
4422	69 
4423	50 
4424	95 
4425	72 
4426	41 
4427	49 
4428	70 
4429	74 
4430	100 
4431	87 
4432	21 
4433	86 
4434	23 
4435	82 
4436	38 
4437	91 
4438	78 
4439	95 
4440	6 
4441	28 
4442	6 
4443	10 
4444	2 
4445	32 
4446	69 
4447	87 
4448	9 
4449	2 
4450	34 
4451	36 
4452	39 
4453	98 
4454	21 
4455	14 
4456	68 
4457	21 
4458	61 
4459	16 
4460	14 
4461	48 
4462	10 
4463	83 
4464	6 
4465	25 
4466	27 
4467	80 
4468	16 
4469	8 
4470	25 
4471	87 
4472	28 
4473	42 
4474	102 
4475	103 
4476	9 
4477	7 
4478	91 
4479	90 
4480	29 
4481	60 
4482	32 
4483	17 
4484	98 
4485	32 
4486	23 
4487	76 
4488	63 
4489	87 
4490	24 
4491	68 
4492	78 
4493	2 
4494	44 
4495	57 
4496	35 
4497	21 
4498	74 
4499	32 
4500	68 
4501	82 
4502	36 
4503	95 
4504	21 
4505	86 
4506	98 
4507	2 
4508	91 
4509	52 
4510	47 
4511	68 
4512	102 
4513	53 
4514	74 
4515	73 
4516	20 
4517	102 
4518	60 
4519	1 
4520	64 
4521	13 
4522	36 
4523	6 
4524	48 
4525	18 
4526	41 
4527	104 
4528	54 
4529	39 
4530	39 
4531	68 
4532	52 
4533	35 
4534	33 
4535	85 
4536	21 
4537	39 
4538	13 
4539	68 
4540	31 
4541	38 
4542	57 
4543	91 
4544	4 
4545	60 
4546	19 
4547	98 
4548	86 
4549	15 
4550	23 
4551	57 
4552	92 
4553	7 
4554	34 
4555	96 
4556	77 
4557	69 
4558	99 
4559	46 
4560	60 
4561	75 
4562	97 
4563	81 
4564	96 
4565	86 
4566	30 
4567	72 
4568	63 
4569	100 
4570	88 
4571	1 
4572	82 
4573	34 
4574	2 
4575	37 
4576	27 
4577	46 
4578	59 
4579	100 
4580	86 
4581	13 
4582	1 
4583	76 
4584	101 
4585	21 
4586	59 
4587	20 
4588	78 
4589	8 
4590	85 
4591	50 
4592	104 
4593	82 
4594	99 
4595	87 
4596	66 
4597	20 
4598	53 
4599	96 
4600	34 
4601	103 
4602	44 
4603	95 
4604	26 
4605	80 
4606	12 
4607	23 
4608	4 
4609	60 
4610	9 
4611	23 
4612	106 
4613	72 
4614	95 
4615	30 
4616	63 
4617	10 
4618	68 
4619	13 
4620	75 
4621	35 
4622	25 
4623	4 
4624	50 
4625	87 
4626	67 
4627	63 
4628	17 
4629	10 
4630	48 
4631	51 
4632	96 
4633	7 
4634	54 
4635	91 
4636	75 
4637	13 
4638	101 
4639	69 
4640	68 
4641	31 
4642	45 
4643	73 
4644	36 
4645	21 
4646	6 
4647	38 
4648	58 
4649	25 
4650	91 
4651	2 
4652	4 
4653	10 
4654	68 
4655	44 
4656	64 
4657	1 
4658	17 
4659	102 
4660	1 
4661	12 
4662	23 
4663	104 
4664	1 
4665	99 
4666	26 
4667	60 
4668	82 
4669	35 
4670	42 
4671	8 
4672	99 
4673	60 
4674	68 
4675	86 
4676	21 
4677	98 
4678	91 
4679	30 
4680	40 
4681	86 
4682	26 
4683	42 
4684	2 
4685	6 
4686	91 
4687	38 
4688	49 
4689	105 
4690	1 
4691	28 
4692	17 
4693	77 
4694	54 
4695	27 
4696	68 
4697	46 
4698	80 
4699	32 
4700	74 
4701	86 
4702	66 
4703	28 
4704	39 
4705	97 
4706	99 
4707	96 
4708	17 
4709	32 
4710	60 
4711	8 
4712	3 
4713	98 
4714	60 
4715	45 
4716	8 
4717	49 
4718	32 
4719	51 
4720	45 
4721	75 
4722	84 
4723	96 
4724	106 
4725	68 
4726	56 
4727	69 
4728	11 
4729	51 
4730	85 
4731	96 
4732	45 
4733	64 
4734	51 
4735	79 
4736	29 
4737	72 
4738	97 
4739	38 
4740	78 
4741	44 
4742	26 
4743	44 
4744	34 
4745	98 
4746	34 
4747	6 
4748	103 
4749	68 
4750	100 
4751	32 
4752	87 
4753	98 
4754	16 
4755	25 
4756	88 
4757	70 
4758	38 
4759	48 
4760	63 
4761	44 
4762	82 
4763	4 
4764	10 
4765	81 
4766	46 
4767	29 
4768	81 
4769	23 
4770	85 
4771	51 
4772	39 
4773	76 
4774	39 
4775	14 
4776	45 
4777	9 
4778	52 
4779	26 
4780	100 
4781	16 
4782	13 
4783	51 
4784	88 
4785	40 
4786	100 
4787	70 
4788	7 
4789	3 
4790	7 
4791	17 
4792	80 
4793	95 
4794	58 
4795	60 
4796	18 
4797	87 
4798	94 
4799	57 
4800	39 
4801	14 
4802	105 
4803	27 
4804	31 
4805	101 
4806	64 
4807	74 
4808	85 
4809	46 
4810	61 
4811	1 
4812	64 
4813	39 
4814	74 
4815	96 
4816	91 
4817	32 
4818	70 
4819	65 
4820	91 
4821	9 
4822	51 
4823	51 
4824	51 
4825	103 
4826	51 
4827	80 
4828	93 
4829	102 
4830	14 
4831	1 
4832	38 
4833	12 
4834	48 
4835	46 
4836	51 
4837	95 
4838	102 
4839	46 
4840	14 
4841	39 
4842	29 
4843	33 
4844	96 
4845	68 
4846	100 
4847	47 
4848	101 
4849	60 
4850	68 
4851	53 
4852	83 
4853	25 
4854	95 
4855	39 
4856	49 
4857	12 
4858	76 
4859	51 
4860	46 
4861	81 
4862	18 
4863	35 
4864	33 
4865	80 
4866	63 
4867	22 
4868	28 
4869	73 
4870	54 
4871	72 
4872	8 
4873	95 
4874	68 
4875	30 
4876	39 
4877	74 
4878	72 
4879	98 
4880	29 
4881	81 
4882	86 
4883	98 
4884	76 
4885	2 
4886	25 
4887	105 
4888	44 
4889	101 
4890	94 
4891	43 
4892	59 
4893	75 
4894	4 
4895	92 
4896	50 
4897	87 
4898	91 
4899	75 
4900	47 
4901	82 
4902	46 
4903	26 
4904	70 
4905	82 
4906	47 
4907	42 
4908	96 
4909	27 
4910	76 
4911	25 
4912	99 
4913	106 
4914	60 
4915	58 
4916	59 
4917	54 
4918	18 
4919	88 
4920	2 
4921	53 
4922	64 
4923	62 
4924	57 
4925	87 
4926	14 
4927	92 
4928	60 
4929	86 
4930	106 
4931	48 
4932	78 
4933	35 
4934	58 
4935	95 
4936	70 
4937	85 
4938	57 
4939	39 
4940	66 
4941	91 
4942	105 
4943	78 
4944	34 
4945	35 
4946	103 
4947	105 
4948	35 
4949	105 
4950	98 
4951	52 
4952	38 
4953	63 
4954	16 
4955	90 
4956	53 
4957	19 
4958	16 
4959	42 
4960	53 
4961	46 
4962	102 
4963	33 
4964	96 
4965	99 
4966	46 
4967	37 
4968	51 
4969	87 
4970	63 
4971	15 
4972	101 
4973	24 
4974	60 
4975	82 
4976	47 
4977	79 
4978	86 
4979	98 
4980	48 
4981	19 
4982	103 
4983	53 
4984	74 
4985	80 
4986	28 
4987	63 
4988	65 
4989	40 
4990	21 
4991	56 
4992	71 
4993	56 
4994	20 
4995	35 
4996	29 
4997	75 
4998	98 
4999	71 
5000	69 
