1	85 
2	56 
3	46 
4	38 
5	33 
6	36 
7	94 
8	83 
9	52 
10	87 
11	26 
12	76 
13	86 
14	34 
15	17 
16	80 
17	87 
18	3 
19	35 
20	32 
21	26 
22	31 
23	29 
24	44 
25	18 
26	46 
27	41 
28	15 
29	61 
30	15 
31	35 
32	66 
33	49 
34	46 
35	61 
36	64 
37	66 
38	92 
39	71 
40	87 
41	12 
42	65 
43	9 
44	30 
45	95 
46	37 
47	52 
48	94 
49	51 
50	47 
51	49 
52	72 
53	52 
54	73 
55	85 
56	3 
57	86 
58	24 
59	82 
60	11 
61	20 
62	34 
63	64 
64	85 
65	58 
66	15 
67	46 
68	57 
69	91 
70	80 
71	17 
72	60 
73	23 
74	3 
75	35 
76	13 
77	83 
78	87 
79	83 
80	35 
81	18 
82	3 
83	84 
84	40 
85	59 
86	45 
87	19 
88	24 
89	16 
90	38 
91	94 
92	96 
93	91 
94	65 
95	85 
96	77 
97	15 
98	11 
99	44 
100	90 
101	43 
102	80 
103	75 
104	32 
105	42 
106	69 
107	46 
108	55 
109	18 
110	11 
111	25 
112	37 
113	39 
114	9 
115	64 
116	87 
117	79 
118	44 
119	59 
120	35 
121	71 
122	15 
123	11 
124	45 
125	87 
126	31 
127	5 
128	3 
129	2 
130	91 
131	13 
132	87 
133	18 
134	85 
135	96 
136	39 
137	9 
138	20 
139	56 
140	32 
141	9 
142	66 
143	46 
144	3 
145	61 
146	46 
147	20 
148	3 
149	62 
150	38 
151	54 
152	64 
153	66 
154	87 
155	12 
156	72 
157	79 
158	85 
159	16 
160	81 
161	9 
162	29 
163	94 
164	78 
165	23 
166	45 
167	46 
168	37 
169	79 
170	35 
171	63 
172	33 
173	59 
174	58 
175	13 
176	81 
177	95 
178	75 
179	28 
180	73 
181	86 
182	61 
183	87 
184	20 
185	70 
186	48 
187	55 
188	88 
189	30 
190	7 
191	9 
192	15 
193	60 
194	39 
195	26 
196	70 
197	32 
198	90 
199	63 
200	14 
201	88 
202	2 
203	61 
204	13 
205	63 
206	20 
207	4 
208	77 
209	86 
210	26 
211	9 
212	46 
213	48 
214	58 
215	6 
216	2 
217	43 
218	91 
219	30 
220	81 
221	54 
222	96 
223	49 
224	33 
225	1 
226	45 
227	88 
228	36 
229	57 
230	27 
231	4 
232	63 
233	28 
234	1 
235	69 
236	94 
237	6 
238	64 
239	94 
240	92 
241	20 
242	43 
243	60 
244	95 
245	79 
246	53 
247	73 
248	50 
249	16 
250	18 
251	82 
252	41 
253	70 
254	21 
255	39 
256	88 
257	45 
258	1 
259	49 
260	28 
261	34 
262	81 
263	75 
264	85 
265	4 
266	65 
267	9 
268	81 
269	33 
270	42 
271	90 
272	30 
273	32 
274	88 
275	26 
276	37 
277	69 
278	33 
279	48 
280	95 
281	49 
282	62 
283	62 
284	37 
285	96 
286	3 
287	17 
288	37 
289	59 
290	77 
291	55 
292	87 
293	38 
294	37 
295	30 
296	26 
297	49 
298	19 
299	14 
300	52 
301	30 
302	54 
303	65 
304	3 
305	30 
306	37 
307	66 
308	14 
309	15 
310	85 
311	71 
312	45 
313	74 
314	47 
315	64 
316	85 
317	53 
318	36 
319	2 
320	30 
321	3 
322	73 
323	17 
324	77 
325	78 
326	59 
327	94 
328	18 
329	83 
330	10 
331	86 
332	36 
333	69 
334	15 
335	24 
336	86 
337	79 
338	44 
339	14 
340	37 
341	19 
342	33 
343	58 
344	33 
345	12 
346	76 
347	38 
348	6 
349	10 
350	83 
351	87 
352	77 
353	3 
354	19 
355	82 
356	46 
357	18 
358	21 
359	77 
360	46 
361	63 
362	45 
363	18 
364	87 
365	11 
366	35 
367	26 
368	48 
369	80 
370	39 
371	22 
372	87 
373	38 
374	71 
375	11 
376	33 
377	67 
378	56 
379	65 
380	45 
381	94 
382	47 
383	77 
384	75 
385	65 
386	59 
387	25 
388	59 
389	45 
390	72 
391	90 
392	70 
393	86 
394	2 
395	39 
396	74 
397	28 
398	34 
399	58 
400	68 
401	84 
402	71 
403	26 
404	47 
405	91 
406	94 
407	86 
408	18 
409	4 
410	26 
411	33 
412	71 
413	48 
414	15 
415	65 
416	80 
417	69 
418	46 
419	39 
420	18 
421	68 
422	75 
423	77 
424	18 
425	33 
426	49 
427	29 
428	33 
429	17 
430	21 
431	78 
432	58 
433	79 
434	39 
435	93 
436	17 
437	90 
438	32 
439	56 
440	73 
441	92 
442	34 
443	58 
444	21 
445	31 
446	26 
447	63 
448	17 
449	13 
450	20 
451	51 
452	94 
453	85 
454	40 
455	58 
456	83 
457	68 
458	30 
459	30 
460	30 
461	11 
462	48 
463	82 
464	38 
465	36 
466	76 
467	94 
468	13 
469	30 
470	86 
471	34 
472	82 
473	58 
474	10 
475	45 
476	37 
477	54 
478	30 
479	62 
480	20 
481	21 
482	35 
483	86 
484	58 
485	92 
486	75 
487	92 
488	79 
489	58 
490	78 
491	15 
492	36 
493	83 
494	73 
495	37 
496	95 
497	34 
498	15 
499	17 
500	63 
501	37 
502	46 
503	94 
504	82 
505	39 
506	56 
507	32 
508	65 
509	65 
510	11 
511	73 
512	74 
513	15 
514	76 
515	38 
516	48 
517	83 
518	18 
519	94 
520	52 
521	6 
522	72 
523	35 
524	96 
525	7 
526	14 
527	23 
528	20 
529	64 
530	10 
531	70 
532	76 
533	63 
534	66 
535	50 
536	73 
537	45 
538	95 
539	32 
540	81 
541	59 
542	45 
543	12 
544	35 
545	73 
546	39 
547	57 
548	65 
549	11 
550	76 
551	62 
552	89 
553	23 
554	27 
555	26 
556	32 
557	17 
558	15 
559	73 
560	54 
561	2 
562	51 
563	87 
564	87 
565	45 
566	71 
567	12 
568	29 
569	6 
570	94 
571	46 
572	69 
573	26 
574	96 
575	58 
576	37 
577	85 
578	81 
579	73 
580	45 
581	81 
582	45 
583	77 
584	53 
585	35 
586	49 
587	24 
588	83 
589	11 
590	18 
591	90 
592	82 
593	9 
594	27 
595	46 
596	35 
597	87 
598	28 
599	65 
600	35 
601	42 
602	3 
603	66 
604	94 
605	42 
606	81 
607	73 
608	28 
609	69 
610	91 
611	58 
612	17 
613	26 
614	60 
615	37 
616	95 
617	82 
618	32 
619	61 
620	11 
621	30 
622	45 
623	13 
624	85 
625	50 
626	85 
627	48 
628	71 
629	4 
630	40 
631	11 
632	55 
633	1 
634	85 
635	17 
636	93 
637	52 
638	21 
639	63 
640	65 
641	32 
642	80 
643	28 
644	92 
645	28 
646	89 
647	80 
648	25 
649	9 
650	71 
651	70 
652	21 
653	13 
654	13 
655	39 
656	82 
657	71 
658	18 
659	73 
660	60 
661	16 
662	16 
663	92 
664	21 
665	43 
666	86 
667	55 
668	35 
669	63 
670	6 
671	73 
672	3 
673	45 
674	77 
675	13 
676	17 
677	17 
678	64 
679	46 
680	9 
681	82 
682	64 
683	4 
684	26 
685	41 
686	45 
687	10 
688	93 
689	49 
690	16 
691	33 
692	10 
693	37 
694	11 
695	34 
696	71 
697	1 
698	89 
699	57 
700	54 
701	22 
702	26 
703	44 
704	72 
705	76 
706	37 
707	24 
708	45 
709	9 
710	66 
711	38 
712	24 
713	18 
714	75 
715	10 
716	89 
717	19 
718	33 
719	88 
720	35 
721	71 
722	65 
723	58 
724	35 
725	92 
726	54 
727	90 
728	21 
729	34 
730	64 
731	66 
732	17 
733	53 
734	43 
735	73 
736	96 
737	60 
738	51 
739	18 
740	49 
741	92 
742	46 
743	94 
744	67 
745	66 
746	1 
747	84 
748	17 
749	62 
750	90 
751	35 
752	53 
753	3 
754	86 
755	77 
756	64 
757	21 
758	85 
759	23 
760	94 
761	18 
762	55 
763	69 
764	17 
765	88 
766	31 
767	43 
768	80 
769	71 
770	45 
771	63 
772	35 
773	26 
774	80 
775	59 
776	33 
777	42 
778	91 
779	35 
780	11 
781	13 
782	17 
783	83 
784	49 
785	28 
786	14 
787	77 
788	94 
789	45 
790	77 
791	83 
792	30 
793	47 
794	87 
795	11 
796	68 
797	87 
798	18 
799	44 
800	14 
801	58 
802	55 
803	91 
804	37 
805	18 
806	84 
807	9 
808	90 
809	85 
810	64 
811	95 
812	77 
813	69 
814	54 
815	17 
816	76 
817	2 
818	7 
819	24 
820	61 
821	18 
822	73 
823	14 
824	35 
825	75 
826	39 
827	77 
828	6 
829	87 
830	94 
831	77 
832	66 
833	83 
834	89 
835	55 
836	86 
837	63 
838	39 
839	45 
840	26 
841	64 
842	8 
843	29 
844	36 
845	54 
846	64 
847	37 
848	61 
849	65 
850	55 
851	82 
852	94 
853	46 
854	3 
855	93 
856	84 
857	83 
858	18 
859	37 
860	27 
861	60 
862	40 
863	16 
864	80 
865	81 
866	3 
867	46 
868	3 
869	61 
870	48 
871	14 
872	5 
873	85 
874	10 
875	36 
876	37 
877	83 
878	68 
879	79 
880	21 
881	65 
882	25 
883	61 
884	68 
885	59 
886	46 
887	52 
888	26 
889	22 
890	26 
891	96 
892	68 
893	37 
894	21 
895	68 
896	6 
897	77 
898	51 
899	54 
900	94 
901	9 
902	73 
903	49 
904	35 
905	63 
906	58 
907	79 
908	36 
909	37 
910	6 
911	72 
912	91 
913	14 
914	9 
915	11 
916	3 
917	29 
918	39 
919	35 
920	79 
921	20 
922	33 
923	30 
924	89 
925	88 
926	58 
927	28 
928	44 
929	26 
930	9 
931	3 
932	84 
933	88 
934	57 
935	46 
936	56 
937	30 
938	96 
939	73 
940	71 
941	82 
942	83 
943	71 
944	37 
945	3 
946	77 
947	75 
948	41 
949	64 
950	37 
951	3 
952	48 
953	33 
954	81 
955	95 
956	35 
957	92 
958	14 
959	29 
960	76 
961	46 
962	18 
963	14 
964	71 
965	74 
966	65 
967	23 
968	34 
969	28 
970	75 
971	64 
972	22 
973	51 
974	20 
975	77 
976	4 
977	7 
978	66 
979	14 
980	76 
981	78 
982	33 
983	35 
984	47 
985	81 
986	91 
987	44 
988	88 
989	71 
990	10 
991	45 
992	76 
993	45 
994	96 
995	30 
996	67 
997	26 
998	37 
999	82 
1000	62 
1001	65 
1002	57 
1003	15 
1004	87 
1005	3 
1006	10 
1007	49 
1008	39 
1009	47 
1010	9 
1011	11 
1012	42 
1013	94 
1014	13 
1015	10 
1016	92 
1017	18 
1018	33 
1019	21 
1020	12 
1021	60 
1022	3 
1023	88 
1024	41 
1025	83 
1026	92 
1027	6 
1028	77 
1029	19 
1030	55 
1031	21 
1032	21 
1033	86 
1034	35 
1035	9 
1036	39 
1037	57 
1038	79 
1039	43 
1040	75 
1041	45 
1042	11 
1043	20 
1044	43 
1045	72 
1046	16 
1047	57 
1048	83 
1049	79 
1050	70 
1051	49 
1052	3 
1053	43 
1054	30 
1055	7 
1056	80 
1057	32 
1058	21 
1059	21 
1060	1 
1061	11 
1062	9 
1063	39 
1064	56 
1065	71 
1066	17 
1067	90 
1068	96 
1069	9 
1070	83 
1071	27 
1072	55 
1073	8 
1074	45 
1075	10 
1076	45 
1077	76 
1078	65 
1079	92 
1080	74 
1081	91 
1082	10 
1083	25 
1084	35 
1085	30 
1086	79 
1087	5 
1088	42 
1089	64 
1090	51 
1091	26 
1092	72 
1093	96 
1094	85 
1095	5 
1096	68 
1097	29 
1098	42 
1099	32 
1100	73 
1101	37 
1102	78 
1103	59 
1104	80 
1105	4 
1106	69 
1107	76 
1108	31 
1109	86 
1110	73 
1111	83 
1112	94 
1113	18 
1114	83 
1115	92 
1116	71 
1117	66 
1118	25 
1119	17 
1120	15 
1121	7 
1122	88 
1123	63 
1124	92 
1125	86 
1126	45 
1127	13 
1128	61 
1129	41 
1130	73 
1131	93 
1132	89 
1133	14 
1134	47 
1135	14 
1136	15 
1137	11 
1138	51 
1139	67 
1140	76 
1141	86 
1142	37 
1143	69 
1144	20 
1145	71 
1146	57 
1147	66 
1148	2 
1149	65 
1150	83 
1151	46 
1152	55 
1153	9 
1154	18 
1155	16 
1156	48 
1157	32 
1158	75 
1159	1 
1160	58 
1161	23 
1162	61 
1163	59 
1164	18 
1165	83 
1166	53 
1167	39 
1168	83 
1169	71 
1170	40 
1171	76 
1172	30 
1173	79 
1174	59 
1175	66 
1176	79 
1177	3 
1178	59 
1179	40 
1180	44 
1181	79 
1182	9 
1183	89 
1184	80 
1185	32 
1186	64 
1187	9 
1188	27 
1189	11 
1190	77 
1191	21 
1192	43 
1193	23 
1194	30 
1195	37 
1196	17 
1197	3 
1198	60 
1199	76 
1200	76 
1201	69 
1202	41 
1203	49 
1204	82 
1205	49 
1206	49 
1207	40 
1208	36 
1209	61 
1210	26 
1211	45 
1212	85 
1213	66 
1214	26 
1215	46 
1216	53 
1217	9 
1218	44 
1219	10 
1220	2 
1221	54 
1222	26 
1223	65 
1224	36 
1225	35 
1226	71 
1227	55 
1228	38 
1229	58 
1230	7 
1231	87 
1232	47 
1233	52 
1234	75 
1235	47 
1236	10 
1237	18 
1238	61 
1239	23 
1240	83 
1241	9 
1242	85 
1243	4 
1244	20 
1245	10 
1246	58 
1247	48 
1248	10 
1249	47 
1250	35 
1251	58 
1252	94 
1253	46 
1254	76 
1255	25 
1256	12 
1257	85 
1258	38 
1259	48 
1260	51 
1261	10 
1262	53 
1263	85 
1264	77 
1265	63 
1266	63 
1267	76 
1268	88 
1269	39 
1270	75 
1271	3 
1272	53 
1273	66 
1274	46 
1275	41 
1276	56 
1277	90 
1278	9 
1279	64 
1280	42 
1281	81 
1282	31 
1283	28 
1284	20 
1285	16 
1286	74 
1287	86 
1288	11 
1289	12 
1290	10 
1291	50 
1292	32 
1293	14 
1294	24 
1295	79 
1296	77 
1297	71 
1298	21 
1299	83 
1300	37 
1301	15 
1302	63 
1303	3 
1304	54 
1305	85 
1306	33 
1307	18 
1308	51 
1309	66 
1310	61 
1311	51 
1312	89 
1313	23 
1314	79 
1315	14 
1316	35 
1317	72 
1318	61 
1319	11 
1320	30 
1321	82 
1322	95 
1323	21 
1324	44 
1325	89 
1326	13 
1327	78 
1328	58 
1329	20 
1330	93 
1331	54 
1332	92 
1333	46 
1334	92 
1335	35 
1336	75 
1337	29 
1338	96 
1339	77 
1340	11 
1341	33 
1342	44 
1343	83 
1344	52 
1345	85 
1346	17 
1347	77 
1348	68 
1349	29 
1350	88 
1351	4 
1352	90 
1353	77 
1354	58 
1355	30 
1356	15 
1357	44 
1358	52 
1359	61 
1360	47 
1361	74 
1362	77 
1363	77 
1364	77 
1365	92 
1366	54 
1367	6 
1368	91 
1369	63 
1370	85 
1371	27 
1372	3 
1373	63 
1374	63 
1375	27 
1376	93 
1377	64 
1378	45 
1379	2 
1380	26 
1381	74 
1382	55 
1383	3 
1384	31 
1385	65 
1386	35 
1387	25 
1388	95 
1389	33 
1390	87 
1391	45 
1392	47 
1393	10 
1394	14 
1395	10 
1396	11 
1397	78 
1398	53 
1399	50 
1400	37 
1401	71 
1402	30 
1403	30 
1404	57 
1405	21 
1406	79 
1407	9 
1408	14 
1409	83 
1410	26 
1411	46 
1412	80 
1413	81 
1414	17 
1415	28 
1416	83 
1417	69 
1418	79 
1419	73 
1420	92 
1421	62 
1422	46 
1423	51 
1424	85 
1425	16 
1426	68 
1427	48 
1428	45 
1429	71 
1430	95 
1431	51 
1432	36 
1433	35 
1434	16 
1435	83 
1436	21 
1437	3 
1438	59 
1439	88 
1440	31 
1441	74 
1442	58 
1443	43 
1444	37 
1445	39 
1446	45 
1447	91 
1448	44 
1449	8 
1450	37 
1451	10 
1452	54 
1453	95 
1454	83 
1455	63 
1456	38 
1457	47 
1458	10 
1459	11 
1460	59 
1461	47 
1462	29 
1463	13 
1464	85 
1465	80 
1466	59 
1467	61 
1468	35 
1469	77 
1470	21 
1471	71 
1472	79 
1473	78 
1474	58 
1475	11 
1476	37 
1477	81 
1478	83 
1479	81 
1480	79 
1481	39 
1482	3 
1483	83 
1484	8 
1485	5 
1486	80 
1487	37 
1488	79 
1489	32 
1490	13 
1491	71 
1492	77 
1493	61 
1494	11 
1495	43 
1496	32 
1497	38 
1498	44 
1499	11 
1500	73 
1501	66 
1502	81 
1503	80 
1504	59 
1505	76 
1506	92 
1507	87 
1508	22 
1509	66 
1510	35 
1511	94 
1512	90 
1513	35 
1514	21 
1515	38 
1516	23 
1517	36 
1518	77 
1519	35 
1520	28 
1521	83 
1522	1 
1523	52 
1524	43 
1525	79 
1526	18 
1527	64 
1528	68 
1529	77 
1530	46 
1531	86 
1532	67 
1533	63 
1534	64 
1535	86 
1536	32 
1537	19 
1538	94 
1539	38 
1540	93 
1541	56 
1542	96 
1543	52 
1544	39 
1545	11 
1546	59 
1547	34 
1548	51 
1549	77 
1550	59 
1551	95 
1552	11 
1553	17 
1554	10 
1555	44 
1556	14 
1557	15 
1558	35 
1559	16 
1560	51 
1561	58 
1562	55 
1563	37 
1564	87 
1565	18 
1566	6 
1567	45 
1568	16 
1569	45 
1570	58 
1571	93 
1572	92 
1573	56 
1574	66 
1575	86 
1576	1 
1577	66 
1578	50 
1579	40 
1580	15 
1581	39 
1582	5 
1583	39 
1584	3 
1585	87 
1586	79 
1587	3 
1588	19 
1589	85 
1590	39 
1591	18 
1592	6 
1593	85 
1594	32 
1595	92 
1596	70 
1597	92 
1598	67 
1599	14 
1600	6 
1601	58 
1602	73 
1603	95 
1604	91 
1605	46 
1606	54 
1607	21 
1608	46 
1609	32 
1610	80 
1611	65 
1612	86 
1613	37 
1614	96 
1615	94 
1616	43 
1617	19 
1618	51 
1619	65 
1620	85 
1621	9 
1622	92 
1623	55 
1624	56 
1625	90 
1626	86 
1627	89 
1628	12 
1629	66 
1630	41 
1631	28 
1632	87 
1633	13 
1634	73 
1635	21 
1636	2 
1637	59 
1638	84 
1639	91 
1640	27 
1641	17 
1642	62 
1643	38 
1644	7 
1645	62 
1646	15 
1647	61 
1648	6 
1649	9 
1650	88 
1651	35 
1652	64 
1653	71 
1654	10 
1655	79 
1656	35 
1657	49 
1658	13 
1659	14 
1660	11 
1661	5 
1662	63 
1663	37 
1664	28 
1665	61 
1666	9 
1667	28 
1668	64 
1669	11 
1670	58 
1671	83 
1672	1 
1673	79 
1674	79 
1675	81 
1676	35 
1677	59 
1678	85 
1679	45 
1680	47 
1681	39 
1682	90 
1683	36 
1684	35 
1685	54 
1686	88 
1687	29 
1688	90 
1689	92 
1690	75 
1691	37 
1692	79 
1693	26 
1694	70 
1695	29 
1696	26 
1697	59 
1698	51 
1699	65 
1700	75 
1701	14 
1702	80 
1703	77 
1704	92 
1705	32 
1706	40 
1707	66 
1708	48 
1709	30 
1710	60 
1711	38 
1712	14 
1713	85 
1714	35 
1715	18 
1716	48 
1717	95 
1718	80 
1719	59 
1720	10 
1721	13 
1722	90 
1723	37 
1724	78 
1725	11 
1726	58 
1727	77 
1728	42 
1729	8 
1730	8 
1731	3 
1732	11 
1733	83 
1734	7 
1735	59 
1736	47 
1737	21 
1738	37 
1739	38 
1740	18 
1741	20 
1742	59 
1743	17 
1744	90 
1745	61 
1746	4 
1747	59 
1748	11 
1749	72 
1750	47 
1751	42 
1752	58 
1753	26 
1754	64 
1755	39 
1756	82 
1757	17 
1758	95 
1759	51 
1760	3 
1761	41 
1762	94 
1763	64 
1764	56 
1765	30 
1766	93 
1767	17 
1768	85 
1769	59 
1770	64 
1771	9 
1772	89 
1773	53 
1774	35 
1775	55 
1776	48 
1777	94 
1778	79 
1779	31 
1780	53 
1781	20 
1782	45 
1783	63 
1784	41 
1785	43 
1786	59 
1787	42 
1788	53 
1789	94 
1790	94 
1791	1 
1792	80 
1793	65 
1794	91 
1795	83 
1796	55 
1797	92 
1798	14 
1799	85 
1800	58 
1801	86 
1802	7 
1803	9 
1804	33 
1805	33 
1806	20 
1807	66 
1808	87 
1809	38 
1810	35 
1811	39 
1812	1 
1813	16 
1814	65 
1815	23 
1816	10 
1817	77 
1818	58 
1819	55 
1820	69 
1821	23 
1822	61 
1823	39 
1824	18 
1825	77 
1826	57 
1827	16 
1828	28 
1829	14 
1830	49 
1831	10 
1832	40 
1833	82 
1834	68 
1835	81 
1836	30 
1837	37 
1838	83 
1839	53 
1840	76 
1841	57 
1842	40 
1843	19 
1844	22 
1845	28 
1846	10 
1847	65 
1848	34 
1849	87 
1850	77 
1851	46 
1852	34 
1853	79 
1854	95 
1855	37 
1856	55 
1857	21 
1858	34 
1859	10 
1860	71 
1861	84 
1862	48 
1863	70 
1864	95 
1865	9 
1866	72 
1867	85 
1868	39 
1869	73 
1870	11 
1871	56 
1872	34 
1873	46 
1874	86 
1875	16 
1876	17 
1877	70 
1878	77 
1879	96 
1880	41 
1881	14 
1882	71 
1883	64 
1884	75 
1885	21 
1886	72 
1887	20 
1888	11 
1889	8 
1890	61 
1891	21 
1892	83 
1893	11 
1894	94 
1895	81 
1896	8 
1897	43 
1898	29 
1899	22 
1900	91 
1901	57 
1902	49 
1903	42 
1904	9 
1905	27 
1906	2 
1907	38 
1908	38 
1909	96 
1910	81 
1911	71 
1912	61 
1913	80 
1914	34 
1915	24 
1916	22 
1917	86 
1918	75 
1919	6 
1920	41 
1921	68 
1922	2 
1923	37 
1924	74 
1925	61 
1926	26 
1927	35 
1928	26 
1929	55 
1930	82 
1931	52 
1932	78 
1933	46 
1934	71 
1935	26 
1936	10 
1937	21 
1938	57 
1939	60 
1940	71 
1941	14 
1942	82 
1943	37 
1944	26 
1945	17 
1946	21 
1947	37 
1948	79 
1949	11 
1950	17 
1951	23 
1952	69 
1953	30 
1954	58 
1955	80 
1956	76 
1957	80 
1958	84 
1959	75 
1960	82 
1961	10 
1962	30 
1963	9 
1964	65 
1965	58 
1966	91 
1967	56 
1968	37 
1969	35 
1970	86 
1971	85 
1972	3 
1973	49 
1974	38 
1975	73 
1976	90 
1977	84 
1978	1 
1979	26 
1980	54 
1981	76 
1982	35 
1983	34 
1984	21 
1985	77 
1986	73 
1987	83 
1988	26 
1989	87 
1990	6 
1991	86 
1992	73 
1993	75 
1994	20 
1995	15 
1996	1 
1997	43 
1998	85 
1999	51 
2000	82 
2001	54 
2002	37 
2003	69 
2004	42 
2005	31 
2006	94 
2007	1 
2008	54 
2009	20 
2010	85 
2011	64 
2012	17 
2013	85 
2014	66 
2015	71 
2016	66 
2017	52 
2018	44 
2019	40 
2020	2 
2021	25 
2022	19 
2023	89 
2024	75 
2025	94 
2026	22 
2027	61 
2028	14 
2029	58 
2030	3 
2031	29 
2032	65 
2033	21 
2034	80 
2035	62 
2036	56 
2037	35 
2038	94 
2039	89 
2040	35 
2041	26 
2042	58 
2043	53 
2044	77 
2045	10 
2046	70 
2047	48 
2048	47 
2049	65 
2050	23 
2051	65 
2052	47 
2053	70 
2054	11 
2055	80 
2056	77 
2057	61 
2058	62 
2059	76 
2060	4 
2061	49 
2062	96 
2063	12 
2064	87 
2065	76 
2066	80 
2067	73 
2068	91 
2069	67 
2070	86 
2071	71 
2072	68 
2073	48 
2074	10 
2075	33 
2076	17 
2077	95 
2078	94 
2079	87 
2080	83 
2081	39 
2082	45 
2083	17 
2084	66 
2085	31 
2086	66 
2087	9 
2088	85 
2089	17 
2090	73 
2091	89 
2092	49 
2093	76 
2094	79 
2095	85 
2096	77 
2097	61 
2098	66 
2099	32 
2100	37 
2101	87 
2102	33 
2103	55 
2104	33 
2105	37 
2106	14 
2107	26 
2108	38 
2109	2 
2110	30 
2111	26 
2112	53 
2113	43 
2114	48 
2115	73 
2116	84 
2117	65 
2118	33 
2119	11 
2120	55 
2121	77 
2122	71 
2123	6 
2124	12 
2125	32 
2126	39 
2127	42 
2128	34 
2129	63 
2130	6 
2131	74 
2132	21 
2133	66 
2134	88 
2135	48 
2136	66 
2137	45 
2138	50 
2139	83 
2140	45 
2141	96 
2142	11 
2143	69 
2144	79 
2145	83 
2146	46 
2147	30 
2148	11 
2149	11 
2150	18 
2151	16 
2152	81 
2153	79 
2154	19 
2155	74 
2156	58 
2157	23 
2158	63 
2159	22 
2160	49 
2161	17 
2162	38 
2163	48 
2164	51 
2165	49 
2166	65 
2167	64 
2168	14 
2169	7 
2170	40 
2171	90 
2172	79 
2173	87 
2174	57 
2175	85 
2176	11 
2177	4 
2178	77 
2179	38 
2180	12 
2181	57 
2182	21 
2183	35 
2184	35 
2185	69 
2186	69 
2187	17 
2188	11 
2189	39 
2190	49 
2191	13 
2192	39 
2193	23 
2194	80 
2195	34 
2196	92 
2197	3 
2198	17 
2199	68 
2200	41 
2201	10 
2202	20 
2203	73 
2204	11 
2205	55 
2206	83 
2207	68 
2208	59 
2209	48 
2210	26 
2211	15 
2212	3 
2213	66 
2214	65 
2215	60 
2216	20 
2217	54 
2218	65 
2219	32 
2220	10 
2221	65 
2222	7 
2223	85 
2224	32 
2225	61 
2226	64 
2227	57 
2228	10 
2229	4 
2230	15 
2231	81 
2232	30 
2233	26 
2234	86 
2235	86 
2236	17 
2237	48 
2238	77 
2239	31 
2240	40 
2241	73 
2242	3 
2243	18 
2244	58 
2245	83 
2246	87 
2247	81 
2248	80 
2249	2 
2250	43 
2251	73 
2252	65 
2253	65 
2254	50 
2255	77 
2256	54 
2257	7 
2258	45 
2259	26 
2260	47 
2261	19 
2262	96 
2263	77 
2264	44 
2265	9 
2266	11 
2267	14 
2268	37 
2269	85 
2270	41 
2271	34 
2272	85 
2273	77 
2274	70 
2275	9 
2276	48 
2277	40 
2278	91 
2279	31 
2280	56 
2281	65 
2282	33 
2283	22 
2284	37 
2285	15 
2286	35 
2287	24 
2288	69 
2289	95 
2290	49 
2291	59 
2292	20 
2293	86 
2294	76 
2295	35 
2296	73 
2297	90 
2298	35 
2299	83 
2300	46 
2301	79 
2302	87 
2303	56 
2304	38 
2305	21 
2306	81 
2307	79 
2308	32 
2309	66 
2310	95 
2311	86 
2312	33 
2313	65 
2314	9 
2315	86 
2316	46 
2317	87 
2318	91 
2319	10 
2320	87 
2321	89 
2322	13 
2323	30 
2324	94 
2325	85 
2326	40 
2327	83 
2328	11 
2329	43 
2330	45 
2331	16 
2332	36 
2333	82 
2334	64 
2335	96 
2336	77 
2337	33 
2338	11 
2339	35 
2340	21 
2341	39 
2342	26 
2343	25 
2344	27 
2345	3 
2346	6 
2347	65 
2348	41 
2349	36 
2350	28 
2351	30 
2352	57 
2353	93 
2354	69 
2355	61 
2356	35 
2357	61 
2358	28 
2359	52 
2360	38 
2361	46 
2362	47 
2363	83 
2364	26 
2365	17 
2366	86 
2367	4 
2368	37 
2369	62 
2370	77 
2371	22 
2372	36 
2373	47 
2374	9 
2375	58 
2376	48 
2377	87 
2378	64 
2379	66 
2380	44 
2381	94 
2382	12 
2383	51 
2384	86 
2385	14 
2386	46 
2387	74 
2388	92 
2389	49 
2390	64 
2391	86 
2392	66 
2393	61 
2394	83 
2395	34 
2396	81 
2397	17 
2398	32 
2399	1 
2400	5 
2401	65 
2402	25 
2403	77 
2404	85 
2405	22 
2406	21 
2407	17 
2408	37 
2409	21 
2410	55 
2411	64 
2412	63 
2413	13 
2414	61 
2415	61 
2416	50 
2417	17 
2418	86 
2419	61 
2420	10 
2421	21 
2422	73 
2423	49 
2424	47 
2425	9 
2426	95 
2427	60 
2428	21 
2429	15 
2430	75 
2431	73 
2432	58 
2433	37 
2434	9 
2435	62 
2436	20 
2437	11 
2438	39 
2439	52 
2440	57 
2441	28 
2442	33 
2443	15 
2444	64 
2445	32 
2446	49 
2447	63 
2448	92 
2449	4 
2450	34 
2451	17 
2452	58 
2453	37 
2454	61 
2455	85 
2456	11 
2457	72 
2458	46 
2459	40 
2460	74 
2461	8 
2462	33 
2463	26 
2464	40 
2465	76 
2466	78 
2467	54 
2468	73 
2469	17 
2470	70 
2471	73 
2472	51 
2473	62 
2474	34 
2475	84 
2476	73 
2477	83 
2478	92 
2479	11 
2480	37 
2481	45 
2482	58 
2483	59 
2484	52 
2485	4 
2486	89 
2487	18 
2488	45 
2489	39 
2490	30 
2491	78 
2492	76 
2493	69 
2494	93 
2495	35 
2496	60 
2497	33 
2498	48 
2499	35 
2500	18 
2501	80 
2502	11 
2503	70 
2504	18 
2505	64 
2506	38 
2507	58 
2508	58 
2509	71 
2510	58 
2511	10 
2512	58 
2513	11 
2514	54 
2515	18 
2516	11 
2517	7 
2518	14 
2519	88 
2520	14 
2521	20 
2522	56 
2523	94 
2524	11 
2525	24 
2526	18 
2527	34 
2528	53 
2529	80 
2530	47 
2531	17 
2532	28 
2533	58 
2534	83 
2535	30 
2536	74 
2537	28 
2538	35 
2539	19 
2540	90 
2541	93 
2542	57 
2543	65 
2544	26 
2545	48 
2546	45 
2547	58 
2548	37 
2549	10 
2550	55 
2551	11 
2552	37 
2553	84 
2554	61 
2555	76 
2556	83 
2557	81 
2558	37 
2559	51 
2560	44 
2561	27 
2562	92 
2563	89 
2564	8 
2565	39 
2566	13 
2567	69 
2568	85 
2569	24 
2570	75 
2571	59 
2572	26 
2573	96 
2574	25 
2575	17 
2576	64 
2577	37 
2578	14 
2579	13 
2580	36 
2581	60 
2582	86 
2583	20 
2584	30 
2585	12 
2586	11 
2587	46 
2588	51 
2589	48 
2590	76 
2591	56 
2592	45 
2593	70 
2594	93 
2595	66 
2596	80 
2597	18 
2598	2 
2599	64 
2600	71 
2601	47 
2602	93 
2603	92 
2604	38 
2605	67 
2606	21 
2607	46 
2608	74 
2609	65 
2610	5 
2611	30 
2612	73 
2613	95 
2614	24 
2615	85 
2616	85 
2617	24 
2618	37 
2619	17 
2620	40 
2621	93 
2622	30 
2623	40 
2624	38 
2625	48 
2626	24 
2627	76 
2628	13 
2629	10 
2630	46 
2631	40 
2632	83 
2633	16 
2634	3 
2635	74 
2636	91 
2637	52 
2638	50 
2639	59 
2640	74 
2641	81 
2642	54 
2643	72 
2644	18 
2645	51 
2646	47 
2647	23 
2648	92 
2649	3 
2650	21 
2651	34 
2652	53 
2653	87 
2654	18 
2655	49 
2656	94 
2657	53 
2658	20 
2659	50 
2660	38 
2661	46 
2662	56 
2663	59 
2664	69 
2665	21 
2666	35 
2667	28 
2668	45 
2669	71 
2670	65 
2671	10 
2672	67 
2673	15 
2674	45 
2675	50 
2676	58 
2677	14 
2678	28 
2679	35 
2680	34 
2681	49 
2682	11 
2683	80 
2684	56 
2685	55 
2686	76 
2687	26 
2688	46 
2689	75 
2690	61 
2691	50 
2692	53 
2693	7 
2694	3 
2695	64 
2696	26 
2697	81 
2698	78 
2699	69 
2700	60 
2701	39 
2702	29 
2703	78 
2704	4 
2705	94 
2706	14 
2707	94 
2708	56 
2709	26 
2710	28 
2711	6 
2712	72 
2713	2 
2714	61 
2715	2 
2716	83 
2717	85 
2718	16 
2719	81 
2720	80 
2721	59 
2722	12 
2723	81 
2724	96 
2725	94 
2726	46 
2727	15 
2728	18 
2729	40 
2730	61 
2731	38 
2732	78 
2733	91 
2734	45 
2735	21 
2736	19 
2737	20 
2738	76 
2739	60 
2740	69 
2741	79 
2742	39 
2743	51 
2744	81 
2745	21 
2746	67 
2747	63 
2748	2 
2749	72 
2750	10 
2751	83 
2752	20 
2753	21 
2754	37 
2755	50 
2756	39 
2757	83 
2758	7 
2759	23 
2760	35 
2761	73 
2762	75 
2763	72 
2764	26 
2765	92 
2766	78 
2767	30 
2768	11 
2769	40 
2770	58 
2771	95 
2772	2 
2773	18 
2774	9 
2775	95 
2776	71 
2777	65 
2778	17 
2779	90 
2780	8 
2781	26 
2782	53 
2783	28 
2784	89 
2785	5 
2786	64 
2787	60 
2788	49 
2789	26 
2790	15 
2791	21 
2792	91 
2793	71 
2794	46 
2795	29 
2796	10 
2797	83 
2798	11 
2799	46 
2800	90 
2801	73 
2802	30 
2803	64 
2804	80 
2805	51 
2806	75 
2807	73 
2808	1 
2809	71 
2810	38 
2811	93 
2812	26 
2813	3 
2814	49 
2815	84 
2816	79 
2817	20 
2818	10 
2819	75 
2820	9 
2821	90 
2822	49 
2823	40 
2824	64 
2825	89 
2826	30 
2827	11 
2828	17 
2829	65 
2830	48 
2831	22 
2832	19 
2833	8 
2834	86 
2835	26 
2836	83 
2837	82 
2838	35 
2839	8 
2840	92 
2841	78 
2842	38 
2843	52 
2844	71 
2845	92 
2846	23 
2847	28 
2848	13 
2849	56 
2850	76 
2851	82 
2852	17 
2853	23 
2854	56 
2855	95 
2856	11 
2857	60 
2858	30 
2859	64 
2860	82 
2861	14 
2862	15 
2863	15 
2864	29 
2865	77 
2866	58 
2867	21 
2868	17 
2869	7 
2870	59 
2871	13 
2872	67 
2873	76 
2874	84 
2875	70 
2876	20 
2877	94 
2878	33 
2879	76 
2880	3 
2881	54 
2882	6 
2883	80 
2884	34 
2885	40 
2886	64 
2887	20 
2888	89 
2889	54 
2890	61 
2891	43 
2892	61 
2893	79 
2894	25 
2895	73 
2896	94 
2897	94 
2898	5 
2899	76 
2900	26 
2901	85 
2902	27 
2903	73 
2904	74 
2905	42 
2906	87 
2907	77 
2908	86 
2909	66 
2910	25 
2911	72 
2912	12 
2913	15 
2914	18 
2915	65 
2916	84 
2917	38 
2918	86 
2919	21 
2920	4 
2921	11 
2922	34 
2923	11 
2924	12 
2925	83 
2926	31 
2927	19 
2928	88 
2929	30 
2930	14 
2931	3 
2932	32 
2933	29 
2934	21 
2935	35 
2936	64 
2937	94 
2938	33 
2939	38 
2940	7 
2941	91 
2942	91 
2943	43 
2944	30 
2945	94 
2946	53 
2947	77 
2948	56 
2949	30 
2950	21 
2951	43 
2952	44 
2953	64 
2954	21 
2955	47 
2956	48 
2957	18 
2958	75 
2959	56 
2960	68 
2961	45 
2962	78 
2963	14 
2964	5 
2965	37 
2966	61 
2967	66 
2968	48 
2969	75 
2970	23 
2971	96 
2972	68 
2973	35 
2974	77 
2975	3 
2976	39 
2977	22 
2978	58 
2979	84 
2980	71 
2981	3 
2982	76 
2983	37 
2984	14 
2985	59 
2986	51 
2987	6 
2988	21 
2989	10 
2990	95 
2991	72 
2992	15 
2993	3 
2994	52 
2995	46 
2996	11 
2997	3 
2998	85 
2999	78 
3000	73 
3001	29 
3002	37 
3003	25 
3004	17 
3005	18 
3006	15 
3007	9 
3008	57 
3009	46 
3010	5 
3011	27 
3012	30 
3013	69 
3014	7 
3015	36 
3016	27 
3017	77 
3018	1 
3019	83 
3020	81 
3021	66 
3022	9 
3023	59 
3024	60 
3025	80 
3026	39 
3027	9 
3028	45 
3029	43 
3030	34 
3031	21 
3032	24 
3033	37 
3034	45 
3035	28 
3036	14 
3037	22 
3038	17 
3039	36 
3040	92 
3041	1 
3042	66 
3043	2 
3044	17 
3045	40 
3046	95 
3047	65 
3048	65 
3049	75 
3050	69 
3051	77 
3052	90 
3053	9 
3054	16 
3055	21 
3056	92 
3057	69 
3058	76 
3059	18 
3060	22 
3061	22 
3062	15 
3063	23 
3064	61 
3065	64 
3066	5 
3067	38 
3068	88 
3069	73 
3070	85 
3071	65 
3072	14 
3073	86 
3074	45 
3075	32 
3076	45 
3077	45 
3078	55 
3079	80 
3080	33 
3081	73 
3082	30 
3083	58 
3084	62 
3085	87 
3086	64 
3087	15 
3088	79 
3089	77 
3090	27 
3091	53 
3092	70 
3093	73 
3094	15 
3095	86 
3096	66 
3097	37 
3098	32 
3099	17 
3100	61 
3101	52 
3102	76 
3103	90 
3104	96 
3105	55 
3106	62 
3107	56 
3108	13 
3109	89 
3110	34 
3111	29 
3112	41 
3113	81 
3114	15 
3115	48 
3116	82 
3117	2 
3118	45 
3119	47 
3120	85 
3121	37 
3122	88 
3123	89 
3124	35 
3125	95 
3126	4 
3127	56 
3128	57 
3129	27 
3130	63 
3131	65 
3132	88 
3133	58 
3134	69 
3135	36 
3136	51 
3137	86 
3138	39 
3139	38 
3140	91 
3141	83 
3142	93 
3143	32 
3144	51 
3145	77 
3146	96 
3147	80 
3148	25 
3149	37 
3150	94 
3151	80 
3152	85 
3153	66 
3154	51 
3155	19 
3156	11 
3157	80 
3158	89 
3159	45 
3160	59 
3161	56 
3162	45 
3163	58 
3164	30 
3165	37 
3166	67 
3167	92 
3168	76 
3169	75 
3170	71 
3171	94 
3172	65 
3173	32 
3174	96 
3175	19 
3176	12 
3177	52 
3178	17 
3179	33 
3180	51 
3181	71 
3182	77 
3183	11 
3184	96 
3185	36 
3186	5 
3187	34 
3188	49 
3189	96 
3190	68 
3191	93 
3192	16 
3193	67 
3194	83 
3195	70 
3196	61 
3197	11 
3198	34 
3199	66 
3200	94 
3201	26 
3202	54 
3203	74 
3204	76 
3205	44 
3206	79 
3207	51 
3208	67 
3209	2 
3210	30 
3211	35 
3212	21 
3213	73 
3214	9 
3215	65 
3216	54 
3217	32 
3218	73 
3219	26 
3220	83 
3221	84 
3222	17 
3223	18 
3224	88 
3225	59 
3226	13 
3227	10 
3228	3 
3229	45 
3230	38 
3231	30 
3232	58 
3233	66 
3234	90 
3235	3 
3236	79 
3237	23 
3238	64 
3239	35 
3240	57 
3241	35 
3242	75 
3243	24 
3244	87 
3245	61 
3246	39 
3247	48 
3248	63 
3249	85 
3250	96 
3251	77 
3252	49 
3253	80 
3254	58 
3255	68 
3256	26 
3257	73 
3258	75 
3259	72 
3260	63 
3261	94 
3262	74 
3263	26 
3264	12 
3265	50 
3266	69 
3267	53 
3268	43 
3269	8 
3270	70 
3271	13 
3272	77 
3273	72 
3274	27 
3275	3 
3276	78 
3277	15 
3278	57 
3279	30 
3280	72 
3281	21 
3282	9 
3283	87 
3284	81 
3285	52 
3286	88 
3287	71 
3288	61 
3289	42 
3290	92 
3291	23 
3292	6 
3293	82 
3294	48 
3295	93 
3296	14 
3297	61 
3298	17 
3299	83 
3300	33 
3301	8 
3302	87 
3303	64 
3304	91 
3305	68 
3306	62 
3307	64 
3308	92 
3309	69 
3310	55 
3311	15 
3312	33 
3313	37 
3314	65 
3315	9 
3316	55 
3317	46 
3318	25 
3319	85 
3320	96 
3321	59 
3322	4 
3323	26 
3324	30 
3325	9 
3326	56 
3327	83 
3328	96 
3329	34 
3330	5 
3331	84 
3332	93 
3333	35 
3334	22 
3335	96 
3336	61 
3337	54 
3338	37 
3339	2 
3340	46 
3341	17 
3342	68 
3343	14 
3344	78 
3345	59 
3346	60 
3347	58 
3348	33 
3349	75 
3350	74 
3351	94 
3352	75 
3353	81 
3354	86 
3355	65 
3356	61 
3357	89 
3358	6 
3359	46 
3360	14 
3361	63 
3362	6 
3363	82 
3364	4 
3365	65 
3366	14 
3367	41 
3368	24 
3369	29 
3370	7 
3371	23 
3372	72 
3373	34 
3374	57 
3375	26 
3376	56 
3377	61 
3378	64 
3379	68 
3380	31 
3381	80 
3382	64 
3383	77 
3384	15 
3385	20 
3386	48 
3387	93 
3388	80 
3389	58 
3390	1 
3391	40 
3392	18 
3393	14 
3394	32 
3395	38 
3396	63 
3397	46 
3398	38 
3399	46 
3400	69 
3401	82 
3402	48 
3403	18 
3404	64 
3405	16 
3406	73 
3407	41 
3408	61 
3409	94 
3410	86 
3411	10 
3412	48 
3413	16 
3414	18 
3415	46 
3416	37 
3417	67 
3418	79 
3419	26 
3420	35 
3421	75 
3422	4 
3423	85 
3424	49 
3425	61 
3426	65 
3427	92 
3428	44 
3429	87 
3430	15 
3431	75 
3432	33 
3433	25 
3434	11 
3435	39 
3436	42 
3437	67 
3438	23 
3439	26 
3440	83 
3441	35 
3442	75 
3443	45 
3444	49 
3445	25 
3446	61 
3447	52 
3448	19 
3449	38 
3450	66 
3451	49 
3452	10 
3453	17 
3454	17 
3455	4 
3456	38 
3457	30 
3458	74 
3459	87 
3460	42 
3461	14 
3462	28 
3463	64 
3464	74 
3465	77 
3466	56 
3467	69 
3468	9 
3469	26 
3470	31 
3471	39 
3472	83 
3473	57 
3474	35 
3475	49 
3476	11 
3477	87 
3478	11 
3479	65 
3480	3 
3481	46 
3482	88 
3483	75 
3484	30 
3485	57 
3486	85 
3487	71 
3488	39 
3489	23 
3490	57 
3491	46 
3492	63 
3493	58 
3494	85 
3495	53 
3496	18 
3497	9 
3498	60 
3499	86 
3500	11 
3501	40 
3502	23 
3503	79 
3504	90 
3505	11 
3506	73 
3507	37 
3508	8 
3509	3 
3510	35 
3511	40 
3512	9 
3513	35 
3514	22 
3515	3 
3516	72 
3517	12 
3518	96 
3519	49 
3520	32 
3521	35 
3522	64 
3523	72 
3524	76 
3525	91 
3526	96 
3527	46 
3528	63 
3529	53 
3530	38 
3531	62 
3532	67 
3533	19 
3534	64 
3535	3 
3536	35 
3537	33 
3538	56 
3539	70 
3540	12 
3541	57 
3542	94 
3543	91 
3544	83 
3545	85 
3546	90 
3547	41 
3548	17 
3549	43 
3550	14 
3551	19 
3552	21 
3553	94 
3554	49 
3555	81 
3556	56 
3557	9 
3558	77 
3559	77 
3560	33 
3561	9 
3562	81 
3563	59 
3564	63 
3565	17 
3566	87 
3567	82 
3568	14 
3569	74 
3570	79 
3571	94 
3572	23 
3573	66 
3574	92 
3575	86 
3576	68 
3577	59 
3578	53 
3579	74 
3580	80 
3581	32 
3582	24 
3583	96 
3584	71 
3585	46 
3586	94 
3587	4 
3588	30 
3589	39 
3590	59 
3591	48 
3592	51 
3593	26 
3594	10 
3595	21 
3596	81 
3597	87 
3598	78 
3599	22 
3600	77 
3601	38 
3602	39 
3603	9 
3604	57 
3605	84 
3606	83 
3607	92 
3608	66 
3609	39 
3610	26 
3611	86 
3612	46 
3613	48 
3614	75 
3615	27 
3616	9 
3617	82 
3618	56 
3619	94 
3620	39 
3621	63 
3622	14 
3623	60 
3624	20 
3625	49 
3626	85 
3627	62 
3628	77 
3629	34 
3630	66 
3631	7 
3632	68 
3633	51 
3634	49 
3635	75 
3636	37 
3637	83 
3638	69 
3639	14 
3640	38 
3641	83 
3642	2 
3643	4 
3644	9 
3645	10 
3646	15 
3647	16 
3648	5 
3649	74 
3650	45 
3651	6 
3652	86 
3653	31 
3654	54 
3655	80 
3656	7 
3657	20 
3658	92 
3659	21 
3660	93 
3661	10 
3662	64 
3663	42 
3664	15 
3665	89 
3666	58 
3667	52 
3668	93 
3669	36 
3670	95 
3671	45 
3672	40 
3673	52 
3674	65 
3675	33 
3676	59 
3677	92 
3678	16 
3679	41 
3680	56 
3681	39 
3682	68 
3683	64 
3684	37 
3685	70 
3686	80 
3687	73 
3688	26 
3689	13 
3690	54 
3691	27 
3692	46 
3693	14 
3694	17 
3695	15 
3696	39 
3697	50 
3698	86 
3699	11 
3700	77 
3701	92 
3702	38 
3703	57 
3704	21 
3705	37 
3706	92 
3707	9 
3708	94 
3709	63 
3710	91 
3711	84 
3712	26 
3713	8 
3714	89 
3715	76 
3716	16 
3717	75 
3718	17 
3719	65 
3720	31 
3721	9 
3722	1 
3723	45 
3724	58 
3725	83 
3726	25 
3727	65 
3728	60 
3729	7 
3730	69 
3731	10 
3732	64 
3733	4 
3734	88 
3735	77 
3736	80 
3737	86 
3738	85 
3739	56 
3740	26 
3741	77 
3742	79 
3743	49 
3744	11 
3745	79 
3746	83 
3747	81 
3748	15 
3749	86 
3750	94 
3751	91 
3752	47 
3753	58 
3754	75 
3755	47 
3756	20 
3757	30 
3758	28 
3759	90 
3760	90 
3761	84 
3762	85 
3763	64 
3764	64 
3765	20 
3766	45 
3767	47 
3768	37 
3769	5 
3770	77 
3771	73 
3772	46 
3773	75 
3774	26 
3775	3 
3776	35 
3777	55 
3778	45 
3779	69 
3780	62 
3781	90 
3782	33 
3783	83 
3784	20 
3785	2 
3786	87 
3787	63 
3788	37 
3789	34 
3790	55 
3791	58 
3792	48 
3793	90 
3794	34 
3795	26 
3796	67 
3797	85 
3798	11 
3799	94 
3800	2 
3801	70 
3802	95 
3803	91 
3804	3 
3805	61 
3806	3 
3807	13 
3808	92 
3809	91 
3810	66 
3811	10 
3812	56 
3813	72 
3814	39 
3815	2 
3816	69 
3817	87 
3818	45 
3819	86 
3820	44 
3821	48 
3822	57 
3823	71 
3824	45 
3825	53 
3826	34 
3827	35 
3828	47 
3829	51 
3830	19 
3831	30 
3832	82 
3833	92 
3834	83 
3835	14 
3836	41 
3837	64 
3838	59 
3839	94 
3840	22 
3841	52 
3842	71 
3843	94 
3844	80 
3845	59 
3846	66 
3847	32 
3848	52 
3849	75 
3850	80 
3851	1 
3852	69 
3853	77 
3854	59 
3855	54 
3856	16 
3857	7 
3858	35 
3859	35 
3860	49 
3861	25 
3862	37 
3863	10 
3864	56 
3865	16 
3866	14 
3867	59 
3868	26 
3869	34 
3870	54 
3871	37 
3872	93 
3873	31 
3874	26 
3875	92 
3876	11 
3877	61 
3878	61 
3879	88 
3880	83 
3881	59 
3882	2 
3883	33 
3884	12 
3885	81 
3886	15 
3887	76 
3888	37 
3889	76 
3890	30 
3891	89 
3892	26 
3893	26 
3894	71 
3895	33 
3896	23 
3897	88 
3898	64 
3899	11 
3900	10 
3901	1 
3902	96 
3903	71 
3904	75 
3905	35 
3906	45 
3907	18 
3908	80 
3909	81 
3910	71 
3911	9 
3912	59 
3913	38 
3914	51 
3915	79 
3916	50 
3917	28 
3918	66 
3919	26 
3920	10 
3921	40 
3922	93 
3923	73 
3924	51 
3925	52 
3926	95 
3927	47 
3928	77 
3929	71 
3930	34 
3931	36 
3932	56 
3933	10 
3934	57 
3935	58 
3936	11 
3937	9 
3938	75 
3939	79 
3940	53 
3941	39 
3942	74 
3943	61 
3944	94 
3945	9 
3946	35 
3947	94 
3948	28 
3949	26 
3950	41 
3951	65 
3952	93 
3953	76 
3954	21 
3955	9 
3956	55 
3957	92 
3958	58 
3959	11 
3960	78 
3961	65 
3962	10 
3963	75 
3964	61 
3965	48 
3966	42 
3967	11 
3968	80 
3969	93 
3970	50 
3971	62 
3972	33 
3973	66 
3974	89 
3975	78 
3976	91 
3977	80 
3978	55 
3979	96 
3980	88 
3981	91 
3982	83 
3983	79 
3984	96 
3985	95 
3986	84 
3987	10 
3988	11 
3989	17 
3990	46 
3991	11 
3992	87 
3993	50 
3994	46 
3995	86 
3996	56 
3997	49 
3998	75 
3999	6 
4000	34 
4001	83 
4002	19 
4003	17 
4004	59 
4005	95 
4006	79 
4007	23 
4008	60 
4009	13 
4010	17 
4011	45 
4012	81 
4013	65 
4014	16 
4015	21 
4016	3 
4017	44 
4018	25 
4019	44 
4020	9 
4021	68 
4022	46 
4023	68 
4024	46 
4025	10 
4026	48 
4027	66 
4028	64 
4029	95 
4030	88 
4031	35 
4032	84 
4033	13 
4034	65 
4035	26 
4036	64 
4037	91 
4038	48 
4039	43 
4040	80 
4041	10 
4042	80 
4043	3 
4044	73 
4045	61 
4046	28 
4047	20 
4048	54 
4049	21 
4050	40 
4051	39 
4052	48 
4053	73 
4054	47 
4055	7 
4056	46 
4057	64 
4058	81 
4059	61 
4060	35 
4061	94 
4062	1 
4063	81 
4064	49 
4065	59 
4066	85 
4067	49 
4068	85 
4069	15 
4070	23 
4071	62 
4072	30 
4073	35 
4074	48 
4075	63 
4076	51 
4077	90 
4078	21 
4079	9 
4080	51 
4081	75 
4082	38 
4083	26 
4084	32 
4085	63 
4086	33 
4087	54 
4088	22 
4089	69 
4090	76 
4091	58 
4092	51 
4093	58 
4094	63 
4095	72 
4096	84 
4097	27 
4098	85 
4099	46 
4100	64 
4101	45 
4102	20 
4103	26 
4104	26 
4105	87 
4106	14 
4107	17 
4108	57 
4109	3 
4110	32 
4111	47 
4112	24 
4113	78 
4114	11 
4115	29 
4116	67 
4117	43 
4118	46 
4119	26 
4120	49 
4121	48 
4122	86 
4123	61 
4124	18 
4125	73 
4126	44 
4127	11 
4128	13 
4129	23 
4130	48 
4131	39 
4132	18 
4133	94 
4134	49 
4135	17 
4136	14 
4137	2 
4138	52 
4139	81 
4140	57 
4141	69 
4142	50 
4143	17 
4144	94 
4145	54 
4146	80 
4147	26 
4148	3 
4149	46 
4150	21 
4151	77 
4152	53 
4153	7 
4154	10 
4155	32 
4156	90 
4157	56 
4158	26 
4159	82 
4160	18 
4161	18 
4162	61 
4163	14 
4164	56 
4165	80 
4166	78 
4167	12 
4168	34 
4169	48 
4170	74 
4171	68 
4172	15 
4173	96 
4174	61 
4175	35 
4176	58 
4177	8 
4178	53 
4179	3 
4180	76 
4181	36 
4182	58 
4183	58 
4184	28 
4185	46 
4186	49 
4187	51 
4188	81 
4189	30 
4190	10 
4191	34 
4192	16 
4193	83 
4194	57 
4195	3 
4196	79 
4197	40 
4198	31 
4199	71 
4200	27 
4201	79 
4202	11 
4203	66 
4204	17 
4205	24 
4206	83 
4207	96 
4208	21 
4209	12 
4210	17 
4211	4 
4212	39 
4213	63 
4214	46 
4215	46 
4216	50 
4217	69 
4218	96 
4219	37 
4220	22 
4221	64 
4222	3 
4223	75 
4224	54 
4225	57 
4226	12 
4227	20 
4228	26 
4229	29 
4230	87 
4231	61 
4232	93 
4233	20 
4234	72 
4235	85 
4236	39 
4237	32 
4238	50 
4239	81 
4240	65 
4241	15 
4242	95 
4243	83 
4244	53 
4245	56 
4246	20 
4247	46 
4248	39 
4249	49 
4250	95 
4251	13 
4252	86 
4253	32 
4254	81 
4255	45 
4256	36 
4257	14 
4258	28 
4259	49 
4260	82 
4261	74 
4262	87 
4263	39 
4264	85 
4265	94 
4266	80 
4267	83 
4268	87 
4269	28 
4270	26 
4271	72 
4272	61 
4273	77 
4274	72 
4275	17 
4276	15 
4277	85 
4278	48 
4279	81 
4280	52 
4281	82 
4282	28 
4283	46 
4284	96 
4285	14 
4286	90 
4287	8 
4288	35 
4289	65 
4290	60 
4291	19 
4292	44 
4293	59 
4294	80 
4295	44 
4296	83 
4297	31 
4298	54 
4299	87 
4300	49 
4301	90 
4302	58 
4303	91 
4304	95 
4305	6 
4306	19 
4307	74 
4308	3 
4309	20 
4310	38 
4311	14 
4312	22 
4313	79 
4314	40 
4315	96 
4316	75 
4317	94 
4318	63 
4319	41 
4320	37 
4321	53 
4322	86 
4323	61 
4324	1 
4325	80 
4326	76 
4327	38 
4328	74 
4329	85 
4330	87 
4331	68 
4332	28 
4333	52 
4334	47 
4335	46 
4336	87 
4337	5 
4338	64 
4339	51 
4340	49 
4341	53 
4342	66 
4343	4 
4344	4 
4345	21 
4346	17 
4347	34 
4348	63 
4349	45 
4350	95 
4351	61 
4352	54 
4353	85 
4354	94 
4355	20 
4356	26 
4357	44 
4358	86 
4359	77 
4360	23 
4361	61 
4362	26 
4363	13 
4364	40 
4365	66 
4366	57 
4367	62 
4368	30 
4369	66 
4370	50 
4371	77 
4372	86 
4373	79 
4374	37 
4375	2 
4376	38 
4377	60 
4378	42 
4379	2 
4380	18 
4381	25 
4382	20 
4383	75 
4384	67 
4385	46 
4386	30 
4387	21 
4388	35 
4389	90 
4390	48 
4391	42 
4392	53 
4393	25 
4394	83 
4395	92 
4396	35 
4397	79 
4398	4 
4399	64 
4400	4 
4401	46 
4402	10 
4403	64 
4404	33 
4405	72 
4406	26 
4407	59 
4408	84 
4409	17 
4410	73 
4411	56 
4412	96 
4413	89 
4414	77 
4415	59 
4416	30 
4417	81 
4418	14 
4419	2 
4420	43 
4421	33 
4422	18 
4423	42 
4424	86 
4425	88 
4426	35 
4427	94 
4428	75 
4429	96 
4430	51 
4431	10 
4432	2 
4433	65 
4434	28 
4435	6 
4436	45 
4437	2 
4438	85 
4439	25 
4440	19 
4441	75 
4442	73 
4443	27 
4444	47 
4445	21 
4446	17 
4447	18 
4448	82 
4449	58 
4450	75 
4451	27 
4452	71 
4453	7 
4454	51 
4455	26 
4456	19 
4457	86 
4458	56 
4459	77 
4460	75 
4461	5 
4462	93 
4463	28 
4464	21 
4465	17 
4466	83 
4467	56 
4468	21 
4469	21 
4470	17 
4471	41 
4472	87 
4473	39 
4474	17 
4475	45 
4476	84 
4477	58 
4478	9 
4479	8 
4480	17 
4481	24 
4482	56 
4483	87 
4484	90 
4485	14 
4486	32 
4487	45 
4488	57 
4489	6 
4490	61 
4491	83 
4492	65 
4493	79 
4494	75 
4495	38 
4496	33 
4497	1 
4498	53 
4499	10 
4500	61 
4501	1 
4502	10 
4503	68 
4504	61 
4505	3 
4506	43 
4507	15 
4508	71 
4509	83 
4510	76 
4511	76 
4512	11 
4513	9 
4514	81 
4515	62 
4516	75 
4517	95 
4518	77 
4519	46 
4520	75 
4521	94 
4522	89 
4523	48 
4524	3 
4525	87 
4526	27 
4527	95 
4528	8 
4529	59 
4530	81 
4531	69 
4532	85 
4533	47 
4534	88 
4535	32 
4536	53 
4537	62 
4538	5 
4539	94 
4540	35 
4541	17 
4542	30 
4543	45 
4544	26 
4545	9 
4546	15 
4547	49 
4548	61 
4549	82 
4550	35 
4551	83 
4552	10 
4553	35 
4554	10 
4555	29 
4556	9 
4557	59 
4558	77 
4559	56 
4560	53 
4561	8 
4562	86 
4563	17 
4564	48 
4565	89 
4566	2 
4567	11 
4568	5 
4569	49 
4570	40 
4571	90 
4572	92 
4573	4 
4574	72 
4575	52 
4576	61 
4577	83 
4578	10 
4579	92 
4580	18 
4581	45 
4582	29 
4583	65 
4584	85 
4585	54 
4586	49 
4587	11 
4588	75 
4589	77 
4590	57 
4591	94 
4592	38 
4593	86 
4594	27 
4595	65 
4596	23 
4597	34 
4598	31 
4599	63 
4600	17 
4601	59 
4602	69 
4603	85 
4604	3 
4605	31 
4606	67 
4607	67 
4608	95 
4609	95 
4610	46 
4611	63 
4612	96 
4613	3 
4614	35 
4615	3 
4616	52 
4617	51 
4618	15 
4619	35 
4620	26 
4621	58 
4622	92 
4623	92 
4624	22 
4625	36 
4626	86 
4627	30 
4628	53 
4629	1 
4630	94 
4631	91 
4632	8 
4633	61 
4634	25 
4635	60 
4636	21 
4637	59 
4638	15 
4639	26 
4640	9 
4641	26 
4642	46 
4643	61 
4644	39 
4645	68 
4646	13 
4647	68 
4648	47 
4649	37 
4650	49 
4651	20 
4652	80 
4653	43 
4654	73 
4655	61 
4656	64 
4657	3 
4658	39 
4659	48 
4660	72 
4661	21 
4662	20 
4663	59 
4664	25 
4665	54 
4666	81 
4667	14 
4668	18 
4669	62 
4670	81 
4671	65 
4672	17 
4673	3 
4674	25 
4675	43 
4676	92 
4677	66 
4678	90 
4679	64 
4680	4 
4681	66 
4682	10 
4683	77 
4684	93 
4685	28 
4686	13 
4687	17 
4688	63 
4689	72 
4690	11 
4691	10 
4692	77 
4693	75 
4694	84 
4695	45 
4696	77 
4697	73 
4698	32 
4699	49 
4700	85 
4701	64 
4702	48 
4703	61 
4704	83 
4705	14 
4706	49 
4707	77 
4708	4 
4709	6 
4710	65 
4711	68 
4712	60 
4713	79 
4714	35 
4715	80 
4716	35 
4717	46 
4718	6 
4719	49 
4720	76 
4721	45 
4722	57 
4723	50 
4724	48 
4725	57 
4726	28 
4727	94 
4728	55 
4729	10 
4730	89 
4731	71 
4732	10 
4733	16 
4734	85 
4735	32 
4736	73 
4737	82 
4738	69 
4739	64 
4740	9 
4741	87 
4742	94 
4743	3 
4744	54 
4745	62 
4746	9 
4747	2 
4748	73 
4749	39 
4750	73 
4751	6 
4752	26 
4753	14 
4754	76 
4755	83 
4756	76 
4757	54 
4758	16 
4759	45 
4760	25 
4761	79 
4762	21 
4763	62 
4764	21 
4765	49 
4766	36 
4767	9 
4768	11 
4769	46 
4770	77 
4771	34 
4772	37 
4773	57 
4774	72 
4775	39 
4776	83 
4777	32 
4778	38 
4779	82 
4780	66 
4781	21 
4782	48 
4783	14 
4784	18 
4785	61 
4786	66 
4787	85 
4788	34 
4789	28 
4790	85 
4791	49 
4792	85 
4793	62 
4794	46 
4795	46 
4796	54 
4797	1 
4798	7 
4799	54 
4800	52 
4801	85 
4802	9 
4803	76 
4804	77 
4805	30 
4806	83 
4807	32 
4808	17 
4809	17 
4810	25 
4811	61 
4812	34 
4813	59 
4814	55 
4815	74 
4816	55 
4817	81 
4818	69 
4819	77 
4820	52 
4821	45 
4822	43 
4823	17 
4824	83 
4825	49 
4826	86 
4827	62 
4828	34 
4829	62 
4830	39 
4831	85 
4832	21 
4833	25 
4834	38 
4835	6 
4836	69 
4837	60 
4838	44 
4839	48 
4840	63 
4841	86 
4842	54 
4843	65 
4844	10 
4845	16 
4846	14 
4847	19 
4848	38 
4849	47 
4850	59 
4851	18 
4852	73 
4853	78 
4854	95 
4855	56 
4856	3 
4857	32 
4858	85 
4859	53 
4860	40 
4861	11 
4862	81 
4863	38 
4864	51 
4865	47 
4866	77 
4867	14 
4868	47 
4869	45 
4870	46 
4871	87 
4872	76 
4873	46 
4874	53 
4875	43 
4876	34 
4877	56 
4878	1 
4879	77 
4880	80 
4881	26 
4882	96 
4883	37 
4884	20 
4885	38 
4886	40 
4887	81 
4888	85 
4889	48 
4890	82 
4891	17 
4892	83 
4893	30 
4894	92 
4895	43 
4896	58 
4897	86 
4898	61 
4899	17 
4900	45 
4901	88 
4902	45 
4903	45 
4904	38 
4905	91 
4906	88 
4907	65 
4908	10 
4909	32 
4910	59 
4911	79 
4912	16 
4913	85 
4914	94 
4915	87 
4916	83 
4917	57 
4918	56 
4919	16 
4920	61 
4921	58 
4922	2 
4923	10 
4924	56 
4925	1 
4926	48 
4927	2 
4928	49 
4929	94 
4930	56 
4931	75 
4932	94 
4933	17 
4934	65 
4935	39 
4936	6 
4937	46 
4938	73 
4939	69 
4940	57 
4941	83 
4942	16 
4943	86 
4944	14 
4945	17 
4946	55 
4947	46 
4948	63 
4949	10 
4950	13 
4951	65 
4952	9 
4953	91 
4954	4 
4955	15 
4956	11 
4957	63 
4958	48 
4959	4 
4960	32 
4961	25 
4962	55 
4963	73 
4964	37 
4965	16 
4966	30 
4967	83 
4968	73 
4969	39 
4970	2 
4971	61 
4972	71 
4973	57 
4974	59 
4975	13 
4976	90 
4977	77 
4978	2 
4979	49 
4980	35 
4981	75 
4982	57 
4983	80 
4984	9 
4985	64 
4986	30 
4987	95 
4988	18 
4989	74 
4990	11 
4991	16 
4992	13 
4993	3 
4994	75 
4995	54 
4996	11 
4997	81 
4998	75 
4999	28 
5000	46 
