1	2 
2	33 
3	19 
4	87 
5	87 
6	8 
7	8 
8	3 
9	87 
10	12 
11	67 
12	3 
13	8 
14	35 
15	6 
16	75 
17	40 
18	17 
19	49 
20	69 
21	77 
22	49 
23	87 
24	12 
25	68 
26	11 
27	58 
28	66 
29	9 
30	15 
31	2 
32	24 
33	71 
34	74 
35	74 
36	69 
37	49 
38	51 
39	34 
40	28 
41	63 
42	17 
43	83 
44	7 
45	69 
46	38 
47	79 
48	7 
49	50 
50	48 
51	75 
52	28 
53	68 
54	7 
55	7 
56	16 
57	28 
58	57 
59	1 
60	36 
61	24 
62	6 
63	26 
64	88 
65	73 
66	8 
67	22 
68	35 
69	30 
70	26 
71	74 
72	84 
73	86 
74	17 
75	54 
76	29 
77	55 
78	58 
79	79 
80	45 
81	89 
82	73 
83	47 
84	87 
85	81 
86	15 
87	43 
88	77 
89	65 
90	60 
91	61 
92	7 
93	74 
94	70 
95	55 
96	38 
97	45 
98	87 
99	57 
100	62 
101	33 
102	4 
103	7 
104	4 
105	77 
106	62 
107	48 
108	36 
109	3 
110	44 
111	72 
112	23 
113	90 
114	15 
115	13 
116	45 
117	50 
118	71 
119	44 
120	88 
121	40 
122	88 
123	26 
124	89 
125	43 
126	15 
127	55 
128	71 
129	80 
130	73 
131	38 
132	61 
133	89 
134	1 
135	62 
136	47 
137	33 
138	89 
139	30 
140	56 
141	21 
142	67 
143	15 
144	86 
145	43 
146	27 
147	81 
148	71 
149	17 
150	65 
151	45 
152	56 
153	62 
154	36 
155	87 
156	85 
157	8 
158	64 
159	50 
160	52 
161	6 
162	4 
163	42 
164	81 
165	56 
166	53 
167	19 
168	72 
169	72 
170	48 
171	19 
172	60 
173	74 
174	89 
175	33 
176	34 
177	13 
178	85 
179	2 
180	89 
181	36 
182	82 
183	74 
184	48 
185	3 
186	89 
187	45 
188	31 
189	71 
190	88 
191	20 
192	21 
193	41 
194	77 
195	50 
196	34 
197	11 
198	6 
199	45 
200	23 
201	72 
202	53 
203	23 
204	80 
205	71 
206	50 
207	7 
208	84 
209	57 
210	78 
211	83 
212	31 
213	6 
214	61 
215	20 
216	7 
217	74 
218	32 
219	79 
220	86 
221	8 
222	86 
223	51 
224	90 
225	66 
226	72 
227	80 
228	46 
229	53 
230	53 
231	17 
232	51 
233	66 
234	67 
235	72 
236	8 
237	4 
238	88 
239	16 
240	48 
241	17 
242	82 
243	63 
244	68 
245	87 
246	90 
247	26 
248	55 
249	89 
250	80 
251	89 
252	40 
253	54 
254	63 
255	74 
256	22 
257	57 
258	69 
259	89 
260	4 
261	62 
262	32 
263	77 
264	5 
265	80 
266	7 
267	32 
268	50 
269	83 
270	7 
271	15 
272	38 
273	8 
274	17 
275	16 
276	26 
277	16 
278	48 
279	82 
280	2 
281	36 
282	3 
283	53 
284	45 
285	90 
286	44 
287	74 
288	39 
289	70 
290	77 
291	7 
292	45 
293	13 
294	16 
295	24 
296	50 
297	10 
298	88 
299	71 
300	37 
301	36 
302	38 
303	89 
304	4 
305	62 
306	5 
307	77 
308	45 
309	68 
310	71 
311	6 
312	45 
313	45 
314	83 
315	51 
316	33 
317	52 
318	83 
319	90 
320	36 
321	15 
322	44 
323	45 
324	35 
325	43 
326	74 
327	41 
328	83 
329	50 
330	16 
331	13 
332	63 
333	85 
334	54 
335	6 
336	45 
337	26 
338	55 
339	32 
340	32 
341	6 
342	85 
343	72 
344	12 
345	49 
346	38 
347	43 
348	77 
349	49 
350	65 
351	52 
352	20 
353	56 
354	37 
355	10 
356	26 
357	44 
358	63 
359	75 
360	64 
361	54 
362	78 
363	19 
364	8 
365	88 
366	1 
367	8 
368	68 
369	45 
370	7 
371	11 
372	17 
373	20 
374	10 
375	50 
376	73 
377	37 
378	34 
379	7 
380	62 
381	63 
382	23 
383	28 
384	89 
385	54 
386	58 
387	77 
388	89 
389	24 
390	13 
391	77 
392	8 
393	87 
394	19 
395	55 
396	89 
397	13 
398	69 
399	66 
400	45 
401	34 
402	31 
403	80 
404	21 
405	1 
406	76 
407	36 
408	21 
409	8 
410	42 
411	21 
412	31 
413	89 
414	7 
415	89 
416	90 
417	33 
418	77 
419	63 
420	68 
421	26 
422	28 
423	87 
424	85 
425	46 
426	54 
427	6 
428	58 
429	63 
430	19 
431	51 
432	77 
433	54 
434	3 
435	4 
436	67 
437	48 
438	37 
439	59 
440	20 
441	75 
442	86 
443	71 
444	50 
445	49 
446	43 
447	14 
448	88 
449	52 
450	14 
451	43 
452	8 
453	22 
454	19 
455	89 
456	26 
457	39 
458	51 
459	90 
460	77 
461	4 
462	65 
463	84 
464	47 
465	83 
466	65 
467	30 
468	6 
469	6 
470	61 
471	76 
472	75 
473	69 
474	53 
475	11 
476	33 
477	61 
478	90 
479	1 
480	84 
481	38 
482	37 
483	18 
484	73 
485	74 
486	74 
487	63 
488	15 
489	77 
490	17 
491	69 
492	1 
493	74 
494	87 
495	87 
496	87 
497	73 
498	10 
499	15 
500	77 
501	51 
502	83 
503	21 
504	64 
505	89 
506	74 
507	62 
508	64 
509	9 
510	59 
511	28 
512	31 
513	20 
514	15 
515	84 
516	26 
517	14 
518	86 
519	51 
520	73 
521	28 
522	16 
523	38 
524	28 
525	57 
526	20 
527	6 
528	77 
529	53 
530	84 
531	53 
532	53 
533	58 
534	12 
535	86 
536	85 
537	79 
538	26 
539	71 
540	63 
541	63 
542	66 
543	17 
544	19 
545	26 
546	25 
547	89 
548	8 
549	37 
550	67 
551	36 
552	53 
553	4 
554	31 
555	86 
556	11 
557	36 
558	76 
559	83 
560	17 
561	80 
562	85 
563	47 
564	34 
565	19 
566	86 
567	66 
568	13 
569	83 
570	33 
571	75 
572	51 
573	54 
574	25 
575	64 
576	28 
577	26 
578	86 
579	90 
580	89 
581	48 
582	73 
583	82 
584	83 
585	22 
586	79 
587	50 
588	15 
589	55 
590	21 
591	74 
592	18 
593	69 
594	3 
595	56 
596	55 
597	39 
598	82 
599	66 
600	58 
601	36 
602	68 
603	69 
604	68 
605	53 
606	90 
607	36 
608	66 
609	16 
610	41 
611	33 
612	21 
613	75 
614	11 
615	81 
616	58 
617	41 
618	4 
619	1 
620	64 
621	89 
622	46 
623	45 
624	86 
625	90 
626	7 
627	87 
628	77 
629	15 
630	15 
631	1 
632	6 
633	30 
634	68 
635	25 
636	72 
637	78 
638	77 
639	36 
640	13 
641	67 
642	75 
643	45 
644	34 
645	43 
646	40 
647	16 
648	21 
649	19 
650	48 
651	77 
652	64 
653	69 
654	37 
655	44 
656	33 
657	54 
658	71 
659	6 
660	2 
661	62 
662	28 
663	45 
664	62 
665	37 
666	53 
667	69 
668	26 
669	24 
670	7 
671	53 
672	27 
673	47 
674	68 
675	3 
676	50 
677	42 
678	14 
679	74 
680	14 
681	74 
682	65 
683	45 
684	56 
685	5 
686	85 
687	34 
688	47 
689	10 
690	28 
691	4 
692	1 
693	84 
694	8 
695	69 
696	35 
697	49 
698	53 
699	77 
700	47 
701	23 
702	85 
703	34 
704	7 
705	37 
706	4 
707	52 
708	13 
709	64 
710	3 
711	47 
712	60 
713	49 
714	64 
715	18 
716	69 
717	38 
718	83 
719	58 
720	71 
721	53 
722	69 
723	72 
724	55 
725	78 
726	78 
727	13 
728	86 
729	19 
730	55 
731	42 
732	57 
733	38 
734	79 
735	43 
736	85 
737	10 
738	77 
739	32 
740	57 
741	28 
742	36 
743	47 
744	8 
745	5 
746	57 
747	33 
748	80 
749	33 
750	53 
751	68 
752	8 
753	45 
754	31 
755	58 
756	50 
757	33 
758	12 
759	32 
760	56 
761	59 
762	1 
763	49 
764	84 
765	15 
766	19 
767	55 
768	63 
769	84 
770	80 
771	16 
772	6 
773	7 
774	57 
775	57 
776	6 
777	88 
778	69 
779	63 
780	73 
781	12 
782	63 
783	77 
784	83 
785	53 
786	71 
787	17 
788	86 
789	55 
790	90 
791	58 
792	55 
793	90 
794	49 
795	1 
796	28 
797	28 
798	34 
799	15 
800	80 
801	24 
802	56 
803	69 
804	5 
805	35 
806	19 
807	87 
808	85 
809	34 
810	7 
811	63 
812	49 
813	7 
814	68 
815	71 
816	38 
817	69 
818	74 
819	2 
820	8 
821	48 
822	42 
823	61 
824	58 
825	23 
826	82 
827	65 
828	26 
829	48 
830	16 
831	82 
832	10 
833	70 
834	88 
835	10 
836	29 
837	34 
838	7 
839	28 
840	1 
841	74 
842	48 
843	1 
844	49 
845	36 
846	6 
847	19 
848	88 
849	45 
850	28 
851	88 
852	39 
853	37 
854	85 
855	62 
856	45 
857	13 
858	39 
859	82 
860	37 
861	6 
862	17 
863	48 
864	74 
865	28 
866	1 
867	85 
868	24 
869	19 
870	78 
871	80 
872	89 
873	36 
874	40 
875	56 
876	72 
877	4 
878	43 
879	71 
880	6 
881	20 
882	14 
883	52 
884	72 
885	89 
886	16 
887	75 
888	89 
889	16 
890	86 
891	26 
892	6 
893	5 
894	34 
895	51 
896	83 
897	89 
898	33 
899	6 
900	58 
901	17 
902	82 
903	32 
904	26 
905	8 
906	62 
907	50 
908	43 
909	54 
910	6 
911	36 
912	76 
913	14 
914	12 
915	80 
916	35 
917	75 
918	27 
919	16 
920	54 
921	38 
922	63 
923	25 
924	8 
925	8 
926	65 
927	78 
928	36 
929	38 
930	26 
931	87 
932	68 
933	16 
934	12 
935	4 
936	80 
937	63 
938	33 
939	75 
940	74 
941	51 
942	56 
943	78 
944	23 
945	36 
946	84 
947	53 
948	65 
949	41 
950	76 
951	9 
952	33 
953	69 
954	37 
955	25 
956	43 
957	16 
958	53 
959	24 
960	53 
961	9 
962	40 
963	78 
964	79 
965	4 
966	75 
967	13 
968	41 
969	26 
970	22 
971	48 
972	45 
973	19 
974	51 
975	19 
976	23 
977	28 
978	29 
979	15 
980	63 
981	36 
982	7 
983	9 
984	49 
985	53 
986	36 
987	66 
988	73 
989	6 
990	14 
991	43 
992	15 
993	55 
994	37 
995	15 
996	81 
997	56 
998	66 
999	57 
1000	86 
1001	16 
1002	28 
1003	55 
1004	28 
1005	33 
1006	1 
1007	24 
1008	64 
1009	34 
1010	14 
1011	53 
1012	51 
1013	25 
1014	72 
1015	7 
1016	60 
1017	36 
1018	50 
1019	88 
1020	11 
1021	61 
1022	26 
1023	37 
1024	24 
1025	36 
1026	8 
1027	39 
1028	69 
1029	44 
1030	21 
1031	70 
1032	32 
1033	88 
1034	9 
1035	32 
1036	39 
1037	36 
1038	24 
1039	36 
1040	12 
1041	74 
1042	66 
1043	63 
1044	49 
1045	77 
1046	20 
1047	63 
1048	86 
1049	17 
1050	43 
1051	51 
1052	64 
1053	64 
1054	38 
1055	88 
1056	88 
1057	5 
1058	42 
1059	3 
1060	80 
1061	45 
1062	87 
1063	29 
1064	31 
1065	80 
1066	82 
1067	48 
1068	19 
1069	54 
1070	13 
1071	71 
1072	26 
1073	25 
1074	4 
1075	77 
1076	3 
1077	41 
1078	7 
1079	74 
1080	80 
1081	19 
1082	58 
1083	58 
1084	63 
1085	53 
1086	18 
1087	15 
1088	82 
1089	12 
1090	81 
1091	3 
1092	4 
1093	60 
1094	10 
1095	89 
1096	75 
1097	55 
1098	82 
1099	17 
1100	3 
1101	62 
1102	16 
1103	33 
1104	62 
1105	86 
1106	28 
1107	20 
1108	51 
1109	66 
1110	17 
1111	63 
1112	49 
1113	69 
1114	47 
1115	69 
1116	19 
1117	26 
1118	50 
1119	66 
1120	53 
1121	45 
1122	18 
1123	77 
1124	29 
1125	6 
1126	50 
1127	18 
1128	69 
1129	82 
1130	54 
1131	19 
1132	89 
1133	77 
1134	82 
1135	79 
1136	60 
1137	74 
1138	31 
1139	59 
1140	22 
1141	6 
1142	62 
1143	54 
1144	86 
1145	37 
1146	45 
1147	41 
1148	74 
1149	7 
1150	37 
1151	38 
1152	8 
1153	6 
1154	88 
1155	49 
1156	45 
1157	32 
1158	4 
1159	83 
1160	75 
1161	56 
1162	55 
1163	77 
1164	87 
1165	25 
1166	82 
1167	82 
1168	63 
1169	20 
1170	44 
1171	72 
1172	77 
1173	28 
1174	38 
1175	24 
1176	89 
1177	74 
1178	41 
1179	63 
1180	52 
1181	14 
1182	46 
1183	64 
1184	10 
1185	19 
1186	47 
1187	30 
1188	62 
1189	68 
1190	26 
1191	38 
1192	60 
1193	15 
1194	79 
1195	51 
1196	53 
1197	77 
1198	76 
1199	36 
1200	16 
1201	7 
1202	83 
1203	72 
1204	85 
1205	71 
1206	86 
1207	48 
1208	1 
1209	16 
1210	51 
1211	17 
1212	16 
1213	54 
1214	90 
1215	72 
1216	87 
1217	43 
1218	27 
1219	19 
1220	71 
1221	22 
1222	26 
1223	70 
1224	14 
1225	38 
1226	19 
1227	79 
1228	76 
1229	85 
1230	43 
1231	25 
1232	35 
1233	78 
1234	72 
1235	45 
1236	80 
1237	51 
1238	67 
1239	69 
1240	21 
1241	44 
1242	56 
1243	60 
1244	25 
1245	75 
1246	24 
1247	69 
1248	51 
1249	25 
1250	25 
1251	26 
1252	87 
1253	8 
1254	89 
1255	46 
1256	90 
1257	86 
1258	1 
1259	28 
1260	21 
1261	53 
1262	76 
1263	57 
1264	62 
1265	32 
1266	8 
1267	52 
1268	81 
1269	11 
1270	86 
1271	16 
1272	67 
1273	71 
1274	88 
1275	74 
1276	80 
1277	72 
1278	66 
1279	45 
1280	57 
1281	31 
1282	57 
1283	78 
1284	66 
1285	43 
1286	8 
1287	26 
1288	54 
1289	26 
1290	23 
1291	24 
1292	74 
1293	29 
1294	31 
1295	42 
1296	27 
1297	19 
1298	24 
1299	64 
1300	89 
1301	77 
1302	54 
1303	55 
1304	32 
1305	66 
1306	72 
1307	85 
1308	15 
1309	62 
1310	44 
1311	39 
1312	12 
1313	33 
1314	4 
1315	8 
1316	49 
1317	63 
1318	55 
1319	82 
1320	87 
1321	21 
1322	7 
1323	43 
1324	24 
1325	31 
1326	19 
1327	16 
1328	79 
1329	86 
1330	49 
1331	63 
1332	74 
1333	68 
1334	71 
1335	15 
1336	88 
1337	34 
1338	2 
1339	54 
1340	32 
1341	5 
1342	72 
1343	88 
1344	72 
1345	42 
1346	90 
1347	78 
1348	8 
1349	89 
1350	41 
1351	5 
1352	70 
1353	75 
1354	81 
1355	13 
1356	16 
1357	61 
1358	38 
1359	83 
1360	61 
1361	36 
1362	64 
1363	7 
1364	31 
1365	81 
1366	57 
1367	15 
1368	38 
1369	80 
1370	82 
1371	51 
1372	17 
1373	78 
1374	9 
1375	25 
1376	33 
1377	12 
1378	58 
1379	82 
1380	31 
1381	28 
1382	53 
1383	82 
1384	29 
1385	18 
1386	25 
1387	51 
1388	44 
1389	81 
1390	28 
1391	53 
1392	54 
1393	69 
1394	75 
1395	36 
1396	15 
1397	83 
1398	79 
1399	48 
1400	80 
1401	63 
1402	69 
1403	69 
1404	28 
1405	48 
1406	69 
1407	48 
1408	7 
1409	7 
1410	76 
1411	90 
1412	74 
1413	4 
1414	48 
1415	37 
1416	86 
1417	86 
1418	82 
1419	43 
1420	82 
1421	33 
1422	27 
1423	12 
1424	72 
1425	37 
1426	43 
1427	47 
1428	15 
1429	45 
1430	49 
1431	72 
1432	49 
1433	89 
1434	69 
1435	88 
1436	7 
1437	67 
1438	2 
1439	87 
1440	21 
1441	88 
1442	80 
1443	71 
1444	52 
1445	55 
1446	48 
1447	49 
1448	21 
1449	51 
1450	15 
1451	49 
1452	39 
1453	79 
1454	10 
1455	27 
1456	48 
1457	63 
1458	90 
1459	24 
1460	49 
1461	36 
1462	20 
1463	24 
1464	89 
1465	60 
1466	7 
1467	87 
1468	83 
1469	45 
1470	5 
1471	83 
1472	83 
1473	57 
1474	15 
1475	86 
1476	29 
1477	48 
1478	28 
1479	46 
1480	80 
1481	16 
1482	85 
1483	46 
1484	6 
1485	84 
1486	52 
1487	17 
1488	41 
1489	83 
1490	43 
1491	33 
1492	33 
1493	35 
1494	55 
1495	3 
1496	51 
1497	84 
1498	21 
1499	16 
1500	64 
1501	42 
1502	37 
1503	8 
1504	86 
1505	48 
1506	17 
1507	33 
1508	37 
1509	69 
1510	53 
1511	71 
1512	84 
1513	52 
1514	10 
1515	12 
1516	20 
1517	4 
1518	14 
1519	18 
1520	70 
1521	40 
1522	20 
1523	82 
1524	7 
1525	57 
1526	51 
1527	29 
1528	7 
1529	77 
1530	15 
1531	83 
1532	11 
1533	22 
1534	23 
1535	21 
1536	53 
1537	72 
1538	53 
1539	4 
1540	3 
1541	82 
1542	16 
1543	20 
1544	14 
1545	48 
1546	45 
1547	48 
1548	21 
1549	42 
1550	7 
1551	20 
1552	88 
1553	74 
1554	60 
1555	53 
1556	43 
1557	74 
1558	48 
1559	63 
1560	41 
1561	64 
1562	16 
1563	17 
1564	33 
1565	33 
1566	26 
1567	4 
1568	47 
1569	26 
1570	49 
1571	57 
1572	86 
1573	44 
1574	1 
1575	26 
1576	16 
1577	19 
1578	46 
1579	72 
1580	6 
1581	39 
1582	25 
1583	69 
1584	84 
1585	86 
1586	77 
1587	52 
1588	67 
1589	50 
1590	53 
1591	36 
1592	8 
1593	54 
1594	90 
1595	77 
1596	14 
1597	69 
1598	31 
1599	87 
1600	11 
1601	4 
1602	20 
1603	48 
1604	42 
1605	49 
1606	28 
1607	35 
1608	2 
1609	7 
1610	7 
1611	52 
1612	63 
1613	6 
1614	11 
1615	15 
1616	64 
1617	8 
1618	8 
1619	74 
1620	2 
1621	20 
1622	71 
1623	1 
1624	64 
1625	57 
1626	72 
1627	26 
1628	21 
1629	20 
1630	20 
1631	36 
1632	88 
1633	55 
1634	5 
1635	29 
1636	6 
1637	69 
1638	85 
1639	49 
1640	27 
1641	9 
1642	83 
1643	54 
1644	8 
1645	53 
1646	4 
1647	9 
1648	21 
1649	68 
1650	51 
1651	43 
1652	82 
1653	69 
1654	37 
1655	53 
1656	20 
1657	71 
1658	63 
1659	44 
1660	34 
1661	54 
1662	8 
1663	74 
1664	78 
1665	60 
1666	69 
1667	53 
1668	8 
1669	47 
1670	64 
1671	63 
1672	60 
1673	66 
1674	25 
1675	57 
1676	63 
1677	57 
1678	77 
1679	49 
1680	32 
1681	21 
1682	3 
1683	67 
1684	49 
1685	76 
1686	77 
1687	60 
1688	71 
1689	33 
1690	39 
1691	29 
1692	10 
1693	47 
1694	45 
1695	9 
1696	74 
1697	55 
1698	16 
1699	49 
1700	1 
1701	43 
1702	15 
1703	18 
1704	68 
1705	15 
1706	88 
1707	20 
1708	55 
1709	2 
1710	44 
1711	26 
1712	58 
1713	61 
1714	34 
1715	83 
1716	75 
1717	53 
1718	77 
1719	6 
1720	69 
1721	20 
1722	19 
1723	85 
1724	72 
1725	43 
1726	57 
1727	4 
1728	59 
1729	62 
1730	57 
1731	5 
1732	69 
1733	48 
1734	49 
1735	20 
1736	42 
1737	87 
1738	79 
1739	83 
1740	38 
1741	45 
1742	36 
1743	82 
1744	64 
1745	7 
1746	50 
1747	76 
1748	55 
1749	53 
1750	5 
1751	55 
1752	75 
1753	33 
1754	28 
1755	78 
1756	17 
1757	89 
1758	88 
1759	87 
1760	82 
1761	69 
1762	28 
1763	55 
1764	36 
1765	13 
1766	31 
1767	28 
1768	43 
1769	32 
1770	59 
1771	26 
1772	34 
1773	21 
1774	14 
1775	15 
1776	55 
1777	44 
1778	45 
1779	4 
1780	90 
1781	35 
1782	21 
1783	53 
1784	33 
1785	12 
1786	24 
1787	33 
1788	52 
1789	65 
1790	51 
1791	36 
1792	45 
1793	83 
1794	69 
1795	86 
1796	56 
1797	4 
1798	20 
1799	86 
1800	4 
1801	41 
1802	7 
1803	81 
1804	80 
1805	33 
1806	13 
1807	72 
1808	82 
1809	54 
1810	59 
1811	13 
1812	43 
1813	59 
1814	89 
1815	11 
1816	22 
1817	74 
1818	25 
1819	51 
1820	83 
1821	43 
1822	57 
1823	90 
1824	21 
1825	64 
1826	49 
1827	2 
1828	40 
1829	76 
1830	26 
1831	37 
1832	66 
1833	74 
1834	73 
1835	7 
1836	20 
1837	1 
1838	76 
1839	11 
1840	47 
1841	39 
1842	11 
1843	80 
1844	53 
1845	69 
1846	38 
1847	71 
1848	71 
1849	45 
1850	88 
1851	72 
1852	84 
1853	8 
1854	83 
1855	79 
1856	49 
1857	24 
1858	17 
1859	50 
1860	26 
1861	36 
1862	51 
1863	20 
1864	7 
1865	43 
1866	80 
1867	50 
1868	8 
1869	54 
1870	43 
1871	60 
1872	6 
1873	64 
1874	9 
1875	83 
1876	11 
1877	69 
1878	25 
1879	36 
1880	77 
1881	5 
1882	12 
1883	50 
1884	4 
1885	89 
1886	11 
1887	81 
1888	48 
1889	11 
1890	45 
1891	8 
1892	89 
1893	33 
1894	81 
1895	55 
1896	30 
1897	64 
1898	69 
1899	45 
1900	72 
1901	3 
1902	51 
1903	15 
1904	4 
1905	78 
1906	62 
1907	51 
1908	12 
1909	13 
1910	51 
1911	72 
1912	44 
1913	60 
1914	57 
1915	81 
1916	21 
1917	28 
1918	6 
1919	72 
1920	51 
1921	64 
1922	50 
1923	57 
1924	76 
1925	70 
1926	53 
1927	53 
1928	16 
1929	28 
1930	89 
1931	14 
1932	15 
1933	90 
1934	24 
1935	28 
1936	28 
1937	83 
1938	61 
1939	85 
1940	55 
1941	24 
1942	7 
1943	57 
1944	82 
1945	8 
1946	6 
1947	26 
1948	36 
1949	36 
1950	55 
1951	26 
1952	53 
1953	4 
1954	85 
1955	37 
1956	27 
1957	31 
1958	37 
1959	16 
1960	3 
1961	7 
1962	4 
1963	74 
1964	18 
1965	24 
1966	7 
1967	44 
1968	50 
1969	6 
1970	19 
1971	10 
1972	31 
1973	84 
1974	36 
1975	16 
1976	4 
1977	10 
1978	18 
1979	48 
1980	8 
1981	6 
1982	32 
1983	4 
1984	47 
1985	5 
1986	57 
1987	78 
1988	8 
1989	62 
1990	33 
1991	24 
1992	6 
1993	71 
1994	32 
1995	28 
1996	9 
1997	41 
1998	41 
1999	33 
2000	25 
2001	40 
2002	67 
2003	90 
2004	86 
2005	85 
2006	82 
2007	30 
2008	6 
2009	19 
2010	31 
2011	75 
2012	60 
2013	69 
2014	58 
2015	89 
2016	38 
2017	24 
2018	8 
2019	75 
2020	48 
2021	64 
2022	59 
2023	61 
2024	86 
2025	26 
2026	29 
2027	17 
2028	39 
2029	1 
2030	19 
2031	64 
2032	69 
2033	77 
2034	22 
2035	19 
2036	8 
2037	87 
2038	16 
2039	71 
2040	68 
2041	42 
2042	47 
2043	34 
2044	3 
2045	58 
2046	6 
2047	21 
2048	1 
2049	15 
2050	24 
2051	16 
2052	36 
2053	46 
2054	77 
2055	47 
2056	85 
2057	53 
2058	14 
2059	85 
2060	16 
2061	42 
2062	6 
2063	85 
2064	48 
2065	4 
2066	45 
2067	89 
2068	75 
2069	79 
2070	55 
2071	24 
2072	18 
2073	87 
2074	50 
2075	27 
2076	7 
2077	63 
2078	76 
2079	48 
2080	89 
2081	83 
2082	17 
2083	15 
2084	87 
2085	38 
2086	32 
2087	7 
2088	49 
2089	82 
2090	45 
2091	50 
2092	47 
2093	74 
2094	33 
2095	51 
2096	40 
2097	90 
2098	64 
2099	51 
2100	86 
2101	57 
2102	31 
2103	41 
2104	4 
2105	77 
2106	48 
2107	26 
2108	7 
2109	83 
2110	49 
2111	19 
2112	1 
2113	77 
2114	33 
2115	1 
2116	53 
2117	33 
2118	5 
2119	49 
2120	33 
2121	69 
2122	58 
2123	20 
2124	74 
2125	87 
2126	52 
2127	34 
2128	74 
2129	34 
2130	6 
2131	73 
2132	80 
2133	51 
2134	8 
2135	26 
2136	6 
2137	69 
2138	53 
2139	32 
2140	1 
2141	55 
2142	33 
2143	84 
2144	24 
2145	33 
2146	59 
2147	59 
2148	90 
2149	28 
2150	90 
2151	58 
2152	73 
2153	61 
2154	20 
2155	24 
2156	19 
2157	86 
2158	46 
2159	12 
2160	38 
2161	20 
2162	4 
2163	82 
2164	38 
2165	17 
2166	1 
2167	40 
2168	28 
2169	53 
2170	17 
2171	49 
2172	51 
2173	74 
2174	33 
2175	6 
2176	53 
2177	50 
2178	15 
2179	25 
2180	16 
2181	8 
2182	78 
2183	55 
2184	1 
2185	24 
2186	76 
2187	51 
2188	89 
2189	18 
2190	36 
2191	78 
2192	44 
2193	53 
2194	16 
2195	53 
2196	45 
2197	7 
2198	49 
2199	6 
2200	64 
2201	85 
2202	15 
2203	76 
2204	21 
2205	43 
2206	69 
2207	64 
2208	31 
2209	86 
2210	61 
2211	37 
2212	77 
2213	17 
2214	68 
2215	71 
2216	89 
2217	16 
2218	47 
2219	45 
2220	66 
2221	3 
2222	89 
2223	54 
2224	66 
2225	55 
2226	88 
2227	49 
2228	47 
2229	13 
2230	23 
2231	33 
2232	50 
2233	47 
2234	12 
2235	20 
2236	8 
2237	21 
2238	13 
2239	75 
2240	35 
2241	24 
2242	43 
2243	45 
2244	28 
2245	51 
2246	78 
2247	45 
2248	6 
2249	90 
2250	80 
2251	88 
2252	80 
2253	80 
2254	33 
2255	88 
2256	71 
2257	51 
2258	3 
2259	88 
2260	32 
2261	80 
2262	12 
2263	57 
2264	89 
2265	7 
2266	86 
2267	63 
2268	48 
2269	79 
2270	64 
2271	82 
2272	12 
2273	16 
2274	45 
2275	18 
2276	41 
2277	28 
2278	69 
2279	49 
2280	71 
2281	16 
2282	51 
2283	51 
2284	50 
2285	14 
2286	48 
2287	7 
2288	24 
2289	11 
2290	43 
2291	89 
2292	32 
2293	60 
2294	37 
2295	89 
2296	90 
2297	1 
2298	79 
2299	20 
2300	67 
2301	43 
2302	55 
2303	58 
2304	16 
2305	6 
2306	85 
2307	15 
2308	89 
2309	19 
2310	53 
2311	65 
2312	8 
2313	64 
2314	25 
2315	90 
2316	51 
2317	37 
2318	6 
2319	61 
2320	33 
2321	83 
2322	40 
2323	29 
2324	20 
2325	78 
2326	85 
2327	6 
2328	70 
2329	37 
2330	37 
2331	7 
2332	66 
2333	79 
2334	69 
2335	72 
2336	80 
2337	34 
2338	1 
2339	69 
2340	4 
2341	32 
2342	26 
2343	13 
2344	78 
2345	20 
2346	60 
2347	62 
2348	51 
2349	89 
2350	33 
2351	16 
2352	16 
2353	75 
2354	41 
2355	81 
2356	80 
2357	90 
2358	37 
2359	22 
2360	21 
2361	85 
2362	28 
2363	82 
2364	38 
2365	52 
2366	83 
2367	38 
2368	63 
2369	37 
2370	51 
2371	10 
2372	26 
2373	83 
2374	43 
2375	41 
2376	60 
2377	25 
2378	33 
2379	19 
2380	33 
2381	6 
2382	79 
2383	15 
2384	46 
2385	8 
2386	55 
2387	71 
2388	73 
2389	43 
2390	9 
2391	56 
2392	53 
2393	64 
2394	8 
2395	86 
2396	62 
2397	32 
2398	45 
2399	45 
2400	86 
2401	82 
2402	7 
2403	80 
2404	36 
2405	83 
2406	89 
2407	8 
2408	56 
2409	30 
2410	89 
2411	80 
2412	60 
2413	68 
2414	18 
2415	3 
2416	26 
2417	3 
2418	37 
2419	12 
2420	45 
2421	51 
2422	71 
2423	19 
2424	86 
2425	85 
2426	71 
2427	37 
2428	18 
2429	53 
2430	51 
2431	36 
2432	43 
2433	90 
2434	7 
2435	21 
2436	6 
2437	7 
2438	19 
2439	43 
2440	28 
2441	49 
2442	87 
2443	25 
2444	51 
2445	11 
2446	44 
2447	36 
2448	51 
2449	77 
2450	81 
2451	70 
2452	55 
2453	34 
2454	54 
2455	81 
2456	33 
2457	74 
2458	20 
2459	65 
2460	86 
2461	49 
2462	63 
2463	36 
2464	17 
2465	7 
2466	45 
2467	35 
2468	89 
2469	30 
2470	53 
2471	30 
2472	57 
2473	77 
2474	4 
2475	26 
2476	74 
2477	1 
2478	11 
2479	79 
2480	24 
2481	26 
2482	76 
2483	3 
2484	64 
2485	40 
2486	42 
2487	62 
2488	69 
2489	75 
2490	79 
2491	83 
2492	86 
2493	28 
2494	24 
2495	45 
2496	39 
2497	5 
2498	48 
2499	37 
2500	15 
2501	10 
2502	42 
2503	15 
2504	61 
2505	90 
2506	89 
2507	50 
2508	2 
2509	1 
2510	72 
2511	74 
2512	53 
2513	90 
2514	23 
2515	25 
2516	45 
2517	27 
2518	53 
2519	50 
2520	64 
2521	28 
2522	28 
2523	50 
2524	65 
2525	69 
2526	32 
2527	43 
2528	7 
2529	49 
2530	77 
2531	71 
2532	5 
2533	10 
2534	83 
2535	26 
2536	88 
2537	16 
2538	70 
2539	72 
2540	77 
2541	57 
2542	6 
2543	66 
2544	77 
2545	49 
2546	6 
2547	44 
2548	16 
2549	51 
2550	37 
2551	53 
2552	77 
2553	4 
2554	61 
2555	28 
2556	16 
2557	71 
2558	71 
2559	11 
2560	57 
2561	48 
2562	3 
2563	74 
2564	36 
2565	28 
2566	8 
2567	33 
2568	43 
2569	90 
2570	87 
2571	12 
2572	42 
2573	41 
2574	89 
2575	90 
2576	48 
2577	49 
2578	7 
2579	48 
2580	51 
2581	88 
2582	3 
2583	1 
2584	49 
2585	62 
2586	28 
2587	70 
2588	33 
2589	45 
2590	35 
2591	43 
2592	54 
2593	64 
2594	15 
2595	51 
2596	89 
2597	57 
2598	62 
2599	72 
2600	46 
2601	73 
2602	71 
2603	72 
2604	71 
2605	17 
2606	33 
2607	26 
2608	70 
2609	86 
2610	82 
2611	62 
2612	49 
2613	38 
2614	37 
2615	86 
2616	15 
2617	56 
2618	6 
2619	90 
2620	4 
2621	69 
2622	69 
2623	48 
2624	55 
2625	88 
2626	45 
2627	43 
2628	90 
2629	20 
2630	50 
2631	20 
2632	21 
2633	36 
2634	36 
2635	33 
2636	60 
2637	19 
2638	54 
2639	62 
2640	3 
2641	39 
2642	49 
2643	71 
2644	43 
2645	34 
2646	85 
2647	8 
2648	64 
2649	76 
2650	74 
2651	17 
2652	56 
2653	33 
2654	70 
2655	12 
2656	12 
2657	21 
2658	11 
2659	80 
2660	69 
2661	40 
2662	89 
2663	76 
2664	24 
2665	55 
2666	19 
2667	29 
2668	85 
2669	26 
2670	25 
2671	26 
2672	36 
2673	51 
2674	51 
2675	48 
2676	64 
2677	90 
2678	80 
2679	12 
2680	33 
2681	2 
2682	40 
2683	51 
2684	5 
2685	54 
2686	43 
2687	47 
2688	88 
2689	45 
2690	53 
2691	19 
2692	41 
2693	83 
2694	56 
2695	47 
2696	4 
2697	44 
2698	23 
2699	71 
2700	77 
2701	27 
2702	82 
2703	12 
2704	79 
2705	48 
2706	87 
2707	64 
2708	71 
2709	2 
2710	72 
2711	75 
2712	53 
2713	49 
2714	53 
2715	82 
2716	37 
2717	70 
2718	9 
2719	22 
2720	27 
2721	7 
2722	26 
2723	41 
2724	85 
2725	1 
2726	83 
2727	33 
2728	36 
2729	6 
2730	8 
2731	22 
2732	25 
2733	15 
2734	40 
2735	76 
2736	57 
2737	28 
2738	47 
2739	15 
2740	1 
2741	8 
2742	69 
2743	43 
2744	84 
2745	33 
2746	90 
2747	83 
2748	21 
2749	42 
2750	10 
2751	72 
2752	10 
2753	90 
2754	41 
2755	11 
2756	15 
2757	64 
2758	70 
2759	28 
2760	12 
2761	54 
2762	56 
2763	34 
2764	74 
2765	71 
2766	17 
2767	51 
2768	37 
2769	47 
2770	17 
2771	34 
2772	19 
2773	24 
2774	51 
2775	78 
2776	46 
2777	81 
2778	18 
2779	16 
2780	2 
2781	89 
2782	66 
2783	62 
2784	4 
2785	49 
2786	26 
2787	53 
2788	4 
2789	32 
2790	1 
2791	51 
2792	63 
2793	29 
2794	43 
2795	10 
2796	1 
2797	86 
2798	77 
2799	77 
2800	70 
2801	88 
2802	57 
2803	62 
2804	41 
2805	51 
2806	56 
2807	25 
2808	53 
2809	88 
2810	34 
2811	11 
2812	23 
2813	76 
2814	33 
2815	68 
2816	43 
2817	74 
2818	14 
2819	24 
2820	51 
2821	15 
2822	16 
2823	3 
2824	67 
2825	38 
2826	36 
2827	87 
2828	83 
2829	15 
2830	56 
2831	38 
2832	72 
2833	53 
2834	13 
2835	1 
2836	43 
2837	42 
2838	35 
2839	49 
2840	26 
2841	26 
2842	57 
2843	20 
2844	4 
2845	90 
2846	16 
2847	45 
2848	52 
2849	78 
2850	5 
2851	44 
2852	30 
2853	74 
2854	77 
2855	6 
2856	2 
2857	78 
2858	86 
2859	88 
2860	76 
2861	55 
2862	78 
2863	61 
2864	79 
2865	32 
2866	41 
2867	44 
2868	55 
2869	74 
2870	80 
2871	90 
2872	10 
2873	57 
2874	38 
2875	51 
2876	10 
2877	23 
2878	48 
2879	25 
2880	69 
2881	85 
2882	53 
2883	2 
2884	18 
2885	9 
2886	33 
2887	21 
2888	7 
2889	41 
2890	28 
2891	38 
2892	75 
2893	69 
2894	35 
2895	19 
2896	25 
2897	66 
2898	12 
2899	22 
2900	51 
2901	4 
2902	26 
2903	48 
2904	71 
2905	64 
2906	85 
2907	28 
2908	38 
2909	8 
2910	50 
2911	19 
2912	34 
2913	28 
2914	64 
2915	36 
2916	80 
2917	69 
2918	7 
2919	6 
2920	26 
2921	69 
2922	23 
2923	7 
2924	53 
2925	88 
2926	75 
2927	4 
2928	24 
2929	27 
2930	67 
2931	24 
2932	88 
2933	33 
2934	72 
2935	74 
2936	38 
2937	87 
2938	42 
2939	2 
2940	2 
2941	65 
2942	36 
2943	85 
2944	28 
2945	6 
2946	64 
2947	69 
2948	44 
2949	16 
2950	74 
2951	5 
2952	83 
2953	33 
2954	25 
2955	8 
2956	13 
2957	88 
2958	63 
2959	75 
2960	29 
2961	67 
2962	53 
2963	53 
2964	87 
2965	87 
2966	57 
2967	51 
2968	36 
2969	13 
2970	33 
2971	82 
2972	54 
2973	80 
2974	18 
2975	48 
2976	52 
2977	45 
2978	47 
2979	8 
2980	76 
2981	57 
2982	55 
2983	34 
2984	43 
2985	15 
2986	77 
2987	33 
2988	51 
2989	72 
2990	45 
2991	83 
2992	26 
2993	11 
2994	65 
2995	88 
2996	88 
2997	24 
2998	52 
2999	90 
3000	88 
3001	48 
3002	43 
3003	53 
3004	55 
3005	28 
3006	38 
3007	6 
3008	86 
3009	48 
3010	73 
3011	48 
3012	23 
3013	78 
3014	88 
3015	23 
3016	21 
3017	57 
3018	89 
3019	53 
3020	19 
3021	83 
3022	32 
3023	32 
3024	58 
3025	81 
3026	8 
3027	70 
3028	19 
3029	14 
3030	24 
3031	15 
3032	69 
3033	50 
3034	13 
3035	63 
3036	31 
3037	13 
3038	46 
3039	29 
3040	85 
3041	43 
3042	45 
3043	20 
3044	77 
3045	3 
3046	15 
3047	64 
3048	53 
3049	55 
3050	34 
3051	23 
3052	72 
3053	58 
3054	77 
3055	52 
3056	89 
3057	62 
3058	13 
3059	89 
3060	51 
3061	26 
3062	55 
3063	32 
3064	46 
3065	74 
3066	25 
3067	89 
3068	42 
3069	4 
3070	51 
3071	61 
3072	15 
3073	12 
3074	4 
3075	53 
3076	71 
3077	19 
3078	48 
3079	87 
3080	86 
3081	42 
3082	12 
3083	36 
3084	51 
3085	63 
3086	33 
3087	89 
3088	83 
3089	17 
3090	42 
3091	49 
3092	69 
3093	33 
3094	75 
3095	47 
3096	49 
3097	45 
3098	70 
3099	9 
3100	26 
3101	21 
3102	41 
3103	83 
3104	85 
3105	33 
3106	7 
3107	39 
3108	28 
3109	76 
3110	8 
3111	69 
3112	74 
3113	47 
3114	55 
3115	41 
3116	64 
3117	30 
3118	10 
3119	62 
3120	10 
3121	8 
3122	36 
3123	61 
3124	47 
3125	2 
3126	57 
3127	32 
3128	80 
3129	6 
3130	45 
3131	85 
3132	59 
3133	64 
3134	6 
3135	57 
3136	8 
3137	1 
3138	77 
3139	88 
3140	84 
3141	6 
3142	57 
3143	25 
3144	85 
3145	67 
3146	20 
3147	45 
3148	45 
3149	74 
3150	83 
3151	68 
3152	51 
3153	36 
3154	88 
3155	36 
3156	26 
3157	34 
3158	75 
3159	45 
3160	41 
3161	7 
3162	89 
3163	15 
3164	90 
3165	13 
3166	37 
3167	29 
3168	32 
3169	19 
3170	1 
3171	15 
3172	36 
3173	50 
3174	36 
3175	55 
3176	4 
3177	75 
3178	23 
3179	58 
3180	41 
3181	20 
3182	77 
3183	24 
3184	53 
3185	74 
3186	11 
3187	45 
3188	68 
3189	33 
3190	25 
3191	19 
3192	36 
3193	33 
3194	63 
3195	87 
3196	72 
3197	15 
3198	51 
3199	90 
3200	32 
3201	36 
3202	18 
3203	62 
3204	15 
3205	51 
3206	39 
3207	26 
3208	7 
3209	54 
3210	17 
3211	53 
3212	86 
3213	65 
3214	15 
3215	58 
3216	10 
3217	4 
3218	75 
3219	71 
3220	59 
3221	38 
3222	47 
3223	33 
3224	28 
3225	53 
3226	90 
3227	31 
3228	24 
3229	1 
3230	68 
3231	71 
3232	26 
3233	48 
3234	69 
3235	69 
3236	20 
3237	77 
3238	82 
3239	7 
3240	24 
3241	5 
3242	67 
3243	71 
3244	12 
3245	4 
3246	59 
3247	36 
3248	74 
3249	47 
3250	84 
3251	51 
3252	4 
3253	28 
3254	19 
3255	4 
3256	19 
3257	16 
3258	36 
3259	16 
3260	52 
3261	7 
3262	55 
3263	48 
3264	6 
3265	7 
3266	52 
3267	51 
3268	83 
3269	68 
3270	12 
3271	89 
3272	81 
3273	64 
3274	30 
3275	58 
3276	77 
3277	78 
3278	77 
3279	19 
3280	39 
3281	38 
3282	84 
3283	53 
3284	4 
3285	36 
3286	38 
3287	81 
3288	80 
3289	5 
3290	19 
3291	33 
3292	71 
3293	86 
3294	74 
3295	7 
3296	38 
3297	32 
3298	52 
3299	86 
3300	6 
3301	55 
3302	37 
3303	87 
3304	90 
3305	55 
3306	37 
3307	78 
3308	88 
3309	36 
3310	49 
3311	55 
3312	39 
3313	87 
3314	82 
3315	33 
3316	10 
3317	86 
3318	60 
3319	3 
3320	45 
3321	68 
3322	35 
3323	64 
3324	17 
3325	74 
3326	61 
3327	77 
3328	16 
3329	67 
3330	19 
3331	84 
3332	17 
3333	3 
3334	55 
3335	55 
3336	12 
3337	86 
3338	58 
3339	78 
3340	26 
3341	84 
3342	45 
3343	83 
3344	83 
3345	6 
3346	67 
3347	35 
3348	48 
3349	17 
3350	25 
3351	37 
3352	61 
3353	70 
3354	55 
3355	64 
3356	86 
3357	55 
3358	78 
3359	74 
3360	81 
3361	53 
3362	33 
3363	70 
3364	26 
3365	15 
3366	86 
3367	14 
3368	64 
3369	86 
3370	88 
3371	81 
3372	37 
3373	24 
3374	89 
3375	39 
3376	87 
3377	65 
3378	86 
3379	40 
3380	45 
3381	47 
3382	48 
3383	50 
3384	63 
3385	77 
3386	43 
3387	82 
3388	78 
3389	64 
3390	26 
3391	16 
3392	24 
3393	28 
3394	14 
3395	63 
3396	4 
3397	19 
3398	57 
3399	42 
3400	50 
3401	10 
3402	6 
3403	49 
3404	28 
3405	4 
3406	68 
3407	7 
3408	46 
3409	74 
3410	51 
3411	38 
3412	50 
3413	74 
3414	72 
3415	58 
3416	89 
3417	5 
3418	86 
3419	58 
3420	82 
3421	82 
3422	55 
3423	46 
3424	1 
3425	50 
3426	19 
3427	63 
3428	88 
3429	90 
3430	5 
3431	86 
3432	69 
3433	16 
3434	53 
3435	28 
3436	64 
3437	6 
3438	62 
3439	1 
3440	70 
3441	70 
3442	27 
3443	89 
3444	26 
3445	43 
3446	20 
3447	77 
3448	73 
3449	49 
3450	86 
3451	3 
3452	64 
3453	90 
3454	66 
3455	37 
3456	56 
3457	24 
3458	71 
3459	58 
3460	64 
3461	78 
3462	12 
3463	62 
3464	47 
3465	84 
3466	63 
3467	2 
3468	74 
3469	28 
3470	4 
3471	31 
3472	50 
3473	52 
3474	11 
3475	14 
3476	86 
3477	15 
3478	57 
3479	88 
3480	83 
3481	89 
3482	12 
3483	53 
3484	37 
3485	61 
3486	79 
3487	7 
3488	60 
3489	1 
3490	11 
3491	85 
3492	77 
3493	18 
3494	53 
3495	70 
3496	71 
3497	67 
3498	31 
3499	72 
3500	6 
3501	47 
3502	13 
3503	45 
3504	87 
3505	48 
3506	48 
3507	82 
3508	30 
3509	11 
3510	84 
3511	6 
3512	42 
3513	78 
3514	30 
3515	47 
3516	67 
3517	2 
3518	36 
3519	78 
3520	21 
3521	15 
3522	1 
3523	49 
3524	22 
3525	72 
3526	75 
3527	4 
3528	34 
3529	86 
3530	41 
3531	42 
3532	50 
3533	55 
3534	15 
3535	38 
3536	89 
3537	30 
3538	8 
3539	89 
3540	25 
3541	52 
3542	30 
3543	9 
3544	48 
3545	47 
3546	8 
3547	90 
3548	26 
3549	90 
3550	33 
3551	72 
3552	10 
3553	7 
3554	90 
3555	37 
3556	15 
3557	25 
3558	24 
3559	6 
3560	7 
3561	4 
3562	82 
3563	68 
3564	26 
3565	36 
3566	88 
3567	89 
3568	72 
3569	15 
3570	72 
3571	16 
3572	55 
3573	32 
3574	49 
3575	87 
3576	26 
3577	16 
3578	72 
3579	72 
3580	44 
3581	43 
3582	85 
3583	52 
3584	49 
3585	15 
3586	51 
3587	88 
3588	48 
3589	12 
3590	28 
3591	33 
3592	32 
3593	51 
3594	82 
3595	54 
3596	51 
3597	55 
3598	55 
3599	9 
3600	55 
3601	16 
3602	57 
3603	87 
3604	13 
3605	57 
3606	77 
3607	45 
3608	24 
3609	47 
3610	9 
3611	56 
3612	75 
3613	49 
3614	20 
3615	8 
3616	13 
3617	90 
3618	85 
3619	57 
3620	31 
3621	89 
3622	89 
3623	49 
3624	62 
3625	42 
3626	33 
3627	12 
3628	14 
3629	44 
3630	77 
3631	11 
3632	58 
3633	36 
3634	64 
3635	44 
3636	77 
3637	51 
3638	73 
3639	51 
3640	7 
3641	38 
3642	2 
3643	72 
3644	49 
3645	24 
3646	61 
3647	19 
3648	15 
3649	64 
3650	1 
3651	55 
3652	20 
3653	33 
3654	87 
3655	89 
3656	26 
3657	78 
3658	33 
3659	28 
3660	56 
3661	31 
3662	15 
3663	2 
3664	48 
3665	3 
3666	35 
3667	7 
3668	11 
3669	28 
3670	51 
3671	16 
3672	57 
3673	63 
3674	16 
3675	74 
3676	4 
3677	90 
3678	56 
3679	37 
3680	83 
3681	4 
3682	53 
3683	75 
3684	24 
3685	16 
3686	80 
3687	25 
3688	51 
3689	13 
3690	34 
3691	74 
3692	39 
3693	15 
3694	31 
3695	63 
3696	7 
3697	52 
3698	20 
3699	71 
3700	82 
3701	8 
3702	89 
3703	69 
3704	24 
3705	87 
3706	78 
3707	85 
3708	26 
3709	49 
3710	4 
3711	57 
3712	69 
3713	29 
3714	9 
3715	46 
3716	3 
3717	12 
3718	49 
3719	33 
3720	4 
3721	77 
3722	55 
3723	4 
3724	88 
3725	4 
3726	81 
3727	28 
3728	79 
3729	62 
3730	90 
3731	34 
3732	29 
3733	4 
3734	85 
3735	49 
3736	15 
3737	50 
3738	77 
3739	10 
3740	17 
3741	48 
3742	64 
3743	32 
3744	1 
3745	17 
3746	32 
3747	76 
3748	70 
3749	26 
3750	44 
3751	54 
3752	32 
3753	70 
3754	55 
3755	82 
3756	19 
3757	33 
3758	54 
3759	22 
3760	4 
3761	34 
3762	76 
3763	54 
3764	24 
3765	6 
3766	6 
3767	12 
3768	44 
3769	21 
3770	61 
3771	36 
3772	47 
3773	86 
3774	10 
3775	19 
3776	45 
3777	52 
3778	89 
3779	45 
3780	7 
3781	36 
3782	16 
3783	21 
3784	90 
3785	80 
3786	41 
3787	48 
3788	71 
3789	17 
3790	50 
3791	28 
3792	75 
3793	89 
3794	15 
3795	53 
3796	26 
3797	55 
3798	24 
3799	48 
3800	32 
3801	50 
3802	72 
3803	30 
3804	64 
3805	85 
3806	53 
3807	48 
3808	19 
3809	13 
3810	4 
3811	42 
3812	61 
3813	2 
3814	45 
3815	12 
3816	62 
3817	74 
3818	33 
3819	69 
3820	61 
3821	49 
3822	12 
3823	86 
3824	89 
3825	10 
3826	15 
3827	58 
3828	70 
3829	16 
3830	12 
3831	24 
3832	26 
3833	25 
3834	33 
3835	16 
3836	15 
3837	43 
3838	37 
3839	63 
3840	71 
3841	45 
3842	1 
3843	48 
3844	71 
3845	72 
3846	47 
3847	28 
3848	45 
3849	68 
3850	44 
3851	69 
3852	78 
3853	70 
3854	57 
3855	42 
3856	85 
3857	33 
3858	58 
3859	15 
3860	61 
3861	65 
3862	54 
3863	34 
3864	85 
3865	7 
3866	17 
3867	36 
3868	13 
3869	77 
3870	19 
3871	90 
3872	62 
3873	45 
3874	4 
3875	42 
3876	77 
3877	12 
3878	61 
3879	49 
3880	32 
3881	60 
3882	8 
3883	89 
3884	47 
3885	61 
3886	62 
3887	68 
3888	7 
3889	55 
3890	85 
3891	45 
3892	5 
3893	46 
3894	47 
3895	32 
3896	20 
3897	13 
3898	35 
3899	69 
3900	47 
3901	62 
3902	75 
3903	72 
3904	43 
3905	6 
3906	12 
3907	38 
3908	10 
3909	56 
3910	83 
3911	45 
3912	32 
3913	39 
3914	58 
3915	84 
3916	83 
3917	14 
3918	35 
3919	80 
3920	6 
3921	48 
3922	4 
3923	36 
3924	81 
3925	20 
3926	72 
3927	36 
3928	51 
3929	21 
3930	51 
3931	10 
3932	34 
3933	13 
3934	49 
3935	26 
3936	77 
3937	4 
3938	7 
3939	43 
3940	78 
3941	4 
3942	20 
3943	7 
3944	33 
3945	21 
3946	48 
3947	87 
3948	38 
3949	90 
3950	77 
3951	13 
3952	21 
3953	25 
3954	77 
3955	71 
3956	39 
3957	90 
3958	76 
3959	17 
3960	75 
3961	29 
3962	37 
3963	83 
3964	34 
3965	21 
3966	34 
3967	85 
3968	9 
3969	4 
3970	10 
3971	75 
3972	68 
3973	8 
3974	15 
3975	43 
3976	44 
3977	20 
3978	76 
3979	36 
3980	80 
3981	72 
3982	16 
3983	72 
3984	44 
3985	57 
3986	55 
3987	49 
3988	8 
3989	1 
3990	21 
3991	54 
3992	85 
3993	45 
3994	89 
3995	22 
3996	70 
3997	82 
3998	12 
3999	15 
4000	8 
4001	69 
4002	53 
4003	41 
4004	84 
4005	59 
4006	50 
4007	33 
4008	11 
4009	36 
4010	36 
4011	47 
4012	83 
4013	55 
4014	74 
4015	77 
4016	87 
4017	67 
4018	25 
4019	29 
4020	82 
4021	47 
4022	63 
4023	4 
4024	5 
4025	4 
4026	3 
4027	71 
4028	63 
4029	50 
4030	55 
4031	70 
4032	6 
4033	15 
4034	88 
4035	48 
4036	51 
4037	73 
4038	49 
4039	79 
4040	27 
4041	8 
4042	28 
4043	87 
4044	70 
4045	87 
4046	89 
4047	18 
4048	82 
4049	64 
4050	71 
4051	3 
4052	86 
4053	51 
4054	86 
4055	54 
4056	53 
4057	45 
4058	34 
4059	42 
4060	50 
4061	74 
4062	89 
4063	8 
4064	22 
4065	25 
4066	42 
4067	80 
4068	15 
4069	33 
4070	63 
4071	36 
4072	55 
4073	89 
4074	86 
4075	64 
4076	57 
4077	50 
4078	11 
4079	30 
4080	76 
4081	3 
4082	72 
4083	51 
4084	7 
4085	82 
4086	19 
4087	74 
4088	74 
4089	25 
4090	16 
4091	12 
4092	8 
4093	82 
4094	86 
4095	43 
4096	32 
4097	52 
4098	8 
4099	89 
4100	4 
4101	7 
4102	43 
4103	74 
4104	36 
4105	37 
4106	89 
4107	38 
4108	54 
4109	75 
4110	83 
4111	44 
4112	12 
4113	8 
4114	19 
4115	38 
4116	42 
4117	26 
4118	44 
4119	16 
4120	7 
4121	71 
4122	8 
4123	16 
4124	86 
4125	43 
4126	81 
4127	52 
4128	45 
4129	37 
4130	54 
4131	32 
4132	42 
4133	89 
4134	36 
4135	26 
4136	55 
4137	67 
4138	83 
4139	68 
4140	55 
4141	7 
4142	59 
4143	44 
4144	49 
4145	28 
4146	26 
4147	12 
4148	19 
4149	19 
4150	33 
4151	49 
4152	61 
4153	19 
4154	67 
4155	86 
4156	47 
4157	88 
4158	6 
4159	55 
4160	36 
4161	15 
4162	26 
4163	47 
4164	63 
4165	43 
4166	28 
4167	90 
4168	7 
4169	81 
4170	8 
4171	37 
4172	4 
4173	51 
4174	86 
4175	10 
4176	18 
4177	53 
4178	56 
4179	51 
4180	74 
4181	71 
4182	55 
4183	81 
4184	76 
4185	63 
4186	38 
4187	86 
4188	8 
4189	52 
4190	82 
4191	4 
4192	36 
4193	43 
4194	45 
4195	71 
4196	17 
4197	52 
4198	83 
4199	4 
4200	81 
4201	77 
4202	28 
4203	69 
4204	82 
4205	2 
4206	38 
4207	69 
4208	45 
4209	57 
4210	12 
4211	8 
4212	28 
4213	57 
4214	51 
4215	66 
4216	4 
4217	16 
4218	43 
4219	20 
4220	13 
4221	62 
4222	16 
4223	88 
4224	39 
4225	20 
4226	66 
4227	53 
4228	8 
4229	66 
4230	11 
4231	25 
4232	77 
4233	60 
4234	12 
4235	6 
4236	10 
4237	86 
4238	21 
4239	12 
4240	67 
4241	79 
4242	37 
4243	70 
4244	86 
4245	20 
4246	19 
4247	34 
4248	82 
4249	36 
4250	42 
4251	36 
4252	45 
4253	45 
4254	90 
4255	64 
4256	38 
4257	88 
4258	1 
4259	8 
4260	19 
4261	28 
4262	64 
4263	55 
4264	64 
4265	51 
4266	51 
4267	7 
4268	56 
4269	78 
4270	4 
4271	80 
4272	57 
4273	31 
4274	80 
4275	12 
4276	47 
4277	88 
4278	7 
4279	18 
4280	36 
4281	28 
4282	76 
4283	34 
4284	50 
4285	90 
4286	39 
4287	80 
4288	62 
4289	71 
4290	74 
4291	39 
4292	49 
4293	36 
4294	17 
4295	43 
4296	19 
4297	90 
4298	58 
4299	85 
4300	6 
4301	32 
4302	14 
4303	28 
4304	54 
4305	63 
4306	33 
4307	54 
4308	83 
4309	26 
4310	8 
4311	48 
4312	82 
4313	26 
4314	50 
4315	18 
4316	42 
4317	69 
4318	22 
4319	85 
4320	47 
4321	48 
4322	26 
4323	65 
4324	55 
4325	20 
4326	77 
4327	28 
4328	71 
4329	87 
4330	1 
4331	55 
4332	23 
4333	6 
4334	82 
4335	15 
4336	20 
4337	70 
4338	71 
4339	9 
4340	71 
4341	20 
4342	59 
4343	66 
4344	84 
4345	73 
4346	79 
4347	12 
4348	66 
4349	21 
4350	25 
4351	64 
4352	69 
4353	48 
4354	47 
4355	67 
4356	71 
4357	83 
4358	33 
4359	28 
4360	42 
4361	60 
4362	71 
4363	53 
4364	25 
4365	11 
4366	8 
4367	44 
4368	55 
4369	11 
4370	87 
4371	84 
4372	29 
4373	64 
4374	8 
4375	44 
4376	83 
4377	71 
4378	42 
4379	43 
4380	28 
4381	8 
4382	20 
4383	20 
4384	12 
4385	57 
4386	45 
4387	77 
4388	80 
4389	75 
4390	38 
4391	82 
4392	40 
4393	71 
4394	16 
4395	77 
4396	12 
4397	5 
4398	24 
4399	77 
4400	89 
4401	51 
4402	48 
4403	58 
4404	12 
4405	7 
4406	77 
4407	63 
4408	32 
4409	37 
4410	33 
4411	4 
4412	48 
4413	57 
4414	89 
4415	75 
4416	24 
4417	62 
4418	47 
4419	50 
4420	49 
4421	64 
4422	8 
4423	2 
4424	12 
4425	69 
4426	29 
4427	69 
4428	50 
4429	45 
4430	8 
4431	21 
4432	26 
4433	14 
4434	84 
4435	43 
4436	20 
4437	75 
4438	29 
4439	71 
4440	12 
4441	53 
4442	58 
4443	11 
4444	86 
4445	87 
4446	6 
4447	71 
4448	68 
4449	47 
4450	75 
4451	29 
4452	67 
4453	86 
4454	87 
4455	89 
4456	77 
4457	12 
4458	8 
4459	50 
4460	81 
4461	34 
4462	20 
4463	86 
4464	5 
4465	43 
4466	53 
4467	37 
4468	31 
4469	64 
4470	62 
4471	58 
4472	21 
4473	64 
4474	28 
4475	49 
4476	33 
4477	16 
4478	8 
4479	38 
4480	1 
4481	40 
4482	17 
4483	58 
4484	24 
4485	44 
4486	9 
4487	59 
4488	74 
4489	44 
4490	77 
4491	6 
4492	32 
4493	12 
4494	38 
4495	70 
4496	13 
4497	66 
4498	46 
4499	20 
4500	45 
4501	28 
4502	53 
4503	51 
4504	16 
4505	88 
4506	43 
4507	29 
4508	36 
4509	18 
4510	81 
4511	86 
4512	90 
4513	20 
4514	73 
4515	19 
4516	60 
4517	66 
4518	89 
4519	55 
4520	30 
4521	89 
4522	40 
4523	74 
4524	54 
4525	84 
4526	12 
4527	26 
4528	34 
4529	76 
4530	47 
4531	4 
4532	25 
4533	43 
4534	85 
4535	53 
4536	13 
4537	30 
4538	28 
4539	18 
4540	5 
4541	74 
4542	21 
4543	63 
4544	69 
4545	72 
4546	53 
4547	50 
4548	21 
4549	3 
4550	57 
4551	8 
4552	62 
4553	5 
4554	42 
4555	80 
4556	12 
4557	12 
4558	53 
4559	45 
4560	32 
4561	3 
4562	86 
4563	14 
4564	64 
4565	15 
4566	58 
4567	69 
4568	78 
4569	24 
4570	36 
4571	28 
4572	78 
4573	45 
4574	11 
4575	37 
4576	54 
4577	60 
4578	77 
4579	67 
4580	69 
4581	71 
4582	37 
4583	58 
4584	14 
4585	14 
4586	36 
4587	72 
4588	45 
4589	54 
4590	69 
4591	1 
4592	54 
4593	36 
4594	63 
4595	19 
4596	85 
4597	26 
4598	68 
4599	69 
4600	61 
4601	66 
4602	10 
4603	81 
4604	74 
4605	42 
4606	89 
4607	7 
4608	81 
4609	7 
4610	82 
4611	25 
4612	15 
4613	7 
4614	86 
4615	4 
4616	36 
4617	21 
4618	68 
4619	82 
4620	3 
4621	36 
4622	33 
4623	79 
4624	86 
4625	17 
4626	28 
4627	51 
4628	33 
4629	59 
4630	20 
4631	71 
4632	36 
4633	49 
4634	19 
4635	87 
4636	36 
4637	69 
4638	89 
4639	49 
4640	27 
4641	50 
4642	41 
4643	45 
4644	33 
4645	82 
4646	70 
4647	74 
4648	47 
4649	84 
4650	4 
4651	6 
4652	7 
4653	13 
4654	12 
4655	89 
4656	74 
4657	65 
4658	25 
4659	37 
4660	51 
4661	63 
4662	63 
4663	27 
4664	79 
4665	44 
4666	66 
4667	68 
4668	64 
4669	19 
4670	48 
4671	10 
4672	28 
4673	79 
4674	72 
4675	51 
4676	68 
4677	83 
4678	21 
4679	19 
4680	48 
4681	48 
4682	48 
4683	15 
4684	77 
4685	88 
4686	70 
4687	26 
4688	28 
4689	69 
4690	69 
4691	83 
4692	3 
4693	82 
4694	63 
4695	36 
4696	16 
4697	57 
4698	87 
4699	75 
4700	24 
4701	55 
4702	45 
4703	57 
4704	15 
4705	63 
4706	3 
4707	88 
4708	28 
4709	83 
4710	16 
4711	45 
4712	37 
4713	81 
4714	55 
4715	59 
4716	16 
4717	16 
4718	13 
4719	45 
4720	45 
4721	2 
4722	57 
4723	83 
4724	71 
4725	82 
4726	84 
4727	88 
4728	71 
4729	78 
4730	33 
4731	19 
4732	12 
4733	47 
4734	71 
4735	55 
4736	70 
4737	37 
4738	69 
4739	33 
4740	89 
4741	87 
4742	32 
4743	56 
4744	8 
4745	8 
4746	58 
4747	36 
4748	50 
4749	58 
4750	42 
4751	42 
4752	7 
4753	26 
4754	27 
4755	86 
4756	13 
4757	64 
4758	28 
4759	35 
4760	77 
4761	36 
4762	8 
4763	23 
4764	73 
4765	28 
4766	37 
4767	72 
4768	36 
4769	8 
4770	33 
4771	47 
4772	33 
4773	28 
4774	69 
4775	17 
4776	4 
4777	16 
4778	6 
4779	53 
4780	22 
4781	49 
4782	51 
4783	74 
4784	62 
4785	9 
4786	10 
4787	90 
4788	28 
4789	74 
4790	40 
4791	55 
4792	55 
4793	5 
4794	72 
4795	16 
4796	9 
4797	37 
4798	37 
4799	76 
4800	53 
4801	86 
4802	54 
4803	71 
4804	85 
4805	53 
4806	26 
4807	82 
4808	7 
4809	75 
4810	12 
4811	85 
4812	34 
4813	47 
4814	28 
4815	9 
4816	57 
4817	47 
4818	57 
4819	18 
4820	26 
4821	60 
4822	7 
4823	71 
4824	47 
4825	74 
4826	71 
4827	74 
4828	28 
4829	8 
4830	73 
4831	62 
4832	44 
4833	19 
4834	54 
4835	63 
4836	62 
4837	71 
4838	38 
4839	11 
4840	26 
4841	66 
4842	88 
4843	13 
4844	18 
4845	11 
4846	12 
4847	64 
4848	83 
4849	83 
4850	8 
4851	60 
4852	63 
4853	39 
4854	36 
4855	24 
4856	50 
4857	51 
4858	8 
4859	34 
4860	86 
4861	74 
4862	24 
4863	74 
4864	60 
4865	49 
4866	27 
4867	58 
4868	48 
4869	44 
4870	8 
4871	43 
4872	28 
4873	62 
4874	20 
4875	76 
4876	32 
4877	45 
4878	48 
4879	87 
4880	71 
4881	53 
4882	49 
4883	15 
4884	37 
4885	67 
4886	37 
4887	34 
4888	46 
4889	74 
4890	76 
4891	41 
4892	25 
4893	8 
4894	37 
4895	88 
4896	8 
4897	50 
4898	10 
4899	43 
4900	50 
4901	16 
4902	37 
4903	3 
4904	49 
4905	1 
4906	25 
4907	31 
4908	86 
4909	6 
4910	70 
4911	30 
4912	26 
4913	17 
4914	3 
4915	74 
4916	88 
4917	71 
4918	90 
4919	57 
4920	49 
4921	28 
4922	34 
4923	78 
4924	38 
4925	17 
4926	32 
4927	81 
4928	90 
4929	75 
4930	26 
4931	46 
4932	19 
4933	41 
4934	28 
4935	28 
4936	81 
4937	62 
4938	85 
4939	83 
4940	86 
4941	34 
4942	25 
4943	44 
4944	45 
4945	49 
4946	3 
4947	90 
4948	44 
4949	6 
4950	48 
4951	62 
4952	53 
4953	62 
4954	86 
4955	51 
4956	71 
4957	74 
4958	55 
4959	44 
4960	51 
4961	1 
4962	88 
4963	84 
4964	19 
4965	26 
4966	59 
4967	8 
4968	3 
4969	48 
4970	69 
4971	77 
4972	16 
4973	20 
4974	20 
4975	56 
4976	54 
4977	72 
4978	72 
4979	57 
4980	58 
4981	83 
4982	37 
4983	71 
4984	47 
4985	41 
4986	60 
4987	47 
4988	9 
4989	75 
4990	87 
4991	55 
4992	86 
4993	53 
4994	15 
4995	56 
4996	85 
4997	57 
4998	67 
4999	4 
5000	84 
