1	96 
2	13 
3	67 
4	91 
5	9 
6	89 
7	63 
8	17 
9	90 
10	47 
11	75 
12	4 
13	40 
14	44 
15	22 
16	4 
17	74 
18	87 
19	22 
20	63 
21	41 
22	32 
23	38 
24	78 
25	25 
26	73 
27	95 
28	68 
29	36 
30	90 
31	79 
32	95 
33	8 
34	94 
35	6 
36	42 
37	41 
38	84 
39	93 
40	80 
41	92 
42	12 
43	61 
44	63 
45	16 
46	39 
47	68 
48	77 
49	97 
50	64 
51	92 
52	11 
53	1 
54	66 
55	70 
56	75 
57	54 
58	56 
59	96 
60	42 
61	33 
62	95 
63	3 
64	54 
65	48 
66	51 
67	41 
68	63 
69	56 
70	68 
71	36 
72	92 
73	2 
74	63 
75	78 
76	1 
77	24 
78	85 
79	84 
80	4 
81	83 
82	56 
83	43 
84	17 
85	45 
86	90 
87	28 
88	15 
89	52 
90	51 
91	80 
92	45 
93	46 
94	13 
95	76 
96	58 
97	90 
98	35 
99	59 
100	68 
101	68 
102	43 
103	64 
104	17 
105	37 
106	46 
107	18 
108	33 
109	46 
110	35 
111	72 
112	83 
113	76 
114	2 
115	57 
116	14 
117	14 
118	76 
119	20 
120	93 
121	17 
122	54 
123	67 
124	7 
125	14 
126	2 
127	26 
128	46 
129	97 
130	25 
131	81 
132	58 
133	60 
134	52 
135	13 
136	51 
137	22 
138	31 
139	17 
140	25 
141	53 
142	23 
143	52 
144	78 
145	30 
146	6 
147	25 
148	68 
149	27 
150	51 
151	56 
152	89 
153	43 
154	62 
155	61 
156	55 
157	49 
158	96 
159	96 
160	15 
161	22 
162	29 
163	51 
164	29 
165	44 
166	68 
167	68 
168	26 
169	45 
170	42 
171	5 
172	4 
173	42 
174	31 
175	34 
176	28 
177	51 
178	76 
179	8 
180	71 
181	12 
182	44 
183	29 
184	57 
185	32 
186	75 
187	38 
188	68 
189	75 
190	93 
191	20 
192	44 
193	25 
194	29 
195	88 
196	93 
197	86 
198	96 
199	37 
200	63 
201	54 
202	89 
203	76 
204	48 
205	77 
206	88 
207	32 
208	37 
209	74 
210	86 
211	13 
212	26 
213	68 
214	92 
215	60 
216	54 
217	43 
218	35 
219	23 
220	46 
221	60 
222	93 
223	92 
224	7 
225	59 
226	35 
227	68 
228	95 
229	78 
230	74 
231	57 
232	2 
233	20 
234	83 
235	77 
236	76 
237	76 
238	83 
239	59 
240	21 
241	49 
242	61 
243	35 
244	41 
245	59 
246	19 
247	32 
248	95 
249	69 
250	53 
251	8 
252	42 
253	53 
254	55 
255	51 
256	25 
257	74 
258	93 
259	63 
260	31 
261	86 
262	26 
263	17 
264	37 
265	89 
266	28 
267	6 
268	19 
269	47 
270	35 
271	6 
272	92 
273	68 
274	52 
275	27 
276	12 
277	41 
278	19 
279	43 
280	26 
281	51 
282	39 
283	92 
284	22 
285	92 
286	49 
287	60 
288	37 
289	9 
290	61 
291	54 
292	18 
293	55 
294	15 
295	96 
296	68 
297	75 
298	68 
299	72 
300	33 
301	50 
302	36 
303	41 
304	42 
305	51 
306	66 
307	35 
308	44 
309	89 
310	77 
311	37 
312	39 
313	54 
314	39 
315	44 
316	4 
317	45 
318	42 
319	43 
320	72 
321	22 
322	26 
323	48 
324	54 
325	85 
326	2 
327	37 
328	96 
329	90 
330	76 
331	38 
332	10 
333	48 
334	56 
335	68 
336	33 
337	77 
338	83 
339	72 
340	90 
341	49 
342	39 
343	92 
344	63 
345	74 
346	15 
347	42 
348	68 
349	42 
350	92 
351	60 
352	39 
353	10 
354	2 
355	72 
356	81 
357	23 
358	15 
359	13 
360	44 
361	57 
362	80 
363	50 
364	6 
365	15 
366	55 
367	56 
368	29 
369	29 
370	51 
371	59 
372	35 
373	75 
374	51 
375	10 
376	78 
377	63 
378	90 
379	10 
380	63 
381	44 
382	66 
383	62 
384	69 
385	19 
386	21 
387	58 
388	25 
389	11 
390	56 
391	14 
392	54 
393	92 
394	92 
395	96 
396	4 
397	8 
398	97 
399	47 
400	1 
401	37 
402	92 
403	74 
404	62 
405	89 
406	76 
407	50 
408	66 
409	35 
410	33 
411	36 
412	33 
413	30 
414	67 
415	76 
416	63 
417	80 
418	79 
419	78 
420	22 
421	61 
422	11 
423	32 
424	91 
425	39 
426	76 
427	70 
428	26 
429	14 
430	69 
431	61 
432	17 
433	36 
434	95 
435	52 
436	75 
437	76 
438	50 
439	53 
440	36 
441	75 
442	76 
443	4 
444	51 
445	26 
446	51 
447	86 
448	35 
449	76 
450	45 
451	62 
452	67 
453	96 
454	75 
455	18 
456	90 
457	54 
458	21 
459	41 
460	43 
461	90 
462	12 
463	62 
464	18 
465	75 
466	1 
467	5 
468	54 
469	76 
470	7 
471	15 
472	89 
473	18 
474	37 
475	50 
476	93 
477	60 
478	55 
479	38 
480	90 
481	5 
482	27 
483	43 
484	58 
485	86 
486	42 
487	35 
488	13 
489	97 
490	41 
491	38 
492	64 
493	18 
494	39 
495	1 
496	94 
497	84 
498	44 
499	43 
500	37 
501	84 
502	14 
503	7 
504	60 
505	83 
506	56 
507	2 
508	65 
509	93 
510	90 
511	29 
512	19 
513	4 
514	63 
515	51 
516	74 
517	50 
518	9 
519	68 
520	35 
521	94 
522	66 
523	79 
524	92 
525	76 
526	39 
527	4 
528	91 
529	37 
530	44 
531	54 
532	86 
533	94 
534	70 
535	42 
536	55 
537	16 
538	69 
539	78 
540	83 
541	57 
542	14 
543	17 
544	5 
545	17 
546	68 
547	53 
548	27 
549	88 
550	44 
551	6 
552	44 
553	78 
554	1 
555	37 
556	66 
557	14 
558	8 
559	51 
560	63 
561	30 
562	62 
563	69 
564	3 
565	14 
566	69 
567	57 
568	92 
569	61 
570	60 
571	44 
572	77 
573	63 
574	82 
575	14 
576	81 
577	15 
578	84 
579	90 
580	18 
581	25 
582	42 
583	95 
584	92 
585	32 
586	87 
587	92 
588	60 
589	61 
590	31 
591	11 
592	25 
593	8 
594	97 
595	81 
596	52 
597	50 
598	68 
599	36 
600	37 
601	19 
602	19 
603	68 
604	28 
605	56 
606	61 
607	61 
608	27 
609	39 
610	94 
611	61 
612	87 
613	20 
614	36 
615	69 
616	93 
617	73 
618	14 
619	51 
620	16 
621	36 
622	7 
623	2 
624	96 
625	95 
626	4 
627	71 
628	40 
629	16 
630	62 
631	96 
632	81 
633	55 
634	72 
635	97 
636	91 
637	25 
638	70 
639	69 
640	46 
641	96 
642	12 
643	35 
644	60 
645	42 
646	15 
647	74 
648	3 
649	4 
650	9 
651	42 
652	28 
653	92 
654	48 
655	50 
656	96 
657	92 
658	8 
659	43 
660	8 
661	51 
662	43 
663	90 
664	41 
665	92 
666	43 
667	76 
668	1 
669	56 
670	93 
671	90 
672	51 
673	80 
674	68 
675	89 
676	1 
677	13 
678	33 
679	78 
680	95 
681	23 
682	26 
683	43 
684	22 
685	52 
686	25 
687	88 
688	48 
689	41 
690	14 
691	63 
692	87 
693	83 
694	39 
695	70 
696	81 
697	51 
698	29 
699	36 
700	91 
701	72 
702	90 
703	61 
704	30 
705	81 
706	56 
707	84 
708	74 
709	74 
710	46 
711	32 
712	1 
713	2 
714	41 
715	91 
716	56 
717	60 
718	45 
719	50 
720	75 
721	66 
722	15 
723	47 
724	34 
725	86 
726	78 
727	15 
728	88 
729	32 
730	22 
731	37 
732	27 
733	32 
734	25 
735	80 
736	55 
737	88 
738	94 
739	54 
740	28 
741	66 
742	96 
743	57 
744	97 
745	41 
746	27 
747	94 
748	26 
749	6 
750	70 
751	49 
752	52 
753	40 
754	54 
755	76 
756	7 
757	64 
758	40 
759	66 
760	4 
761	19 
762	13 
763	77 
764	54 
765	8 
766	13 
767	25 
768	40 
769	20 
770	69 
771	56 
772	96 
773	12 
774	50 
775	3 
776	37 
777	51 
778	89 
779	2 
780	26 
781	19 
782	24 
783	71 
784	64 
785	54 
786	17 
787	81 
788	4 
789	21 
790	96 
791	54 
792	62 
793	21 
794	39 
795	49 
796	36 
797	51 
798	26 
799	61 
800	40 
801	10 
802	21 
803	90 
804	78 
805	52 
806	74 
807	84 
808	22 
809	34 
810	90 
811	26 
812	35 
813	37 
814	93 
815	82 
816	15 
817	39 
818	89 
819	24 
820	7 
821	75 
822	92 
823	66 
824	60 
825	54 
826	46 
827	39 
828	84 
829	74 
830	73 
831	36 
832	91 
833	96 
834	62 
835	41 
836	46 
837	81 
838	68 
839	18 
840	25 
841	18 
842	69 
843	18 
844	92 
845	47 
846	68 
847	50 
848	28 
849	51 
850	70 
851	78 
852	81 
853	73 
854	85 
855	17 
856	74 
857	25 
858	29 
859	22 
860	87 
861	40 
862	43 
863	51 
864	34 
865	71 
866	40 
867	1 
868	50 
869	10 
870	17 
871	92 
872	42 
873	84 
874	18 
875	35 
876	97 
877	21 
878	22 
879	77 
880	41 
881	74 
882	25 
883	66 
884	92 
885	65 
886	10 
887	49 
888	13 
889	84 
890	26 
891	90 
892	96 
893	53 
894	9 
895	58 
896	3 
897	53 
898	90 
899	35 
900	36 
901	20 
902	90 
903	90 
904	46 
905	76 
906	49 
907	35 
908	41 
909	45 
910	45 
911	77 
912	50 
913	61 
914	75 
915	47 
916	37 
917	18 
918	70 
919	55 
920	92 
921	32 
922	82 
923	40 
924	29 
925	69 
926	56 
927	18 
928	96 
929	13 
930	15 
931	91 
932	82 
933	55 
934	52 
935	93 
936	14 
937	96 
938	35 
939	41 
940	76 
941	25 
942	34 
943	68 
944	79 
945	21 
946	43 
947	62 
948	18 
949	81 
950	11 
951	63 
952	47 
953	50 
954	10 
955	18 
956	82 
957	43 
958	54 
959	79 
960	48 
961	59 
962	58 
963	41 
964	81 
965	26 
966	1 
967	29 
968	5 
969	14 
970	90 
971	44 
972	59 
973	46 
974	56 
975	3 
976	41 
977	90 
978	30 
979	87 
980	76 
981	51 
982	71 
983	83 
984	60 
985	10 
986	55 
987	39 
988	95 
989	68 
990	39 
991	69 
992	41 
993	46 
994	69 
995	64 
996	56 
997	14 
998	30 
999	3 
1000	36 
1001	22 
1002	44 
1003	52 
1004	70 
1005	22 
1006	48 
1007	24 
1008	55 
1009	84 
1010	2 
1011	29 
1012	91 
1013	72 
1014	3 
1015	24 
1016	1 
1017	29 
1018	82 
1019	26 
1020	56 
1021	26 
1022	5 
1023	67 
1024	97 
1025	71 
1026	41 
1027	54 
1028	76 
1029	18 
1030	31 
1031	51 
1032	1 
1033	25 
1034	18 
1035	90 
1036	29 
1037	44 
1038	7 
1039	29 
1040	50 
1041	29 
1042	95 
1043	29 
1044	18 
1045	86 
1046	44 
1047	96 
1048	71 
1049	42 
1050	76 
1051	49 
1052	1 
1053	61 
1054	69 
1055	62 
1056	25 
1057	2 
1058	12 
1059	56 
1060	73 
1061	69 
1062	8 
1063	35 
1064	13 
1065	78 
1066	15 
1067	8 
1068	1 
1069	36 
1070	56 
1071	79 
1072	55 
1073	96 
1074	66 
1075	82 
1076	28 
1077	64 
1078	72 
1079	73 
1080	60 
1081	24 
1082	21 
1083	17 
1084	87 
1085	43 
1086	51 
1087	67 
1088	56 
1089	34 
1090	75 
1091	39 
1092	36 
1093	36 
1094	68 
1095	60 
1096	37 
1097	82 
1098	85 
1099	2 
1100	26 
1101	88 
1102	62 
1103	52 
1104	27 
1105	97 
1106	90 
1107	2 
1108	59 
1109	78 
1110	8 
1111	50 
1112	29 
1113	47 
1114	31 
1115	87 
1116	96 
1117	4 
1118	13 
1119	25 
1120	85 
1121	77 
1122	17 
1123	39 
1124	74 
1125	82 
1126	92 
1127	58 
1128	40 
1129	42 
1130	78 
1131	50 
1132	71 
1133	46 
1134	27 
1135	50 
1136	10 
1137	64 
1138	26 
1139	50 
1140	97 
1141	74 
1142	29 
1143	61 
1144	7 
1145	45 
1146	35 
1147	57 
1148	8 
1149	66 
1150	50 
1151	16 
1152	88 
1153	49 
1154	50 
1155	44 
1156	90 
1157	1 
1158	75 
1159	36 
1160	8 
1161	94 
1162	96 
1163	18 
1164	51 
1165	11 
1166	84 
1167	48 
1168	3 
1169	97 
1170	9 
1171	82 
1172	10 
1173	26 
1174	52 
1175	75 
1176	30 
1177	29 
1178	42 
1179	14 
1180	1 
1181	54 
1182	97 
1183	56 
1184	90 
1185	94 
1186	74 
1187	19 
1188	4 
1189	81 
1190	40 
1191	25 
1192	53 
1193	58 
1194	6 
1195	33 
1196	51 
1197	68 
1198	38 
1199	2 
1200	4 
1201	33 
1202	61 
1203	43 
1204	49 
1205	49 
1206	9 
1207	74 
1208	71 
1209	97 
1210	44 
1211	91 
1212	81 
1213	68 
1214	71 
1215	4 
1216	46 
1217	36 
1218	62 
1219	8 
1220	84 
1221	51 
1222	76 
1223	66 
1224	62 
1225	32 
1226	34 
1227	1 
1228	70 
1229	54 
1230	54 
1231	16 
1232	86 
1233	63 
1234	10 
1235	2 
1236	63 
1237	22 
1238	56 
1239	14 
1240	90 
1241	33 
1242	39 
1243	90 
1244	61 
1245	47 
1246	15 
1247	62 
1248	15 
1249	31 
1250	81 
1251	80 
1252	60 
1253	62 
1254	65 
1255	36 
1256	43 
1257	6 
1258	75 
1259	36 
1260	72 
1261	22 
1262	57 
1263	57 
1264	25 
1265	1 
1266	82 
1267	26 
1268	42 
1269	59 
1270	24 
1271	6 
1272	35 
1273	89 
1274	16 
1275	74 
1276	3 
1277	41 
1278	47 
1279	79 
1280	22 
1281	92 
1282	61 
1283	30 
1284	75 
1285	89 
1286	16 
1287	49 
1288	82 
1289	18 
1290	60 
1291	52 
1292	67 
1293	36 
1294	83 
1295	90 
1296	56 
1297	35 
1298	79 
1299	92 
1300	82 
1301	46 
1302	36 
1303	31 
1304	91 
1305	45 
1306	43 
1307	2 
1308	4 
1309	84 
1310	27 
1311	41 
1312	46 
1313	39 
1314	29 
1315	76 
1316	97 
1317	63 
1318	7 
1319	51 
1320	29 
1321	25 
1322	86 
1323	48 
1324	34 
1325	66 
1326	69 
1327	26 
1328	66 
1329	96 
1330	91 
1331	68 
1332	90 
1333	56 
1334	41 
1335	63 
1336	60 
1337	96 
1338	80 
1339	83 
1340	89 
1341	45 
1342	39 
1343	43 
1344	50 
1345	66 
1346	43 
1347	34 
1348	8 
1349	69 
1350	78 
1351	66 
1352	91 
1353	82 
1354	90 
1355	76 
1356	88 
1357	81 
1358	60 
1359	23 
1360	3 
1361	11 
1362	93 
1363	33 
1364	51 
1365	40 
1366	96 
1367	8 
1368	51 
1369	74 
1370	18 
1371	57 
1372	49 
1373	73 
1374	96 
1375	51 
1376	92 
1377	96 
1378	1 
1379	60 
1380	95 
1381	94 
1382	75 
1383	50 
1384	45 
1385	75 
1386	52 
1387	54 
1388	96 
1389	74 
1390	29 
1391	35 
1392	36 
1393	32 
1394	8 
1395	26 
1396	76 
1397	4 
1398	69 
1399	15 
1400	33 
1401	75 
1402	81 
1403	29 
1404	51 
1405	46 
1406	43 
1407	83 
1408	29 
1409	6 
1410	29 
1411	4 
1412	63 
1413	40 
1414	70 
1415	40 
1416	63 
1417	60 
1418	62 
1419	4 
1420	54 
1421	81 
1422	63 
1423	4 
1424	37 
1425	66 
1426	18 
1427	36 
1428	62 
1429	36 
1430	41 
1431	56 
1432	36 
1433	36 
1434	28 
1435	26 
1436	54 
1437	76 
1438	64 
1439	39 
1440	90 
1441	66 
1442	22 
1443	4 
1444	71 
1445	74 
1446	60 
1447	66 
1448	22 
1449	63 
1450	43 
1451	70 
1452	49 
1453	31 
1454	88 
1455	76 
1456	78 
1457	57 
1458	4 
1459	69 
1460	31 
1461	51 
1462	78 
1463	36 
1464	21 
1465	81 
1466	35 
1467	86 
1468	13 
1469	17 
1470	56 
1471	44 
1472	31 
1473	89 
1474	36 
1475	29 
1476	40 
1477	59 
1478	76 
1479	85 
1480	77 
1481	37 
1482	64 
1483	46 
1484	11 
1485	25 
1486	50 
1487	11 
1488	97 
1489	52 
1490	81 
1491	85 
1492	88 
1493	74 
1494	44 
1495	94 
1496	80 
1497	35 
1498	4 
1499	71 
1500	59 
1501	54 
1502	27 
1503	92 
1504	56 
1505	37 
1506	37 
1507	23 
1508	76 
1509	41 
1510	15 
1511	42 
1512	56 
1513	78 
1514	73 
1515	61 
1516	34 
1517	36 
1518	34 
1519	15 
1520	14 
1521	15 
1522	96 
1523	54 
1524	75 
1525	22 
1526	94 
1527	15 
1528	5 
1529	15 
1530	55 
1531	23 
1532	51 
1533	35 
1534	94 
1535	32 
1536	48 
1537	15 
1538	26 
1539	69 
1540	69 
1541	4 
1542	35 
1543	74 
1544	49 
1545	96 
1546	50 
1547	92 
1548	36 
1549	48 
1550	56 
1551	51 
1552	97 
1553	64 
1554	52 
1555	60 
1556	37 
1557	46 
1558	6 
1559	60 
1560	28 
1561	64 
1562	35 
1563	25 
1564	46 
1565	67 
1566	43 
1567	11 
1568	89 
1569	12 
1570	66 
1571	41 
1572	36 
1573	16 
1574	89 
1575	25 
1576	35 
1577	35 
1578	93 
1579	11 
1580	50 
1581	92 
1582	88 
1583	54 
1584	66 
1585	66 
1586	42 
1587	92 
1588	27 
1589	42 
1590	51 
1591	91 
1592	42 
1593	75 
1594	22 
1595	46 
1596	52 
1597	57 
1598	13 
1599	26 
1600	64 
1601	53 
1602	87 
1603	26 
1604	4 
1605	85 
1606	29 
1607	69 
1608	80 
1609	37 
1610	74 
1611	57 
1612	4 
1613	74 
1614	76 
1615	83 
1616	77 
1617	49 
1618	56 
1619	28 
1620	2 
1621	22 
1622	2 
1623	46 
1624	50 
1625	11 
1626	63 
1627	91 
1628	89 
1629	19 
1630	97 
1631	46 
1632	41 
1633	27 
1634	67 
1635	66 
1636	47 
1637	41 
1638	18 
1639	7 
1640	63 
1641	57 
1642	85 
1643	97 
1644	2 
1645	81 
1646	18 
1647	43 
1648	56 
1649	63 
1650	97 
1651	30 
1652	12 
1653	13 
1654	73 
1655	65 
1656	75 
1657	39 
1658	57 
1659	82 
1660	81 
1661	21 
1662	60 
1663	61 
1664	1 
1665	7 
1666	6 
1667	31 
1668	66 
1669	46 
1670	7 
1671	72 
1672	41 
1673	51 
1674	11 
1675	44 
1676	6 
1677	78 
1678	51 
1679	61 
1680	11 
1681	29 
1682	66 
1683	70 
1684	1 
1685	12 
1686	52 
1687	52 
1688	22 
1689	10 
1690	39 
1691	96 
1692	15 
1693	87 
1694	50 
1695	90 
1696	82 
1697	52 
1698	37 
1699	62 
1700	49 
1701	50 
1702	18 
1703	49 
1704	28 
1705	48 
1706	59 
1707	92 
1708	42 
1709	15 
1710	9 
1711	92 
1712	91 
1713	52 
1714	36 
1715	49 
1716	46 
1717	42 
1718	69 
1719	82 
1720	72 
1721	38 
1722	19 
1723	95 
1724	52 
1725	60 
1726	25 
1727	97 
1728	88 
1729	15 
1730	63 
1731	54 
1732	41 
1733	67 
1734	55 
1735	50 
1736	19 
1737	92 
1738	40 
1739	96 
1740	90 
1741	61 
1742	75 
1743	97 
1744	55 
1745	1 
1746	66 
1747	86 
1748	56 
1749	37 
1750	63 
1751	18 
1752	11 
1753	56 
1754	22 
1755	43 
1756	31 
1757	60 
1758	78 
1759	59 
1760	64 
1761	52 
1762	92 
1763	84 
1764	13 
1765	81 
1766	44 
1767	51 
1768	3 
1769	97 
1770	82 
1771	4 
1772	77 
1773	72 
1774	30 
1775	48 
1776	87 
1777	57 
1778	49 
1779	37 
1780	44 
1781	60 
1782	90 
1783	94 
1784	3 
1785	28 
1786	68 
1787	20 
1788	77 
1789	69 
1790	2 
1791	29 
1792	1 
1793	59 
1794	93 
1795	27 
1796	56 
1797	62 
1798	30 
1799	1 
1800	56 
1801	9 
1802	54 
1803	30 
1804	10 
1805	1 
1806	16 
1807	43 
1808	41 
1809	61 
1810	59 
1811	41 
1812	86 
1813	66 
1814	5 
1815	5 
1816	50 
1817	40 
1818	92 
1819	8 
1820	76 
1821	62 
1822	88 
1823	68 
1824	30 
1825	36 
1826	29 
1827	51 
1828	26 
1829	56 
1830	41 
1831	80 
1832	51 
1833	69 
1834	6 
1835	45 
1836	39 
1837	63 
1838	22 
1839	17 
1840	51 
1841	28 
1842	48 
1843	34 
1844	88 
1845	89 
1846	15 
1847	30 
1848	91 
1849	93 
1850	85 
1851	81 
1852	5 
1853	6 
1854	26 
1855	46 
1856	72 
1857	31 
1858	50 
1859	42 
1860	48 
1861	6 
1862	97 
1863	30 
1864	36 
1865	83 
1866	95 
1867	69 
1868	65 
1869	23 
1870	89 
1871	92 
1872	30 
1873	96 
1874	84 
1875	21 
1876	60 
1877	62 
1878	92 
1879	35 
1880	33 
1881	65 
1882	89 
1883	52 
1884	18 
1885	61 
1886	96 
1887	30 
1888	95 
1889	6 
1890	79 
1891	15 
1892	96 
1893	49 
1894	35 
1895	1 
1896	34 
1897	68 
1898	3 
1899	52 
1900	46 
1901	15 
1902	1 
1903	69 
1904	19 
1905	55 
1906	11 
1907	15 
1908	26 
1909	96 
1910	50 
1911	78 
1912	36 
1913	51 
1914	63 
1915	91 
1916	15 
1917	46 
1918	54 
1919	4 
1920	56 
1921	76 
1922	9 
1923	82 
1924	42 
1925	21 
1926	45 
1927	81 
1928	5 
1929	34 
1930	52 
1931	87 
1932	44 
1933	14 
1934	70 
1935	76 
1936	81 
1937	50 
1938	90 
1939	94 
1940	30 
1941	51 
1942	63 
1943	19 
1944	80 
1945	76 
1946	56 
1947	90 
1948	76 
1949	52 
1950	42 
1951	8 
1952	89 
1953	28 
1954	94 
1955	44 
1956	63 
1957	13 
1958	82 
1959	97 
1960	80 
1961	69 
1962	25 
1963	44 
1964	78 
1965	57 
1966	12 
1967	69 
1968	15 
1969	83 
1970	63 
1971	81 
1972	75 
1973	94 
1974	94 
1975	18 
1976	40 
1977	30 
1978	44 
1979	43 
1980	90 
1981	14 
1982	19 
1983	97 
1984	36 
1985	15 
1986	72 
1987	45 
1988	45 
1989	80 
1990	30 
1991	54 
1992	15 
1993	22 
1994	12 
1995	59 
1996	71 
1997	51 
1998	19 
1999	2 
2000	45 
2001	46 
2002	46 
2003	97 
2004	4 
2005	8 
2006	42 
2007	96 
2008	2 
2009	49 
2010	6 
2011	52 
2012	84 
2013	37 
2014	3 
2015	60 
2016	84 
2017	24 
2018	35 
2019	91 
2020	63 
2021	41 
2022	39 
2023	22 
2024	18 
2025	35 
2026	44 
2027	24 
2028	43 
2029	39 
2030	44 
2031	22 
2032	61 
2033	71 
2034	44 
2035	30 
2036	41 
2037	29 
2038	67 
2039	91 
2040	95 
2041	23 
2042	97 
2043	13 
2044	30 
2045	1 
2046	39 
2047	15 
2048	75 
2049	28 
2050	62 
2051	40 
2052	39 
2053	96 
2054	85 
2055	92 
2056	61 
2057	41 
2058	90 
2059	42 
2060	43 
2061	87 
2062	75 
2063	47 
2064	25 
2065	96 
2066	94 
2067	41 
2068	96 
2069	55 
2070	92 
2071	74 
2072	4 
2073	90 
2074	76 
2075	89 
2076	63 
2077	82 
2078	16 
2079	32 
2080	76 
2081	42 
2082	72 
2083	42 
2084	20 
2085	88 
2086	51 
2087	68 
2088	50 
2089	69 
2090	41 
2091	72 
2092	7 
2093	50 
2094	23 
2095	25 
2096	30 
2097	22 
2098	76 
2099	33 
2100	43 
2101	51 
2102	59 
2103	86 
2104	37 
2105	6 
2106	5 
2107	97 
2108	4 
2109	86 
2110	2 
2111	46 
2112	92 
2113	2 
2114	60 
2115	31 
2116	92 
2117	40 
2118	86 
2119	51 
2120	83 
2121	17 
2122	78 
2123	26 
2124	85 
2125	8 
2126	17 
2127	34 
2128	73 
2129	56 
2130	15 
2131	36 
2132	75 
2133	6 
2134	68 
2135	97 
2136	46 
2137	78 
2138	10 
2139	1 
2140	29 
2141	69 
2142	28 
2143	51 
2144	26 
2145	43 
2146	6 
2147	22 
2148	68 
2149	72 
2150	39 
2151	22 
2152	55 
2153	90 
2154	74 
2155	28 
2156	65 
2157	48 
2158	94 
2159	50 
2160	37 
2161	1 
2162	61 
2163	4 
2164	84 
2165	42 
2166	21 
2167	1 
2168	71 
2169	37 
2170	4 
2171	90 
2172	13 
2173	55 
2174	96 
2175	97 
2176	22 
2177	69 
2178	90 
2179	90 
2180	43 
2181	48 
2182	25 
2183	50 
2184	75 
2185	34 
2186	39 
2187	14 
2188	1 
2189	58 
2190	84 
2191	56 
2192	39 
2193	76 
2194	80 
2195	7 
2196	2 
2197	24 
2198	73 
2199	82 
2200	29 
2201	18 
2202	33 
2203	4 
2204	66 
2205	68 
2206	75 
2207	46 
2208	55 
2209	22 
2210	11 
2211	18 
2212	63 
2213	68 
2214	18 
2215	52 
2216	13 
2217	8 
2218	31 
2219	27 
2220	41 
2221	30 
2222	76 
2223	91 
2224	62 
2225	76 
2226	76 
2227	67 
2228	45 
2229	31 
2230	35 
2231	96 
2232	8 
2233	44 
2234	1 
2235	59 
2236	92 
2237	26 
2238	51 
2239	85 
2240	71 
2241	51 
2242	37 
2243	56 
2244	63 
2245	52 
2246	36 
2247	80 
2248	9 
2249	15 
2250	82 
2251	46 
2252	4 
2253	39 
2254	81 
2255	94 
2256	57 
2257	87 
2258	58 
2259	56 
2260	5 
2261	14 
2262	44 
2263	27 
2264	97 
2265	75 
2266	74 
2267	64 
2268	22 
2269	97 
2270	63 
2271	42 
2272	30 
2273	39 
2274	72 
2275	26 
2276	50 
2277	56 
2278	54 
2279	45 
2280	38 
2281	42 
2282	46 
2283	30 
2284	65 
2285	75 
2286	60 
2287	68 
2288	56 
2289	46 
2290	60 
2291	5 
2292	15 
2293	90 
2294	26 
2295	86 
2296	18 
2297	54 
2298	61 
2299	63 
2300	80 
2301	76 
2302	51 
2303	81 
2304	28 
2305	70 
2306	92 
2307	25 
2308	79 
2309	14 
2310	60 
2311	20 
2312	56 
2313	80 
2314	61 
2315	39 
2316	72 
2317	61 
2318	81 
2319	4 
2320	53 
2321	95 
2322	36 
2323	18 
2324	25 
2325	3 
2326	74 
2327	76 
2328	72 
2329	88 
2330	14 
2331	27 
2332	64 
2333	16 
2334	39 
2335	33 
2336	39 
2337	90 
2338	6 
2339	93 
2340	24 
2341	44 
2342	73 
2343	20 
2344	80 
2345	18 
2346	37 
2347	19 
2348	61 
2349	54 
2350	28 
2351	93 
2352	6 
2353	92 
2354	18 
2355	78 
2356	60 
2357	35 
2358	41 
2359	97 
2360	59 
2361	41 
2362	94 
2363	81 
2364	92 
2365	35 
2366	23 
2367	32 
2368	14 
2369	56 
2370	69 
2371	62 
2372	48 
2373	70 
2374	94 
2375	31 
2376	68 
2377	83 
2378	39 
2379	38 
2380	41 
2381	92 
2382	68 
2383	81 
2384	82 
2385	58 
2386	2 
2387	50 
2388	10 
2389	37 
2390	12 
2391	84 
2392	63 
2393	84 
2394	97 
2395	55 
2396	96 
2397	1 
2398	51 
2399	39 
2400	5 
2401	63 
2402	23 
2403	61 
2404	70 
2405	95 
2406	51 
2407	46 
2408	84 
2409	46 
2410	1 
2411	43 
2412	1 
2413	89 
2414	46 
2415	83 
2416	4 
2417	94 
2418	57 
2419	19 
2420	41 
2421	6 
2422	67 
2423	77 
2424	35 
2425	75 
2426	52 
2427	62 
2428	39 
2429	86 
2430	69 
2431	74 
2432	1 
2433	91 
2434	97 
2435	47 
2436	56 
2437	62 
2438	43 
2439	58 
2440	46 
2441	66 
2442	24 
2443	74 
2444	6 
2445	53 
2446	49 
2447	54 
2448	63 
2449	47 
2450	54 
2451	62 
2452	17 
2453	33 
2454	25 
2455	30 
2456	67 
2457	96 
2458	63 
2459	44 
2460	23 
2461	3 
2462	81 
2463	61 
2464	76 
2465	55 
2466	30 
2467	84 
2468	38 
2469	70 
2470	31 
2471	4 
2472	46 
2473	76 
2474	17 
2475	15 
2476	78 
2477	55 
2478	42 
2479	75 
2480	43 
2481	23 
2482	52 
2483	8 
2484	81 
2485	26 
2486	76 
2487	54 
2488	23 
2489	49 
2490	44 
2491	33 
2492	54 
2493	69 
2494	4 
2495	88 
2496	50 
2497	20 
2498	36 
2499	40 
2500	37 
2501	88 
2502	31 
2503	49 
2504	76 
2505	52 
2506	96 
2507	64 
2508	79 
2509	30 
2510	58 
2511	54 
2512	42 
2513	91 
2514	82 
2515	22 
2516	45 
2517	67 
2518	52 
2519	70 
2520	76 
2521	49 
2522	42 
2523	54 
2524	4 
2525	61 
2526	90 
2527	80 
2528	70 
2529	22 
2530	53 
2531	42 
2532	1 
2533	89 
2534	63 
2535	36 
2536	63 
2537	54 
2538	89 
2539	18 
2540	51 
2541	41 
2542	19 
2543	32 
2544	55 
2545	71 
2546	11 
2547	92 
2548	78 
2549	21 
2550	27 
2551	54 
2552	60 
2553	11 
2554	60 
2555	69 
2556	80 
2557	74 
2558	66 
2559	84 
2560	2 
2561	44 
2562	93 
2563	76 
2564	44 
2565	3 
2566	88 
2567	42 
2568	37 
2569	51 
2570	19 
2571	84 
2572	97 
2573	18 
2574	59 
2575	69 
2576	42 
2577	44 
2578	11 
2579	56 
2580	15 
2581	54 
2582	49 
2583	44 
2584	12 
2585	1 
2586	60 
2587	48 
2588	96 
2589	76 
2590	16 
2591	7 
2592	34 
2593	26 
2594	21 
2595	94 
2596	7 
2597	11 
2598	23 
2599	8 
2600	54 
2601	7 
2602	61 
2603	6 
2604	18 
2605	63 
2606	68 
2607	76 
2608	52 
2609	21 
2610	89 
2611	84 
2612	67 
2613	3 
2614	13 
2615	89 
2616	47 
2617	92 
2618	54 
2619	62 
2620	62 
2621	28 
2622	55 
2623	73 
2624	7 
2625	46 
2626	23 
2627	60 
2628	2 
2629	16 
2630	19 
2631	58 
2632	81 
2633	60 
2634	28 
2635	35 
2636	18 
2637	7 
2638	30 
2639	63 
2640	41 
2641	90 
2642	17 
2643	29 
2644	59 
2645	33 
2646	52 
2647	5 
2648	69 
2649	72 
2650	10 
2651	78 
2652	50 
2653	34 
2654	52 
2655	2 
2656	3 
2657	84 
2658	78 
2659	75 
2660	13 
2661	52 
2662	35 
2663	62 
2664	54 
2665	46 
2666	90 
2667	37 
2668	92 
2669	32 
2670	46 
2671	22 
2672	50 
2673	39 
2674	37 
2675	25 
2676	91 
2677	34 
2678	96 
2679	12 
2680	59 
2681	33 
2682	22 
2683	42 
2684	80 
2685	75 
2686	68 
2687	63 
2688	43 
2689	75 
2690	54 
2691	34 
2692	15 
2693	76 
2694	78 
2695	10 
2696	49 
2697	83 
2698	52 
2699	59 
2700	60 
2701	6 
2702	83 
2703	3 
2704	60 
2705	54 
2706	90 
2707	53 
2708	6 
2709	45 
2710	15 
2711	79 
2712	26 
2713	60 
2714	51 
2715	80 
2716	56 
2717	34 
2718	89 
2719	25 
2720	4 
2721	31 
2722	86 
2723	30 
2724	32 
2725	74 
2726	59 
2727	1 
2728	12 
2729	25 
2730	70 
2731	41 
2732	75 
2733	60 
2734	50 
2735	43 
2736	41 
2737	70 
2738	90 
2739	33 
2740	3 
2741	74 
2742	80 
2743	36 
2744	96 
2745	56 
2746	50 
2747	2 
2748	20 
2749	1 
2750	39 
2751	18 
2752	42 
2753	19 
2754	6 
2755	79 
2756	6 
2757	82 
2758	15 
2759	1 
2760	11 
2761	46 
2762	35 
2763	64 
2764	1 
2765	56 
2766	69 
2767	33 
2768	16 
2769	10 
2770	43 
2771	15 
2772	67 
2773	33 
2774	90 
2775	90 
2776	6 
2777	44 
2778	15 
2779	43 
2780	75 
2781	26 
2782	26 
2783	80 
2784	18 
2785	26 
2786	18 
2787	26 
2788	35 
2789	51 
2790	89 
2791	52 
2792	52 
2793	74 
2794	33 
2795	63 
2796	36 
2797	56 
2798	68 
2799	90 
2800	42 
2801	54 
2802	30 
2803	78 
2804	13 
2805	83 
2806	96 
2807	3 
2808	47 
2809	39 
2810	56 
2811	68 
2812	77 
2813	11 
2814	72 
2815	62 
2816	33 
2817	88 
2818	58 
2819	10 
2820	13 
2821	52 
2822	33 
2823	92 
2824	92 
2825	26 
2826	29 
2827	29 
2828	68 
2829	60 
2830	89 
2831	61 
2832	56 
2833	54 
2834	61 
2835	6 
2836	2 
2837	52 
2838	85 
2839	38 
2840	82 
2841	46 
2842	26 
2843	64 
2844	8 
2845	20 
2846	81 
2847	52 
2848	50 
2849	13 
2850	29 
2851	14 
2852	48 
2853	7 
2854	96 
2855	14 
2856	46 
2857	40 
2858	39 
2859	72 
2860	42 
2861	29 
2862	66 
2863	90 
2864	97 
2865	72 
2866	91 
2867	46 
2868	51 
2869	41 
2870	94 
2871	43 
2872	61 
2873	36 
2874	35 
2875	97 
2876	92 
2877	36 
2878	11 
2879	34 
2880	40 
2881	50 
2882	34 
2883	5 
2884	15 
2885	90 
2886	90 
2887	49 
2888	4 
2889	55 
2890	1 
2891	30 
2892	43 
2893	46 
2894	1 
2895	75 
2896	75 
2897	46 
2898	93 
2899	35 
2900	79 
2901	44 
2902	24 
2903	91 
2904	68 
2905	68 
2906	39 
2907	63 
2908	80 
2909	76 
2910	66 
2911	61 
2912	97 
2913	35 
2914	39 
2915	54 
2916	26 
2917	44 
2918	96 
2919	43 
2920	55 
2921	75 
2922	78 
2923	56 
2924	13 
2925	14 
2926	68 
2927	81 
2928	31 
2929	90 
2930	78 
2931	43 
2932	66 
2933	55 
2934	54 
2935	23 
2936	71 
2937	73 
2938	96 
2939	10 
2940	30 
2941	41 
2942	56 
2943	59 
2944	25 
2945	42 
2946	1 
2947	56 
2948	92 
2949	26 
2950	62 
2951	78 
2952	50 
2953	26 
2954	60 
2955	96 
2956	90 
2957	71 
2958	23 
2959	68 
2960	9 
2961	68 
2962	89 
2963	24 
2964	40 
2965	94 
2966	37 
2967	78 
2968	11 
2969	43 
2970	59 
2971	20 
2972	54 
2973	88 
2974	80 
2975	89 
2976	68 
2977	56 
2978	74 
2979	51 
2980	45 
2981	41 
2982	96 
2983	92 
2984	83 
2985	50 
2986	14 
2987	97 
2988	18 
2989	97 
2990	67 
2991	60 
2992	43 
2993	64 
2994	37 
2995	76 
2996	31 
2997	62 
2998	18 
2999	39 
3000	93 
3001	32 
3002	55 
3003	75 
3004	51 
3005	4 
3006	15 
3007	36 
3008	57 
3009	95 
3010	56 
3011	65 
3012	42 
3013	97 
3014	95 
3015	76 
3016	95 
3017	43 
3018	25 
3019	43 
3020	49 
3021	11 
3022	61 
3023	39 
3024	21 
3025	51 
3026	36 
3027	81 
3028	44 
3029	88 
3030	72 
3031	36 
3032	48 
3033	35 
3034	60 
3035	44 
3036	74 
3037	9 
3038	45 
3039	92 
3040	15 
3041	25 
3042	31 
3043	44 
3044	80 
3045	3 
3046	57 
3047	70 
3048	39 
3049	62 
3050	51 
3051	97 
3052	40 
3053	92 
3054	78 
3055	8 
3056	42 
3057	83 
3058	73 
3059	70 
3060	3 
3061	68 
3062	48 
3063	96 
3064	4 
3065	20 
3066	96 
3067	65 
3068	71 
3069	52 
3070	89 
3071	71 
3072	78 
3073	76 
3074	63 
3075	39 
3076	59 
3077	69 
3078	5 
3079	81 
3080	87 
3081	65 
3082	67 
3083	37 
3084	30 
3085	59 
3086	25 
3087	94 
3088	52 
3089	57 
3090	83 
3091	84 
3092	27 
3093	68 
3094	6 
3095	42 
3096	54 
3097	39 
3098	74 
3099	47 
3100	66 
3101	19 
3102	44 
3103	87 
3104	72 
3105	48 
3106	23 
3107	39 
3108	61 
3109	33 
3110	69 
3111	60 
3112	86 
3113	72 
3114	72 
3115	12 
3116	78 
3117	60 
3118	28 
3119	51 
3120	41 
3121	46 
3122	60 
3123	15 
3124	25 
3125	8 
3126	68 
3127	18 
3128	15 
3129	56 
3130	14 
3131	58 
3132	6 
3133	15 
3134	45 
3135	44 
3136	35 
3137	15 
3138	11 
3139	85 
3140	21 
3141	45 
3142	97 
3143	53 
3144	54 
3145	46 
3146	56 
3147	35 
3148	96 
3149	54 
3150	38 
3151	62 
3152	46 
3153	32 
3154	42 
3155	30 
3156	29 
3157	48 
3158	52 
3159	39 
3160	25 
3161	91 
3162	42 
3163	26 
3164	8 
3165	9 
3166	18 
3167	15 
3168	52 
3169	11 
3170	1 
3171	94 
3172	84 
3173	24 
3174	29 
3175	9 
3176	19 
3177	29 
3178	3 
3179	17 
3180	56 
3181	1 
3182	81 
3183	32 
3184	6 
3185	8 
3186	53 
3187	92 
3188	61 
3189	39 
3190	25 
3191	56 
3192	11 
3193	13 
3194	89 
3195	7 
3196	3 
3197	35 
3198	6 
3199	56 
3200	54 
3201	6 
3202	21 
3203	51 
3204	57 
3205	30 
3206	51 
3207	40 
3208	82 
3209	50 
3210	64 
3211	61 
3212	4 
3213	52 
3214	50 
3215	94 
3216	9 
3217	73 
3218	17 
3219	45 
3220	75 
3221	60 
3222	11 
3223	61 
3224	18 
3225	50 
3226	4 
3227	70 
3228	41 
3229	23 
3230	67 
3231	92 
3232	18 
3233	54 
3234	49 
3235	43 
3236	40 
3237	36 
3238	63 
3239	96 
3240	84 
3241	78 
3242	61 
3243	61 
3244	26 
3245	42 
3246	68 
3247	65 
3248	20 
3249	73 
3250	2 
3251	59 
3252	68 
3253	49 
3254	44 
3255	82 
3256	74 
3257	63 
3258	87 
3259	97 
3260	89 
3261	59 
3262	49 
3263	11 
3264	82 
3265	25 
3266	69 
3267	4 
3268	5 
3269	40 
3270	68 
3271	62 
3272	50 
3273	63 
3274	20 
3275	60 
3276	82 
3277	61 
3278	1 
3279	60 
3280	17 
3281	18 
3282	4 
3283	91 
3284	92 
3285	6 
3286	86 
3287	87 
3288	87 
3289	39 
3290	83 
3291	59 
3292	28 
3293	15 
3294	33 
3295	65 
3296	69 
3297	34 
3298	68 
3299	46 
3300	70 
3301	18 
3302	69 
3303	8 
3304	23 
3305	69 
3306	85 
3307	97 
3308	76 
3309	4 
3310	74 
3311	23 
3312	96 
3313	11 
3314	60 
3315	79 
3316	49 
3317	28 
3318	62 
3319	45 
3320	42 
3321	82 
3322	19 
3323	46 
3324	22 
3325	76 
3326	76 
3327	57 
3328	97 
3329	37 
3330	77 
3331	39 
3332	94 
3333	68 
3334	65 
3335	6 
3336	51 
3337	20 
3338	88 
3339	86 
3340	68 
3341	42 
3342	54 
3343	31 
3344	49 
3345	43 
3346	92 
3347	27 
3348	26 
3349	96 
3350	91 
3351	18 
3352	3 
3353	61 
3354	86 
3355	49 
3356	18 
3357	96 
3358	53 
3359	22 
3360	58 
3361	29 
3362	75 
3363	22 
3364	33 
3365	14 
3366	41 
3367	51 
3368	33 
3369	56 
3370	40 
3371	30 
3372	54 
3373	52 
3374	43 
3375	30 
3376	35 
3377	92 
3378	25 
3379	44 
3380	7 
3381	92 
3382	61 
3383	36 
3384	50 
3385	51 
3386	60 
3387	91 
3388	63 
3389	41 
3390	26 
3391	76 
3392	47 
3393	88 
3394	6 
3395	51 
3396	36 
3397	39 
3398	87 
3399	89 
3400	28 
3401	76 
3402	22 
3403	23 
3404	46 
3405	18 
3406	11 
3407	43 
3408	60 
3409	87 
3410	51 
3411	12 
3412	43 
3413	11 
3414	97 
3415	59 
3416	81 
3417	28 
3418	43 
3419	94 
3420	13 
3421	72 
3422	30 
3423	72 
3424	15 
3425	78 
3426	18 
3427	30 
3428	46 
3429	18 
3430	96 
3431	38 
3432	54 
3433	76 
3434	81 
3435	65 
3436	18 
3437	32 
3438	76 
3439	25 
3440	51 
3441	86 
3442	56 
3443	29 
3444	75 
3445	31 
3446	3 
3447	81 
3448	51 
3449	90 
3450	91 
3451	88 
3452	18 
3453	92 
3454	73 
3455	28 
3456	66 
3457	78 
3458	65 
3459	59 
3460	57 
3461	52 
3462	90 
3463	46 
3464	19 
3465	39 
3466	52 
3467	90 
3468	54 
3469	26 
3470	32 
3471	91 
3472	43 
3473	51 
3474	36 
3475	81 
3476	36 
3477	39 
3478	30 
3479	22 
3480	61 
3481	90 
3482	76 
3483	76 
3484	2 
3485	65 
3486	75 
3487	75 
3488	2 
3489	56 
3490	9 
3491	95 
3492	11 
3493	41 
3494	41 
3495	49 
3496	27 
3497	92 
3498	35 
3499	80 
3500	36 
3501	30 
3502	11 
3503	15 
3504	80 
3505	94 
3506	58 
3507	79 
3508	76 
3509	72 
3510	50 
3511	56 
3512	88 
3513	55 
3514	19 
3515	85 
3516	72 
3517	76 
3518	6 
3519	38 
3520	46 
3521	64 
3522	36 
3523	70 
3524	68 
3525	78 
3526	54 
3527	59 
3528	11 
3529	11 
3530	66 
3531	42 
3532	60 
3533	49 
3534	22 
3535	41 
3536	77 
3537	17 
3538	60 
3539	32 
3540	82 
3541	75 
3542	34 
3543	9 
3544	74 
3545	76 
3546	58 
3547	31 
3548	43 
3549	43 
3550	27 
3551	49 
3552	89 
3553	20 
3554	7 
3555	13 
3556	57 
3557	42 
3558	4 
3559	56 
3560	15 
3561	36 
3562	1 
3563	60 
3564	83 
3565	3 
3566	96 
3567	72 
3568	49 
3569	19 
3570	61 
3571	60 
3572	19 
3573	57 
3574	37 
3575	51 
3576	90 
3577	56 
3578	51 
3579	23 
3580	39 
3581	87 
3582	53 
3583	90 
3584	50 
3585	61 
3586	7 
3587	26 
3588	81 
3589	15 
3590	20 
3591	97 
3592	76 
3593	75 
3594	39 
3595	46 
3596	92 
3597	18 
3598	42 
3599	79 
3600	33 
3601	43 
3602	36 
3603	88 
3604	76 
3605	76 
3606	39 
3607	20 
3608	81 
3609	90 
3610	75 
3611	44 
3612	38 
3613	76 
3614	91 
3615	30 
3616	75 
3617	7 
3618	88 
3619	42 
3620	81 
3621	93 
3622	35 
3623	55 
3624	22 
3625	16 
3626	18 
3627	36 
3628	78 
3629	60 
3630	83 
3631	82 
3632	43 
3633	20 
3634	85 
3635	43 
3636	81 
3637	78 
3638	30 
3639	25 
3640	41 
3641	5 
3642	76 
3643	11 
3644	46 
3645	63 
3646	56 
3647	41 
3648	36 
3649	10 
3650	36 
3651	50 
3652	1 
3653	53 
3654	76 
3655	12 
3656	58 
3657	68 
3658	42 
3659	68 
3660	88 
3661	82 
3662	10 
3663	66 
3664	25 
3665	70 
3666	80 
3667	42 
3668	22 
3669	48 
3670	44 
3671	43 
3672	46 
3673	51 
3674	96 
3675	18 
3676	63 
3677	91 
3678	42 
3679	81 
3680	39 
3681	27 
3682	18 
3683	3 
3684	74 
3685	24 
3686	52 
3687	96 
3688	33 
3689	44 
3690	7 
3691	35 
3692	29 
3693	50 
3694	24 
3695	18 
3696	39 
3697	90 
3698	22 
3699	43 
3700	9 
3701	90 
3702	29 
3703	54 
3704	7 
3705	89 
3706	67 
3707	64 
3708	46 
3709	91 
3710	35 
3711	71 
3712	80 
3713	60 
3714	84 
3715	86 
3716	75 
3717	67 
3718	4 
3719	76 
3720	63 
3721	54 
3722	41 
3723	11 
3724	66 
3725	59 
3726	73 
3727	47 
3728	4 
3729	58 
3730	10 
3731	65 
3732	50 
3733	1 
3734	23 
3735	74 
3736	30 
3737	43 
3738	38 
3739	89 
3740	91 
3741	23 
3742	90 
3743	1 
3744	76 
3745	75 
3746	63 
3747	55 
3748	8 
3749	39 
3750	63 
3751	71 
3752	63 
3753	93 
3754	90 
3755	52 
3756	84 
3757	52 
3758	7 
3759	37 
3760	68 
3761	32 
3762	20 
3763	38 
3764	44 
3765	60 
3766	74 
3767	75 
3768	12 
3769	39 
3770	41 
3771	6 
3772	93 
3773	9 
3774	37 
3775	61 
3776	68 
3777	63 
3778	68 
3779	42 
3780	43 
3781	37 
3782	93 
3783	66 
3784	65 
3785	96 
3786	68 
3787	4 
3788	54 
3789	35 
3790	88 
3791	97 
3792	81 
3793	97 
3794	30 
3795	60 
3796	50 
3797	36 
3798	60 
3799	6 
3800	56 
3801	50 
3802	86 
3803	49 
3804	90 
3805	64 
3806	55 
3807	35 
3808	48 
3809	39 
3810	36 
3811	47 
3812	89 
3813	42 
3814	72 
3815	11 
3816	90 
3817	39 
3818	18 
3819	6 
3820	92 
3821	93 
3822	58 
3823	82 
3824	44 
3825	75 
3826	83 
3827	24 
3828	16 
3829	96 
3830	92 
3831	63 
3832	37 
3833	65 
3834	27 
3835	37 
3836	42 
3837	89 
3838	92 
3839	17 
3840	2 
3841	24 
3842	57 
3843	40 
3844	7 
3845	31 
3846	29 
3847	43 
3848	47 
3849	75 
3850	76 
3851	25 
3852	28 
3853	2 
3854	90 
3855	66 
3856	51 
3857	84 
3858	39 
3859	78 
3860	84 
3861	84 
3862	81 
3863	1 
3864	67 
3865	68 
3866	61 
3867	54 
3868	70 
3869	4 
3870	90 
3871	37 
3872	32 
3873	4 
3874	39 
3875	38 
3876	60 
3877	35 
3878	74 
3879	76 
3880	95 
3881	50 
3882	67 
3883	90 
3884	46 
3885	1 
3886	46 
3887	78 
3888	84 
3889	97 
3890	1 
3891	38 
3892	8 
3893	12 
3894	46 
3895	33 
3896	7 
3897	69 
3898	10 
3899	54 
3900	58 
3901	44 
3902	15 
3903	63 
3904	90 
3905	68 
3906	29 
3907	31 
3908	49 
3909	34 
3910	34 
3911	15 
3912	18 
3913	46 
3914	18 
3915	30 
3916	94 
3917	31 
3918	18 
3919	41 
3920	46 
3921	49 
3922	15 
3923	37 
3924	77 
3925	96 
3926	22 
3927	1 
3928	94 
3929	26 
3930	3 
3931	52 
3932	40 
3933	75 
3934	96 
3935	48 
3936	41 
3937	60 
3938	82 
3939	53 
3940	49 
3941	78 
3942	74 
3943	96 
3944	68 
3945	90 
3946	77 
3947	75 
3948	35 
3949	4 
3950	82 
3951	83 
3952	96 
3953	9 
3954	1 
3955	35 
3956	51 
3957	15 
3958	65 
3959	62 
3960	56 
3961	46 
3962	63 
3963	40 
3964	80 
3965	72 
3966	81 
3967	32 
3968	78 
3969	15 
3970	79 
3971	50 
3972	90 
3973	35 
3974	39 
3975	3 
3976	96 
3977	2 
3978	31 
3979	10 
3980	26 
3981	65 
3982	36 
3983	38 
3984	39 
3985	82 
3986	79 
3987	40 
3988	13 
3989	5 
3990	31 
3991	53 
3992	92 
3993	66 
3994	16 
3995	11 
3996	11 
3997	12 
3998	53 
3999	5 
4000	91 
4001	52 
4002	70 
4003	18 
4004	59 
4005	96 
4006	18 
4007	74 
4008	29 
4009	47 
4010	41 
4011	3 
4012	22 
4013	34 
4014	10 
4015	25 
4016	44 
4017	21 
4018	18 
4019	80 
4020	29 
4021	35 
4022	42 
4023	87 
4024	15 
4025	75 
4026	26 
4027	74 
4028	37 
4029	89 
4030	16 
4031	61 
4032	51 
4033	92 
4034	28 
4035	13 
4036	26 
4037	23 
4038	87 
4039	57 
4040	97 
4041	50 
4042	74 
4043	92 
4044	66 
4045	39 
4046	11 
4047	83 
4048	43 
4049	96 
4050	37 
4051	26 
4052	92 
4053	36 
4054	61 
4055	35 
4056	49 
4057	68 
4058	68 
4059	18 
4060	62 
4061	90 
4062	11 
4063	69 
4064	32 
4065	87 
4066	43 
4067	76 
4068	54 
4069	57 
4070	34 
4071	95 
4072	46 
4073	33 
4074	92 
4075	26 
4076	92 
4077	79 
4078	60 
4079	36 
4080	52 
4081	32 
4082	52 
4083	60 
4084	33 
4085	92 
4086	76 
4087	18 
4088	89 
4089	60 
4090	11 
4091	44 
4092	81 
4093	45 
4094	37 
4095	16 
4096	34 
4097	34 
4098	52 
4099	78 
4100	50 
4101	85 
4102	49 
4103	84 
4104	35 
4105	3 
4106	1 
4107	34 
4108	91 
4109	81 
4110	85 
4111	51 
4112	92 
4113	59 
4114	29 
4115	41 
4116	62 
4117	43 
4118	39 
4119	30 
4120	96 
4121	74 
4122	94 
4123	44 
4124	92 
4125	81 
4126	54 
4127	9 
4128	62 
4129	63 
4130	62 
4131	69 
4132	42 
4133	94 
4134	59 
4135	4 
4136	90 
4137	27 
4138	62 
4139	94 
4140	75 
4141	77 
4142	2 
4143	57 
4144	36 
4145	16 
4146	84 
4147	1 
4148	51 
4149	25 
4150	27 
4151	24 
4152	46 
4153	6 
4154	72 
4155	94 
4156	72 
4157	55 
4158	76 
4159	87 
4160	7 
4161	37 
4162	39 
4163	40 
4164	41 
4165	90 
4166	94 
4167	70 
4168	85 
4169	92 
4170	73 
4171	49 
4172	46 
4173	43 
4174	43 
4175	57 
4176	51 
4177	60 
4178	13 
4179	61 
4180	89 
4181	74 
4182	35 
4183	73 
4184	34 
4185	64 
4186	35 
4187	28 
4188	69 
4189	8 
4190	69 
4191	50 
4192	1 
4193	90 
4194	75 
4195	19 
4196	71 
4197	54 
4198	85 
4199	70 
4200	42 
4201	41 
4202	76 
4203	30 
4204	90 
4205	68 
4206	43 
4207	80 
4208	88 
4209	19 
4210	41 
4211	43 
4212	1 
4213	96 
4214	37 
4215	63 
4216	83 
4217	54 
4218	11 
4219	1 
4220	28 
4221	1 
4222	19 
4223	14 
4224	27 
4225	20 
4226	18 
4227	12 
4228	94 
4229	87 
4230	1 
4231	60 
4232	21 
4233	50 
4234	87 
4235	74 
4236	43 
4237	63 
4238	91 
4239	90 
4240	88 
4241	28 
4242	69 
4243	75 
4244	42 
4245	61 
4246	96 
4247	51 
4248	75 
4249	97 
4250	31 
4251	68 
4252	39 
4253	72 
4254	18 
4255	97 
4256	83 
4257	66 
4258	75 
4259	60 
4260	86 
4261	63 
4262	19 
4263	4 
4264	63 
4265	84 
4266	44 
4267	28 
4268	90 
4269	18 
4270	4 
4271	84 
4272	32 
4273	76 
4274	97 
4275	54 
4276	39 
4277	76 
4278	37 
4279	80 
4280	95 
4281	42 
4282	97 
4283	49 
4284	22 
4285	41 
4286	77 
4287	80 
4288	78 
4289	90 
4290	19 
4291	67 
4292	16 
4293	51 
4294	34 
4295	44 
4296	77 
4297	3 
4298	67 
4299	72 
4300	35 
4301	80 
4302	48 
4303	3 
4304	68 
4305	29 
4306	90 
4307	66 
4308	9 
4309	45 
4310	68 
4311	43 
4312	70 
4313	40 
4314	78 
4315	19 
4316	41 
4317	59 
4318	2 
4319	91 
4320	41 
4321	80 
4322	17 
4323	29 
4324	43 
4325	24 
4326	42 
4327	24 
4328	46 
4329	41 
4330	51 
4331	69 
4332	1 
4333	94 
4334	24 
4335	22 
4336	97 
4337	13 
4338	96 
4339	26 
4340	44 
4341	92 
4342	92 
4343	16 
4344	39 
4345	1 
4346	15 
4347	92 
4348	49 
4349	8 
4350	68 
4351	74 
4352	96 
4353	9 
4354	61 
4355	11 
4356	12 
4357	82 
4358	90 
4359	37 
4360	46 
4361	97 
4362	91 
4363	7 
4364	41 
4365	77 
4366	52 
4367	42 
4368	31 
4369	14 
4370	32 
4371	18 
4372	40 
4373	6 
4374	18 
4375	72 
4376	70 
4377	16 
4378	36 
4379	75 
4380	63 
4381	78 
4382	32 
4383	26 
4384	42 
4385	12 
4386	24 
4387	54 
4388	69 
4389	31 
4390	40 
4391	36 
4392	70 
4393	1 
4394	2 
4395	56 
4396	96 
4397	49 
4398	96 
4399	76 
4400	97 
4401	42 
4402	63 
4403	36 
4404	6 
4405	50 
4406	76 
4407	59 
4408	41 
4409	36 
4410	29 
4411	94 
4412	1 
4413	51 
4414	96 
4415	80 
4416	20 
4417	43 
4418	27 
4419	25 
4420	35 
4421	26 
4422	18 
4423	63 
4424	96 
4425	78 
4426	2 
4427	54 
4428	45 
4429	46 
4430	74 
4431	33 
4432	82 
4433	12 
4434	1 
4435	18 
4436	4 
4437	24 
4438	75 
4439	84 
4440	36 
4441	71 
4442	63 
4443	43 
4444	32 
4445	44 
4446	37 
4447	50 
4448	15 
4449	90 
4450	96 
4451	68 
4452	69 
4453	35 
4454	92 
4455	22 
4456	97 
4457	68 
4458	56 
4459	43 
4460	96 
4461	82 
4462	18 
4463	56 
4464	62 
4465	11 
4466	22 
4467	43 
4468	19 
4469	93 
4470	44 
4471	87 
4472	33 
4473	33 
4474	54 
4475	33 
4476	7 
4477	42 
4478	63 
4479	25 
4480	50 
4481	83 
4482	33 
4483	43 
4484	75 
4485	10 
4486	70 
4487	25 
4488	72 
4489	42 
4490	80 
4491	29 
4492	46 
4493	3 
4494	76 
4495	22 
4496	1 
4497	75 
4498	23 
4499	50 
4500	74 
4501	63 
4502	68 
4503	55 
4504	44 
4505	48 
4506	36 
4507	54 
4508	24 
4509	91 
4510	27 
4511	96 
4512	97 
4513	92 
4514	26 
4515	55 
4516	55 
4517	15 
4518	29 
4519	34 
4520	62 
4521	44 
4522	48 
4523	6 
4524	81 
4525	75 
4526	52 
4527	24 
4528	69 
4529	56 
4530	62 
4531	50 
4532	6 
4533	74 
4534	50 
4535	36 
4536	57 
4537	40 
4538	19 
4539	91 
4540	91 
4541	52 
4542	1 
4543	78 
4544	8 
4545	75 
4546	18 
4547	97 
4548	40 
4549	46 
4550	15 
4551	29 
4552	61 
4553	1 
4554	15 
4555	92 
4556	42 
4557	81 
4558	97 
4559	22 
4560	78 
4561	56 
4562	29 
4563	32 
4564	55 
4565	8 
4566	15 
4567	42 
4568	68 
4569	67 
4570	87 
4571	42 
4572	78 
4573	60 
4574	74 
4575	84 
4576	74 
4577	26 
4578	74 
4579	52 
4580	83 
4581	18 
4582	97 
4583	3 
4584	46 
4585	50 
4586	56 
4587	96 
4588	51 
4589	25 
4590	41 
4591	49 
4592	10 
4593	69 
4594	32 
4595	59 
4596	67 
4597	60 
4598	11 
4599	56 
4600	42 
4601	27 
4602	30 
4603	75 
4604	63 
4605	3 
4606	30 
4607	36 
4608	90 
4609	96 
4610	34 
4611	56 
4612	40 
4613	96 
4614	40 
4615	50 
4616	74 
4617	3 
4618	46 
4619	1 
4620	27 
4621	8 
4622	41 
4623	62 
4624	26 
4625	68 
4626	42 
4627	69 
4628	4 
4629	92 
4630	70 
4631	46 
4632	96 
4633	8 
4634	78 
4635	42 
4636	88 
4637	49 
4638	29 
4639	83 
4640	60 
4641	4 
4642	6 
4643	49 
4644	15 
4645	42 
4646	46 
4647	92 
4648	7 
4649	76 
4650	91 
4651	43 
4652	51 
4653	6 
4654	51 
4655	76 
4656	44 
4657	63 
4658	35 
4659	89 
4660	22 
4661	25 
4662	90 
4663	42 
4664	56 
4665	2 
4666	91 
4667	48 
4668	22 
4669	92 
4670	78 
4671	89 
4672	3 
4673	32 
4674	4 
4675	75 
4676	42 
4677	15 
4678	31 
4679	56 
4680	81 
4681	44 
4682	42 
4683	49 
4684	8 
4685	54 
4686	61 
4687	1 
4688	56 
4689	69 
4690	15 
4691	26 
4692	66 
4693	75 
4694	37 
4695	84 
4696	56 
4697	8 
4698	39 
4699	50 
4700	72 
4701	26 
4702	69 
4703	68 
4704	13 
4705	50 
4706	4 
4707	59 
4708	91 
4709	46 
4710	63 
4711	27 
4712	68 
4713	54 
4714	87 
4715	61 
4716	18 
4717	69 
4718	76 
4719	66 
4720	87 
4721	51 
4722	2 
4723	96 
4724	81 
4725	56 
4726	75 
4727	36 
4728	69 
4729	80 
4730	56 
4731	56 
4732	89 
4733	84 
4734	69 
4735	49 
4736	33 
4737	43 
4738	75 
4739	11 
4740	78 
4741	41 
4742	96 
4743	39 
4744	66 
4745	68 
4746	44 
4747	37 
4748	74 
4749	7 
4750	60 
4751	42 
4752	88 
4753	91 
4754	59 
4755	84 
4756	50 
4757	89 
4758	8 
4759	61 
4760	61 
4761	51 
4762	90 
4763	19 
4764	76 
4765	44 
4766	49 
4767	34 
4768	76 
4769	43 
4770	39 
4771	29 
4772	50 
4773	14 
4774	68 
4775	52 
4776	30 
4777	49 
4778	66 
4779	3 
4780	62 
4781	41 
4782	42 
4783	22 
4784	61 
4785	97 
4786	68 
4787	32 
4788	89 
4789	92 
4790	33 
4791	54 
4792	69 
4793	76 
4794	62 
4795	55 
4796	42 
4797	61 
4798	97 
4799	36 
4800	96 
4801	94 
4802	94 
4803	30 
4804	84 
4805	50 
4806	51 
4807	36 
4808	49 
4809	18 
4810	15 
4811	90 
4812	63 
4813	63 
4814	97 
4815	84 
4816	1 
4817	55 
4818	78 
4819	8 
4820	3 
4821	49 
4822	22 
4823	57 
4824	56 
4825	62 
4826	70 
4827	29 
4828	26 
4829	19 
4830	29 
4831	59 
4832	81 
4833	3 
4834	41 
4835	56 
4836	3 
4837	39 
4838	60 
4839	51 
4840	26 
4841	78 
4842	31 
4843	29 
4844	2 
4845	78 
4846	55 
4847	90 
4848	76 
4849	89 
4850	91 
4851	82 
4852	39 
4853	56 
4854	49 
4855	54 
4856	1 
4857	15 
4858	39 
4859	74 
4860	7 
4861	25 
4862	15 
4863	49 
4864	37 
4865	96 
4866	66 
4867	30 
4868	25 
4869	15 
4870	54 
4871	35 
4872	84 
4873	36 
4874	43 
4875	49 
4876	4 
4877	29 
4878	76 
4879	90 
4880	55 
4881	39 
4882	75 
4883	50 
4884	52 
4885	69 
4886	39 
4887	90 
4888	39 
4889	96 
4890	82 
4891	41 
4892	97 
4893	50 
4894	30 
4895	7 
4896	50 
4897	56 
4898	90 
4899	63 
4900	7 
4901	51 
4902	56 
4903	30 
4904	75 
4905	11 
4906	11 
4907	11 
4908	11 
4909	35 
4910	74 
4911	92 
4912	90 
4913	33 
4914	30 
4915	84 
4916	61 
4917	76 
4918	51 
4919	43 
4920	30 
4921	78 
4922	66 
4923	50 
4924	54 
4925	84 
4926	29 
4927	40 
4928	66 
4929	49 
4930	50 
4931	54 
4932	81 
4933	49 
4934	54 
4935	61 
4936	84 
4937	18 
4938	30 
4939	44 
4940	55 
4941	75 
4942	56 
4943	80 
4944	4 
4945	36 
4946	11 
4947	96 
4948	26 
4949	94 
4950	42 
4951	3 
4952	52 
4953	43 
4954	92 
4955	81 
4956	39 
4957	63 
4958	44 
4959	39 
4960	52 
4961	51 
4962	60 
4963	68 
4964	61 
4965	62 
4966	22 
4967	3 
4968	63 
4969	75 
4970	66 
4971	75 
4972	69 
4973	61 
4974	44 
4975	2 
4976	43 
4977	68 
4978	96 
4979	29 
4980	60 
4981	43 
4982	92 
4983	61 
4984	36 
4985	30 
4986	59 
4987	60 
4988	75 
4989	74 
4990	56 
4991	78 
4992	52 
4993	54 
4994	54 
4995	90 
4996	42 
4997	1 
4998	66 
4999	97 
5000	61 
