1	1 
2	61 
3	99 
4	100 
5	2 
6	22 
7	11 
8	66 
9	73 
10	50 
11	60 
12	14 
13	84 
14	47 
15	6 
16	39 
17	76 
18	13 
19	100 
20	8 
21	97 
22	34 
23	12 
24	25 
25	74 
26	82 
27	12 
28	21 
29	17 
30	52 
31	46 
32	3 
33	72 
34	15 
35	59 
36	93 
37	83 
38	46 
39	19 
40	7 
41	14 
42	27 
43	13 
44	101 
45	19 
46	60 
47	46 
48	90 
49	91 
50	20 
51	76 
52	13 
53	70 
54	47 
55	49 
56	7 
57	42 
58	85 
59	32 
60	50 
61	7 
62	83 
63	88 
64	72 
65	47 
66	48 
67	101 
68	38 
69	56 
70	1 
71	25 
72	69 
73	19 
74	52 
75	30 
76	13 
77	98 
78	8 
79	62 
80	60 
81	58 
82	73 
83	64 
84	90 
85	82 
86	92 
87	56 
88	21 
89	64 
90	14 
91	57 
92	76 
93	92 
94	62 
95	12 
96	4 
97	72 
98	52 
99	12 
100	34 
101	7 
102	99 
103	10 
104	7 
105	60 
106	88 
107	65 
108	57 
109	97 
110	59 
111	21 
112	54 
113	8 
114	5 
115	76 
116	6 
117	9 
118	2 
119	83 
120	20 
121	11 
122	37 
123	52 
124	58 
125	18 
126	69 
127	76 
128	95 
129	85 
130	24 
131	34 
132	25 
133	38 
134	91 
135	5 
136	78 
137	85 
138	14 
139	34 
140	39 
141	34 
142	53 
143	98 
144	88 
145	90 
146	94 
147	72 
148	8 
149	90 
150	5 
151	94 
152	76 
153	90 
154	39 
155	40 
156	80 
157	38 
158	82 
159	6 
160	70 
161	2 
162	8 
163	87 
164	35 
165	78 
166	60 
167	12 
168	43 
169	51 
170	6 
171	94 
172	98 
173	84 
174	72 
175	76 
176	52 
177	77 
178	8 
179	3 
180	73 
181	59 
182	90 
183	66 
184	75 
185	65 
186	94 
187	19 
188	14 
189	48 
190	76 
191	71 
192	100 
193	45 
194	79 
195	42 
196	38 
197	24 
198	32 
199	12 
200	73 
201	38 
202	56 
203	31 
204	6 
205	37 
206	27 
207	3 
208	11 
209	53 
210	27 
211	46 
212	76 
213	84 
214	29 
215	99 
216	52 
217	85 
218	49 
219	43 
220	28 
221	1 
222	19 
223	37 
224	3 
225	38 
226	88 
227	33 
228	69 
229	7 
230	88 
231	101 
232	11 
233	56 
234	93 
235	45 
236	77 
237	90 
238	56 
239	97 
240	89 
241	49 
242	7 
243	43 
244	1 
245	92 
246	26 
247	82 
248	79 
249	99 
250	1 
251	56 
252	54 
253	8 
254	39 
255	90 
256	34 
257	49 
258	50 
259	60 
260	90 
261	80 
262	46 
263	73 
264	2 
265	7 
266	98 
267	64 
268	92 
269	46 
270	28 
271	27 
272	41 
273	97 
274	72 
275	33 
276	27 
277	6 
278	25 
279	6 
280	10 
281	77 
282	69 
283	56 
284	52 
285	59 
286	61 
287	21 
288	59 
289	31 
290	26 
291	47 
292	59 
293	78 
294	48 
295	70 
296	88 
297	81 
298	95 
299	92 
300	90 
301	70 
302	19 
303	56 
304	83 
305	87 
306	96 
307	56 
308	21 
309	4 
310	21 
311	56 
312	56 
313	54 
314	36 
315	13 
316	45 
317	39 
318	55 
319	95 
320	55 
321	95 
322	85 
323	32 
324	11 
325	45 
326	54 
327	97 
328	2 
329	19 
330	32 
331	40 
332	13 
333	52 
334	34 
335	49 
336	53 
337	90 
338	12 
339	90 
340	97 
341	7 
342	51 
343	49 
344	41 
345	23 
346	89 
347	1 
348	88 
349	46 
350	7 
351	97 
352	93 
353	30 
354	79 
355	1 
356	32 
357	4 
358	98 
359	56 
360	77 
361	15 
362	47 
363	34 
364	52 
365	6 
366	7 
367	101 
368	38 
369	63 
370	47 
371	16 
372	83 
373	3 
374	94 
375	7 
376	92 
377	66 
378	90 
379	90 
380	92 
381	63 
382	1 
383	75 
384	39 
385	56 
386	100 
387	94 
388	66 
389	82 
390	46 
391	51 
392	54 
393	7 
394	36 
395	47 
396	35 
397	91 
398	24 
399	67 
400	87 
401	92 
402	39 
403	43 
404	93 
405	54 
406	13 
407	85 
408	78 
409	54 
410	51 
411	100 
412	25 
413	88 
414	14 
415	54 
416	12 
417	60 
418	3 
419	5 
420	59 
421	88 
422	53 
423	13 
424	99 
425	8 
426	87 
427	54 
428	51 
429	44 
430	90 
431	79 
432	90 
433	20 
434	26 
435	100 
436	46 
437	81 
438	70 
439	29 
440	60 
441	7 
442	8 
443	63 
444	60 
445	84 
446	77 
447	24 
448	13 
449	28 
450	13 
451	16 
452	75 
453	23 
454	56 
455	34 
456	34 
457	12 
458	101 
459	8 
460	72 
461	22 
462	54 
463	63 
464	84 
465	75 
466	8 
467	94 
468	83 
469	32 
470	21 
471	76 
472	64 
473	44 
474	60 
475	56 
476	14 
477	39 
478	49 
479	62 
480	84 
481	20 
482	25 
483	91 
484	32 
485	3 
486	86 
487	34 
488	99 
489	8 
490	24 
491	36 
492	90 
493	19 
494	82 
495	48 
496	77 
497	92 
498	39 
499	72 
500	94 
501	21 
502	59 
503	88 
504	88 
505	74 
506	52 
507	42 
508	13 
509	2 
510	1 
511	71 
512	90 
513	68 
514	56 
515	67 
516	7 
517	39 
518	82 
519	64 
520	78 
521	82 
522	70 
523	38 
524	94 
525	60 
526	20 
527	73 
528	28 
529	101 
530	2 
531	39 
532	19 
533	25 
534	88 
535	91 
536	46 
537	36 
538	67 
539	13 
540	56 
541	70 
542	52 
543	40 
544	88 
545	76 
546	39 
547	21 
548	59 
549	86 
550	25 
551	4 
552	26 
553	33 
554	4 
555	29 
556	52 
557	72 
558	100 
559	63 
560	28 
561	19 
562	35 
563	57 
564	14 
565	78 
566	29 
567	97 
568	11 
569	90 
570	23 
571	101 
572	82 
573	6 
574	21 
575	14 
576	25 
577	83 
578	14 
579	27 
580	14 
581	12 
582	50 
583	42 
584	36 
585	50 
586	90 
587	22 
588	52 
589	38 
590	75 
591	8 
592	52 
593	21 
594	52 
595	57 
596	37 
597	94 
598	58 
599	75 
600	5 
601	58 
602	98 
603	83 
604	27 
605	80 
606	17 
607	98 
608	47 
609	44 
610	43 
611	27 
612	39 
613	82 
614	83 
615	29 
616	13 
617	2 
618	20 
619	21 
620	13 
621	45 
622	73 
623	91 
624	19 
625	85 
626	82 
627	56 
628	23 
629	89 
630	97 
631	23 
632	97 
633	62 
634	2 
635	83 
636	91 
637	15 
638	72 
639	33 
640	33 
641	70 
642	18 
643	7 
644	73 
645	28 
646	99 
647	34 
648	94 
649	13 
650	29 
651	74 
652	8 
653	78 
654	25 
655	11 
656	101 
657	69 
658	59 
659	93 
660	21 
661	5 
662	98 
663	82 
664	19 
665	56 
666	47 
667	52 
668	38 
669	19 
670	62 
671	90 
672	5 
673	67 
674	32 
675	78 
676	76 
677	73 
678	85 
679	68 
680	56 
681	19 
682	82 
683	14 
684	76 
685	27 
686	52 
687	75 
688	100 
689	11 
690	5 
691	71 
692	46 
693	2 
694	76 
695	21 
696	4 
697	93 
698	81 
699	21 
700	93 
701	79 
702	68 
703	59 
704	64 
705	20 
706	38 
707	100 
708	25 
709	66 
710	21 
711	14 
712	56 
713	84 
714	52 
715	44 
716	1 
717	43 
718	47 
719	88 
720	5 
721	52 
722	98 
723	7 
724	60 
725	93 
726	88 
727	22 
728	92 
729	5 
730	6 
731	25 
732	62 
733	98 
734	36 
735	100 
736	64 
737	29 
738	32 
739	84 
740	42 
741	57 
742	60 
743	94 
744	7 
745	60 
746	38 
747	99 
748	90 
749	61 
750	25 
751	39 
752	25 
753	88 
754	98 
755	50 
756	72 
757	45 
758	25 
759	79 
760	73 
761	58 
762	89 
763	11 
764	6 
765	27 
766	61 
767	7 
768	38 
769	52 
770	6 
771	78 
772	89 
773	37 
774	90 
775	47 
776	6 
777	101 
778	91 
779	92 
780	91 
781	29 
782	88 
783	82 
784	72 
785	25 
786	21 
787	50 
788	13 
789	91 
790	56 
791	60 
792	2 
793	92 
794	8 
795	31 
796	1 
797	46 
798	94 
799	91 
800	14 
801	29 
802	85 
803	42 
804	5 
805	12 
806	1 
807	101 
808	14 
809	82 
810	75 
811	28 
812	21 
813	4 
814	85 
815	14 
816	88 
817	71 
818	53 
819	72 
820	46 
821	42 
822	14 
823	57 
824	52 
825	55 
826	97 
827	62 
828	46 
829	39 
830	5 
831	57 
832	29 
833	60 
834	21 
835	97 
836	47 
837	71 
838	25 
839	66 
840	55 
841	61 
842	38 
843	38 
844	52 
845	69 
846	13 
847	74 
848	98 
849	45 
850	86 
851	79 
852	22 
853	44 
854	33 
855	82 
856	98 
857	82 
858	90 
859	6 
860	11 
861	71 
862	88 
863	75 
864	61 
865	3 
866	39 
867	55 
868	98 
869	93 
870	28 
871	13 
872	11 
873	46 
874	52 
875	66 
876	7 
877	23 
878	69 
879	62 
880	66 
881	6 
882	64 
883	3 
884	5 
885	54 
886	5 
887	32 
888	78 
889	6 
890	77 
891	19 
892	66 
893	7 
894	49 
895	62 
896	66 
897	93 
898	82 
899	47 
900	52 
901	12 
902	35 
903	5 
904	5 
905	25 
906	60 
907	39 
908	6 
909	74 
910	49 
911	86 
912	92 
913	1 
914	75 
915	94 
916	50 
917	75 
918	2 
919	90 
920	2 
921	1 
922	1 
923	77 
924	55 
925	48 
926	97 
927	76 
928	7 
929	86 
930	75 
931	2 
932	101 
933	54 
934	40 
935	20 
936	9 
937	72 
938	98 
939	79 
940	13 
941	6 
942	42 
943	61 
944	98 
945	75 
946	27 
947	71 
948	22 
949	34 
950	12 
951	18 
952	2 
953	56 
954	5 
955	59 
956	70 
957	93 
958	75 
959	67 
960	75 
961	90 
962	52 
963	95 
964	44 
965	46 
966	80 
967	68 
968	79 
969	90 
970	16 
971	70 
972	85 
973	76 
974	59 
975	60 
976	92 
977	52 
978	53 
979	49 
980	57 
981	66 
982	25 
983	52 
984	59 
985	29 
986	47 
987	7 
988	97 
989	73 
990	49 
991	42 
992	100 
993	21 
994	2 
995	57 
996	53 
997	100 
998	61 
999	21 
1000	1 
1001	2 
1002	91 
1003	75 
1004	49 
1005	92 
1006	9 
1007	28 
1008	19 
1009	64 
1010	14 
1011	41 
1012	66 
1013	39 
1014	53 
1015	71 
1016	8 
1017	95 
1018	73 
1019	74 
1020	88 
1021	89 
1022	88 
1023	38 
1024	100 
1025	83 
1026	6 
1027	84 
1028	21 
1029	18 
1030	100 
1031	68 
1032	21 
1033	32 
1034	14 
1035	11 
1036	101 
1037	90 
1038	60 
1039	88 
1040	25 
1041	57 
1042	94 
1043	38 
1044	13 
1045	33 
1046	88 
1047	83 
1048	93 
1049	60 
1050	39 
1051	42 
1052	47 
1053	63 
1054	77 
1055	76 
1056	49 
1057	78 
1058	30 
1059	6 
1060	91 
1061	14 
1062	90 
1063	67 
1064	80 
1065	8 
1066	83 
1067	101 
1068	82 
1069	46 
1070	67 
1071	14 
1072	30 
1073	90 
1074	90 
1075	65 
1076	55 
1077	84 
1078	14 
1079	39 
1080	51 
1081	97 
1082	42 
1083	39 
1084	6 
1085	60 
1086	100 
1087	61 
1088	4 
1089	94 
1090	38 
1091	92 
1092	70 
1093	22 
1094	94 
1095	67 
1096	11 
1097	90 
1098	83 
1099	61 
1100	59 
1101	26 
1102	11 
1103	14 
1104	81 
1105	22 
1106	2 
1107	69 
1108	60 
1109	76 
1110	10 
1111	9 
1112	18 
1113	86 
1114	62 
1115	4 
1116	97 
1117	52 
1118	93 
1119	4 
1120	101 
1121	62 
1122	59 
1123	25 
1124	53 
1125	6 
1126	12 
1127	97 
1128	93 
1129	88 
1130	49 
1131	52 
1132	58 
1133	19 
1134	44 
1135	8 
1136	45 
1137	94 
1138	28 
1139	46 
1140	16 
1141	100 
1142	42 
1143	78 
1144	95 
1145	92 
1146	15 
1147	12 
1148	15 
1149	101 
1150	84 
1151	5 
1152	53 
1153	46 
1154	45 
1155	14 
1156	21 
1157	100 
1158	47 
1159	92 
1160	82 
1161	27 
1162	14 
1163	83 
1164	35 
1165	3 
1166	90 
1167	90 
1168	55 
1169	8 
1170	47 
1171	55 
1172	41 
1173	16 
1174	67 
1175	7 
1176	88 
1177	75 
1178	77 
1179	72 
1180	12 
1181	7 
1182	79 
1183	43 
1184	83 
1185	73 
1186	47 
1187	47 
1188	14 
1189	8 
1190	73 
1191	36 
1192	69 
1193	4 
1194	7 
1195	73 
1196	34 
1197	96 
1198	2 
1199	98 
1200	62 
1201	63 
1202	96 
1203	93 
1204	59 
1205	8 
1206	36 
1207	29 
1208	19 
1209	76 
1210	82 
1211	96 
1212	97 
1213	82 
1214	82 
1215	72 
1216	8 
1217	17 
1218	70 
1219	13 
1220	59 
1221	98 
1222	2 
1223	13 
1224	76 
1225	77 
1226	46 
1227	84 
1228	97 
1229	33 
1230	61 
1231	7 
1232	6 
1233	4 
1234	99 
1235	13 
1236	90 
1237	5 
1238	24 
1239	72 
1240	96 
1241	43 
1242	79 
1243	93 
1244	8 
1245	38 
1246	7 
1247	18 
1248	27 
1249	80 
1250	22 
1251	99 
1252	91 
1253	26 
1254	91 
1255	83 
1256	29 
1257	13 
1258	17 
1259	13 
1260	52 
1261	20 
1262	77 
1263	47 
1264	23 
1265	25 
1266	13 
1267	18 
1268	58 
1269	73 
1270	3 
1271	37 
1272	21 
1273	93 
1274	9 
1275	75 
1276	96 
1277	79 
1278	24 
1279	10 
1280	39 
1281	62 
1282	62 
1283	82 
1284	40 
1285	78 
1286	49 
1287	11 
1288	89 
1289	83 
1290	79 
1291	38 
1292	1 
1293	78 
1294	10 
1295	86 
1296	92 
1297	4 
1298	37 
1299	1 
1300	32 
1301	96 
1302	84 
1303	1 
1304	39 
1305	101 
1306	23 
1307	39 
1308	101 
1309	52 
1310	38 
1311	32 
1312	68 
1313	42 
1314	3 
1315	83 
1316	14 
1317	71 
1318	52 
1319	3 
1320	78 
1321	7 
1322	80 
1323	39 
1324	14 
1325	32 
1326	47 
1327	19 
1328	88 
1329	25 
1330	97 
1331	55 
1332	61 
1333	54 
1334	8 
1335	66 
1336	21 
1337	101 
1338	93 
1339	45 
1340	92 
1341	90 
1342	47 
1343	86 
1344	101 
1345	9 
1346	1 
1347	74 
1348	66 
1349	43 
1350	55 
1351	69 
1352	1 
1353	78 
1354	14 
1355	12 
1356	50 
1357	72 
1358	8 
1359	30 
1360	90 
1361	13 
1362	79 
1363	9 
1364	97 
1365	22 
1366	60 
1367	67 
1368	84 
1369	71 
1370	34 
1371	51 
1372	6 
1373	97 
1374	49 
1375	44 
1376	75 
1377	94 
1378	16 
1379	1 
1380	25 
1381	19 
1382	29 
1383	11 
1384	67 
1385	88 
1386	52 
1387	7 
1388	33 
1389	81 
1390	88 
1391	100 
1392	84 
1393	27 
1394	56 
1395	14 
1396	94 
1397	82 
1398	63 
1399	84 
1400	25 
1401	2 
1402	82 
1403	36 
1404	93 
1405	61 
1406	66 
1407	49 
1408	83 
1409	2 
1410	69 
1411	66 
1412	30 
1413	98 
1414	94 
1415	94 
1416	94 
1417	38 
1418	53 
1419	66 
1420	98 
1421	63 
1422	76 
1423	66 
1424	7 
1425	7 
1426	52 
1427	6 
1428	71 
1429	1 
1430	22 
1431	34 
1432	29 
1433	75 
1434	7 
1435	89 
1436	31 
1437	75 
1438	62 
1439	73 
1440	77 
1441	83 
1442	56 
1443	11 
1444	29 
1445	7 
1446	9 
1447	94 
1448	21 
1449	73 
1450	88 
1451	44 
1452	62 
1453	52 
1454	14 
1455	67 
1456	39 
1457	19 
1458	25 
1459	5 
1460	47 
1461	62 
1462	46 
1463	84 
1464	16 
1465	25 
1466	55 
1467	6 
1468	32 
1469	101 
1470	95 
1471	78 
1472	76 
1473	8 
1474	64 
1475	47 
1476	88 
1477	54 
1478	60 
1479	1 
1480	78 
1481	18 
1482	66 
1483	5 
1484	41 
1485	97 
1486	19 
1487	100 
1488	99 
1489	31 
1490	40 
1491	29 
1492	4 
1493	97 
1494	46 
1495	74 
1496	41 
1497	29 
1498	71 
1499	61 
1500	21 
1501	16 
1502	20 
1503	8 
1504	19 
1505	101 
1506	88 
1507	90 
1508	49 
1509	39 
1510	49 
1511	25 
1512	33 
1513	79 
1514	10 
1515	61 
1516	12 
1517	89 
1518	92 
1519	93 
1520	90 
1521	26 
1522	65 
1523	51 
1524	8 
1525	76 
1526	85 
1527	42 
1528	88 
1529	97 
1530	94 
1531	88 
1532	36 
1533	33 
1534	5 
1535	59 
1536	95 
1537	70 
1538	24 
1539	15 
1540	90 
1541	56 
1542	3 
1543	43 
1544	83 
1545	93 
1546	14 
1547	53 
1548	1 
1549	72 
1550	42 
1551	30 
1552	14 
1553	97 
1554	33 
1555	92 
1556	83 
1557	20 
1558	76 
1559	15 
1560	18 
1561	82 
1562	25 
1563	3 
1564	81 
1565	50 
1566	20 
1567	49 
1568	50 
1569	69 
1570	37 
1571	50 
1572	92 
1573	60 
1574	25 
1575	48 
1576	32 
1577	13 
1578	16 
1579	11 
1580	33 
1581	83 
1582	57 
1583	91 
1584	25 
1585	88 
1586	33 
1587	63 
1588	77 
1589	88 
1590	78 
1591	7 
1592	79 
1593	25 
1594	15 
1595	48 
1596	78 
1597	38 
1598	36 
1599	60 
1600	64 
1601	9 
1602	73 
1603	36 
1604	46 
1605	30 
1606	100 
1607	72 
1608	78 
1609	9 
1610	73 
1611	1 
1612	4 
1613	58 
1614	99 
1615	76 
1616	25 
1617	92 
1618	12 
1619	7 
1620	87 
1621	31 
1622	60 
1623	88 
1624	8 
1625	89 
1626	69 
1627	22 
1628	56 
1629	21 
1630	78 
1631	23 
1632	97 
1633	51 
1634	2 
1635	94 
1636	7 
1637	14 
1638	52 
1639	97 
1640	54 
1641	56 
1642	97 
1643	43 
1644	101 
1645	74 
1646	63 
1647	3 
1648	7 
1649	91 
1650	94 
1651	14 
1652	75 
1653	35 
1654	49 
1655	42 
1656	27 
1657	94 
1658	35 
1659	59 
1660	5 
1661	42 
1662	76 
1663	92 
1664	2 
1665	14 
1666	32 
1667	8 
1668	36 
1669	85 
1670	27 
1671	42 
1672	18 
1673	19 
1674	12 
1675	93 
1676	57 
1677	44 
1678	60 
1679	6 
1680	6 
1681	93 
1682	35 
1683	30 
1684	37 
1685	64 
1686	96 
1687	68 
1688	79 
1689	5 
1690	100 
1691	66 
1692	79 
1693	22 
1694	1 
1695	7 
1696	31 
1697	53 
1698	59 
1699	19 
1700	1 
1701	46 
1702	47 
1703	90 
1704	59 
1705	76 
1706	52 
1707	99 
1708	14 
1709	73 
1710	39 
1711	56 
1712	52 
1713	61 
1714	49 
1715	38 
1716	13 
1717	61 
1718	67 
1719	60 
1720	54 
1721	95 
1722	8 
1723	2 
1724	95 
1725	13 
1726	57 
1727	56 
1728	91 
1729	30 
1730	47 
1731	44 
1732	44 
1733	9 
1734	13 
1735	88 
1736	46 
1737	62 
1738	83 
1739	53 
1740	28 
1741	83 
1742	90 
1743	6 
1744	51 
1745	35 
1746	64 
1747	27 
1748	14 
1749	21 
1750	84 
1751	88 
1752	38 
1753	15 
1754	72 
1755	59 
1756	14 
1757	57 
1758	42 
1759	52 
1760	9 
1761	78 
1762	21 
1763	57 
1764	43 
1765	14 
1766	10 
1767	45 
1768	65 
1769	60 
1770	7 
1771	93 
1772	2 
1773	19 
1774	83 
1775	90 
1776	52 
1777	32 
1778	1 
1779	57 
1780	75 
1781	71 
1782	82 
1783	101 
1784	101 
1785	92 
1786	1 
1787	95 
1788	6 
1789	93 
1790	87 
1791	1 
1792	49 
1793	2 
1794	8 
1795	90 
1796	2 
1797	26 
1798	12 
1799	13 
1800	66 
1801	11 
1802	60 
1803	1 
1804	11 
1805	70 
1806	8 
1807	32 
1808	100 
1809	40 
1810	78 
1811	83 
1812	32 
1813	51 
1814	94 
1815	19 
1816	13 
1817	56 
1818	28 
1819	14 
1820	8 
1821	65 
1822	72 
1823	6 
1824	100 
1825	52 
1826	9 
1827	90 
1828	33 
1829	39 
1830	52 
1831	85 
1832	20 
1833	29 
1834	31 
1835	91 
1836	36 
1837	8 
1838	90 
1839	24 
1840	84 
1841	40 
1842	73 
1843	38 
1844	25 
1845	31 
1846	5 
1847	61 
1848	35 
1849	10 
1850	60 
1851	47 
1852	52 
1853	7 
1854	31 
1855	47 
1856	1 
1857	1 
1858	97 
1859	81 
1860	96 
1861	56 
1862	43 
1863	59 
1864	97 
1865	49 
1866	47 
1867	38 
1868	83 
1869	14 
1870	33 
1871	72 
1872	82 
1873	21 
1874	73 
1875	69 
1876	12 
1877	47 
1878	52 
1879	39 
1880	42 
1881	92 
1882	4 
1883	32 
1884	21 
1885	7 
1886	2 
1887	6 
1888	86 
1889	26 
1890	14 
1891	56 
1892	69 
1893	75 
1894	22 
1895	60 
1896	66 
1897	75 
1898	35 
1899	56 
1900	79 
1901	90 
1902	42 
1903	49 
1904	92 
1905	98 
1906	7 
1907	8 
1908	39 
1909	56 
1910	96 
1911	67 
1912	31 
1913	65 
1914	53 
1915	15 
1916	2 
1917	30 
1918	63 
1919	73 
1920	25 
1921	56 
1922	50 
1923	56 
1924	80 
1925	14 
1926	85 
1927	92 
1928	94 
1929	86 
1930	56 
1931	39 
1932	21 
1933	8 
1934	25 
1935	60 
1936	12 
1937	52 
1938	39 
1939	4 
1940	57 
1941	17 
1942	79 
1943	10 
1944	32 
1945	44 
1946	39 
1947	53 
1948	14 
1949	45 
1950	60 
1951	51 
1952	8 
1953	9 
1954	93 
1955	82 
1956	1 
1957	18 
1958	59 
1959	47 
1960	76 
1961	70 
1962	31 
1963	93 
1964	69 
1965	7 
1966	25 
1967	6 
1968	42 
1969	1 
1970	36 
1971	80 
1972	59 
1973	63 
1974	46 
1975	15 
1976	14 
1977	68 
1978	67 
1979	1 
1980	8 
1981	43 
1982	88 
1983	70 
1984	47 
1985	49 
1986	16 
1987	100 
1988	19 
1989	19 
1990	52 
1991	3 
1992	82 
1993	61 
1994	34 
1995	91 
1996	76 
1997	39 
1998	26 
1999	23 
2000	34 
2001	39 
2002	8 
2003	90 
2004	1 
2005	19 
2006	46 
2007	28 
2008	59 
2009	36 
2010	2 
2011	81 
2012	15 
2013	75 
2014	43 
2015	12 
2016	13 
2017	62 
2018	39 
2019	18 
2020	36 
2021	54 
2022	59 
2023	64 
2024	42 
2025	68 
2026	69 
2027	7 
2028	83 
2029	56 
2030	1 
2031	7 
2032	82 
2033	61 
2034	52 
2035	2 
2036	3 
2037	64 
2038	101 
2039	47 
2040	34 
2041	24 
2042	72 
2043	2 
2044	7 
2045	39 
2046	13 
2047	57 
2048	91 
2049	70 
2050	19 
2051	56 
2052	14 
2053	76 
2054	76 
2055	32 
2056	63 
2057	94 
2058	64 
2059	60 
2060	3 
2061	19 
2062	69 
2063	94 
2064	56 
2065	5 
2066	52 
2067	71 
2068	67 
2069	41 
2070	94 
2071	73 
2072	6 
2073	25 
2074	67 
2075	45 
2076	19 
2077	59 
2078	60 
2079	64 
2080	94 
2081	84 
2082	78 
2083	91 
2084	88 
2085	56 
2086	37 
2087	39 
2088	7 
2089	14 
2090	14 
2091	49 
2092	98 
2093	5 
2094	98 
2095	97 
2096	38 
2097	36 
2098	66 
2099	19 
2100	21 
2101	12 
2102	49 
2103	3 
2104	79 
2105	59 
2106	21 
2107	34 
2108	82 
2109	83 
2110	73 
2111	7 
2112	28 
2113	41 
2114	60 
2115	7 
2116	53 
2117	13 
2118	100 
2119	53 
2120	82 
2121	6 
2122	49 
2123	52 
2124	46 
2125	14 
2126	100 
2127	69 
2128	36 
2129	17 
2130	6 
2131	76 
2132	51 
2133	49 
2134	73 
2135	66 
2136	59 
2137	39 
2138	24 
2139	63 
2140	65 
2141	6 
2142	36 
2143	57 
2144	55 
2145	90 
2146	16 
2147	86 
2148	91 
2149	60 
2150	78 
2151	78 
2152	13 
2153	75 
2154	13 
2155	7 
2156	78 
2157	70 
2158	7 
2159	33 
2160	78 
2161	51 
2162	70 
2163	56 
2164	25 
2165	78 
2166	61 
2167	5 
2168	96 
2169	87 
2170	100 
2171	39 
2172	14 
2173	74 
2174	58 
2175	85 
2176	68 
2177	21 
2178	50 
2179	21 
2180	82 
2181	19 
2182	1 
2183	87 
2184	72 
2185	26 
2186	80 
2187	38 
2188	57 
2189	90 
2190	46 
2191	78 
2192	81 
2193	59 
2194	81 
2195	90 
2196	64 
2197	38 
2198	52 
2199	73 
2200	20 
2201	13 
2202	92 
2203	88 
2204	14 
2205	53 
2206	46 
2207	91 
2208	87 
2209	28 
2210	49 
2211	46 
2212	23 
2213	43 
2214	56 
2215	46 
2216	59 
2217	68 
2218	28 
2219	64 
2220	8 
2221	65 
2222	44 
2223	80 
2224	1 
2225	19 
2226	56 
2227	96 
2228	79 
2229	25 
2230	9 
2231	1 
2232	60 
2233	76 
2234	31 
2235	49 
2236	28 
2237	101 
2238	63 
2239	100 
2240	60 
2241	5 
2242	8 
2243	3 
2244	13 
2245	54 
2246	88 
2247	50 
2248	21 
2249	24 
2250	91 
2251	92 
2252	48 
2253	92 
2254	85 
2255	74 
2256	97 
2257	33 
2258	20 
2259	14 
2260	32 
2261	37 
2262	80 
2263	39 
2264	55 
2265	67 
2266	30 
2267	9 
2268	25 
2269	7 
2270	56 
2271	78 
2272	101 
2273	83 
2274	88 
2275	82 
2276	56 
2277	32 
2278	3 
2279	79 
2280	66 
2281	69 
2282	98 
2283	100 
2284	83 
2285	74 
2286	53 
2287	10 
2288	1 
2289	13 
2290	43 
2291	45 
2292	69 
2293	8 
2294	7 
2295	28 
2296	52 
2297	28 
2298	31 
2299	44 
2300	37 
2301	49 
2302	21 
2303	29 
2304	32 
2305	47 
2306	85 
2307	34 
2308	14 
2309	5 
2310	84 
2311	68 
2312	13 
2313	100 
2314	84 
2315	61 
2316	82 
2317	64 
2318	5 
2319	67 
2320	97 
2321	100 
2322	34 
2323	68 
2324	70 
2325	1 
2326	42 
2327	61 
2328	1 
2329	42 
2330	87 
2331	97 
2332	76 
2333	20 
2334	88 
2335	61 
2336	101 
2337	87 
2338	93 
2339	90 
2340	46 
2341	11 
2342	54 
2343	97 
2344	92 
2345	11 
2346	75 
2347	72 
2348	10 
2349	47 
2350	27 
2351	47 
2352	83 
2353	75 
2354	72 
2355	90 
2356	38 
2357	50 
2358	82 
2359	25 
2360	52 
2361	88 
2362	47 
2363	51 
2364	6 
2365	70 
2366	56 
2367	79 
2368	5 
2369	48 
2370	5 
2371	79 
2372	11 
2373	51 
2374	20 
2375	12 
2376	18 
2377	1 
2378	76 
2379	19 
2380	59 
2381	3 
2382	60 
2383	49 
2384	83 
2385	98 
2386	59 
2387	83 
2388	34 
2389	58 
2390	54 
2391	78 
2392	48 
2393	82 
2394	38 
2395	52 
2396	12 
2397	71 
2398	58 
2399	19 
2400	18 
2401	82 
2402	81 
2403	90 
2404	8 
2405	39 
2406	38 
2407	87 
2408	34 
2409	90 
2410	40 
2411	4 
2412	5 
2413	17 
2414	25 
2415	75 
2416	7 
2417	82 
2418	82 
2419	91 
2420	6 
2421	90 
2422	19 
2423	8 
2424	91 
2425	23 
2426	34 
2427	66 
2428	51 
2429	25 
2430	58 
2431	98 
2432	75 
2433	19 
2434	71 
2435	50 
2436	45 
2437	26 
2438	58 
2439	71 
2440	7 
2441	7 
2442	16 
2443	73 
2444	10 
2445	83 
2446	83 
2447	77 
2448	77 
2449	57 
2450	14 
2451	82 
2452	96 
2453	46 
2454	25 
2455	25 
2456	44 
2457	73 
2458	78 
2459	62 
2460	43 
2461	7 
2462	40 
2463	3 
2464	52 
2465	19 
2466	42 
2467	69 
2468	8 
2469	83 
2470	32 
2471	12 
2472	26 
2473	78 
2474	39 
2475	7 
2476	39 
2477	90 
2478	93 
2479	59 
2480	13 
2481	2 
2482	35 
2483	81 
2484	16 
2485	2 
2486	8 
2487	98 
2488	6 
2489	32 
2490	6 
2491	60 
2492	19 
2493	6 
2494	75 
2495	13 
2496	61 
2497	73 
2498	82 
2499	32 
2500	16 
2501	68 
2502	50 
2503	66 
2504	101 
2505	9 
2506	42 
2507	93 
2508	66 
2509	48 
2510	83 
2511	71 
2512	6 
2513	42 
2514	93 
2515	41 
2516	37 
2517	77 
2518	82 
2519	84 
2520	7 
2521	19 
2522	89 
2523	50 
2524	7 
2525	91 
2526	22 
2527	35 
2528	19 
2529	51 
2530	38 
2531	92 
2532	101 
2533	97 
2534	45 
2535	76 
2536	101 
2537	48 
2538	18 
2539	11 
2540	84 
2541	97 
2542	14 
2543	83 
2544	68 
2545	51 
2546	98 
2547	60 
2548	45 
2549	53 
2550	4 
2551	92 
2552	19 
2553	29 
2554	34 
2555	8 
2556	31 
2557	42 
2558	79 
2559	88 
2560	69 
2561	59 
2562	79 
2563	78 
2564	66 
2565	93 
2566	59 
2567	9 
2568	61 
2569	38 
2570	38 
2571	97 
2572	101 
2573	58 
2574	10 
2575	78 
2576	44 
2577	11 
2578	73 
2579	77 
2580	93 
2581	72 
2582	93 
2583	56 
2584	81 
2585	8 
2586	78 
2587	85 
2588	7 
2589	70 
2590	47 
2591	51 
2592	47 
2593	42 
2594	20 
2595	52 
2596	7 
2597	56 
2598	27 
2599	10 
2600	20 
2601	3 
2602	78 
2603	8 
2604	16 
2605	49 
2606	14 
2607	94 
2608	6 
2609	13 
2610	96 
2611	32 
2612	82 
2613	1 
2614	39 
2615	67 
2616	44 
2617	58 
2618	25 
2619	68 
2620	94 
2621	72 
2622	94 
2623	57 
2624	8 
2625	25 
2626	21 
2627	6 
2628	39 
2629	97 
2630	78 
2631	86 
2632	75 
2633	84 
2634	18 
2635	64 
2636	38 
2637	10 
2638	7 
2639	14 
2640	65 
2641	8 
2642	34 
2643	100 
2644	101 
2645	24 
2646	97 
2647	100 
2648	14 
2649	88 
2650	81 
2651	66 
2652	64 
2653	93 
2654	2 
2655	42 
2656	23 
2657	82 
2658	72 
2659	39 
2660	25 
2661	1 
2662	68 
2663	34 
2664	13 
2665	70 
2666	94 
2667	76 
2668	25 
2669	6 
2670	64 
2671	39 
2672	66 
2673	25 
2674	13 
2675	22 
2676	69 
2677	45 
2678	35 
2679	95 
2680	49 
2681	52 
2682	44 
2683	77 
2684	98 
2685	97 
2686	79 
2687	6 
2688	57 
2689	82 
2690	66 
2691	31 
2692	79 
2693	27 
2694	52 
2695	58 
2696	30 
2697	41 
2698	60 
2699	54 
2700	71 
2701	6 
2702	61 
2703	78 
2704	46 
2705	98 
2706	13 
2707	65 
2708	100 
2709	83 
2710	71 
2711	85 
2712	31 
2713	1 
2714	5 
2715	17 
2716	32 
2717	5 
2718	83 
2719	97 
2720	34 
2721	56 
2722	89 
2723	14 
2724	93 
2725	77 
2726	80 
2727	82 
2728	92 
2729	52 
2730	2 
2731	64 
2732	63 
2733	5 
2734	73 
2735	53 
2736	35 
2737	14 
2738	13 
2739	3 
2740	97 
2741	1 
2742	52 
2743	38 
2744	72 
2745	22 
2746	53 
2747	1 
2748	46 
2749	91 
2750	46 
2751	42 
2752	14 
2753	42 
2754	19 
2755	99 
2756	25 
2757	6 
2758	3 
2759	69 
2760	8 
2761	52 
2762	49 
2763	25 
2764	71 
2765	3 
2766	83 
2767	66 
2768	32 
2769	18 
2770	34 
2771	72 
2772	71 
2773	32 
2774	75 
2775	38 
2776	7 
2777	1 
2778	83 
2779	52 
2780	70 
2781	26 
2782	74 
2783	65 
2784	97 
2785	56 
2786	2 
2787	8 
2788	97 
2789	52 
2790	49 
2791	51 
2792	7 
2793	56 
2794	21 
2795	89 
2796	83 
2797	52 
2798	64 
2799	98 
2800	61 
2801	11 
2802	6 
2803	20 
2804	13 
2805	92 
2806	50 
2807	70 
2808	13 
2809	83 
2810	60 
2811	59 
2812	25 
2813	11 
2814	74 
2815	86 
2816	19 
2817	78 
2818	81 
2819	30 
2820	7 
2821	57 
2822	68 
2823	21 
2824	4 
2825	47 
2826	44 
2827	64 
2828	31 
2829	25 
2830	26 
2831	8 
2832	14 
2833	56 
2834	72 
2835	35 
2836	101 
2837	88 
2838	100 
2839	100 
2840	2 
2841	68 
2842	49 
2843	2 
2844	72 
2845	5 
2846	51 
2847	39 
2848	5 
2849	52 
2850	87 
2851	66 
2852	76 
2853	52 
2854	13 
2855	36 
2856	90 
2857	18 
2858	60 
2859	14 
2860	49 
2861	56 
2862	51 
2863	55 
2864	83 
2865	77 
2866	99 
2867	47 
2868	38 
2869	36 
2870	31 
2871	25 
2872	6 
2873	30 
2874	73 
2875	44 
2876	19 
2877	21 
2878	60 
2879	95 
2880	59 
2881	53 
2882	78 
2883	1 
2884	78 
2885	47 
2886	82 
2887	32 
2888	97 
2889	97 
2890	52 
2891	90 
2892	80 
2893	38 
2894	84 
2895	96 
2896	97 
2897	13 
2898	82 
2899	88 
2900	14 
2901	57 
2902	101 
2903	52 
2904	83 
2905	87 
2906	59 
2907	63 
2908	82 
2909	34 
2910	47 
2911	54 
2912	2 
2913	79 
2914	5 
2915	97 
2916	29 
2917	72 
2918	44 
2919	21 
2920	25 
2921	76 
2922	61 
2923	18 
2924	9 
2925	54 
2926	94 
2927	56 
2928	78 
2929	18 
2930	81 
2931	97 
2932	79 
2933	32 
2934	19 
2935	97 
2936	54 
2937	62 
2938	87 
2939	13 
2940	17 
2941	21 
2942	28 
2943	64 
2944	7 
2945	93 
2946	70 
2947	77 
2948	80 
2949	6 
2950	70 
2951	42 
2952	63 
2953	73 
2954	83 
2955	88 
2956	78 
2957	68 
2958	79 
2959	56 
2960	7 
2961	11 
2962	21 
2963	97 
2964	11 
2965	11 
2966	90 
2967	42 
2968	92 
2969	93 
2970	28 
2971	9 
2972	74 
2973	52 
2974	58 
2975	66 
2976	77 
2977	72 
2978	90 
2979	54 
2980	69 
2981	23 
2982	82 
2983	32 
2984	49 
2985	48 
2986	98 
2987	30 
2988	17 
2989	27 
2990	90 
2991	16 
2992	9 
2993	32 
2994	83 
2995	68 
2996	82 
2997	62 
2998	14 
2999	25 
3000	1 
3001	90 
3002	81 
3003	77 
3004	52 
3005	14 
3006	31 
3007	35 
3008	90 
3009	34 
3010	32 
3011	66 
3012	3 
3013	100 
3014	42 
3015	88 
3016	88 
3017	62 
3018	7 
3019	68 
3020	48 
3021	56 
3022	57 
3023	17 
3024	88 
3025	73 
3026	90 
3027	30 
3028	89 
3029	90 
3030	46 
3031	21 
3032	12 
3033	92 
3034	13 
3035	67 
3036	12 
3037	81 
3038	100 
3039	69 
3040	11 
3041	25 
3042	97 
3043	96 
3044	12 
3045	78 
3046	17 
3047	95 
3048	8 
3049	87 
3050	1 
3051	99 
3052	76 
3053	59 
3054	22 
3055	36 
3056	10 
3057	100 
3058	14 
3059	47 
3060	42 
3061	91 
3062	39 
3063	13 
3064	58 
3065	83 
3066	72 
3067	88 
3068	8 
3069	6 
3070	53 
3071	50 
3072	83 
3073	48 
3074	60 
3075	82 
3076	57 
3077	47 
3078	32 
3079	4 
3080	92 
3081	80 
3082	49 
3083	52 
3084	38 
3085	25 
3086	12 
3087	19 
3088	66 
3089	4 
3090	42 
3091	100 
3092	24 
3093	1 
3094	6 
3095	82 
3096	97 
3097	18 
3098	60 
3099	23 
3100	1 
3101	72 
3102	63 
3103	1 
3104	18 
3105	54 
3106	78 
3107	13 
3108	22 
3109	72 
3110	60 
3111	71 
3112	16 
3113	21 
3114	59 
3115	91 
3116	7 
3117	2 
3118	8 
3119	82 
3120	34 
3121	95 
3122	92 
3123	97 
3124	47 
3125	41 
3126	34 
3127	9 
3128	83 
3129	72 
3130	47 
3131	14 
3132	99 
3133	11 
3134	92 
3135	51 
3136	100 
3137	14 
3138	51 
3139	83 
3140	82 
3141	78 
3142	7 
3143	14 
3144	34 
3145	94 
3146	92 
3147	28 
3148	31 
3149	77 
3150	49 
3151	90 
3152	76 
3153	14 
3154	57 
3155	72 
3156	93 
3157	91 
3158	78 
3159	59 
3160	73 
3161	35 
3162	13 
3163	76 
3164	19 
3165	99 
3166	92 
3167	99 
3168	25 
3169	55 
3170	63 
3171	20 
3172	24 
3173	24 
3174	26 
3175	62 
3176	34 
3177	47 
3178	98 
3179	100 
3180	95 
3181	82 
3182	28 
3183	46 
3184	79 
3185	30 
3186	6 
3187	57 
3188	14 
3189	29 
3190	47 
3191	10 
3192	25 
3193	63 
3194	28 
3195	1 
3196	34 
3197	3 
3198	66 
3199	59 
3200	93 
3201	77 
3202	93 
3203	42 
3204	5 
3205	72 
3206	94 
3207	76 
3208	53 
3209	72 
3210	52 
3211	50 
3212	2 
3213	82 
3214	68 
3215	66 
3216	29 
3217	21 
3218	25 
3219	82 
3220	66 
3221	83 
3222	44 
3223	31 
3224	7 
3225	70 
3226	34 
3227	25 
3228	32 
3229	32 
3230	97 
3231	7 
3232	21 
3233	13 
3234	55 
3235	14 
3236	65 
3237	72 
3238	82 
3239	83 
3240	50 
3241	78 
3242	39 
3243	95 
3244	97 
3245	52 
3246	6 
3247	46 
3248	75 
3249	6 
3250	82 
3251	92 
3252	50 
3253	82 
3254	19 
3255	41 
3256	94 
3257	91 
3258	44 
3259	63 
3260	3 
3261	60 
3262	70 
3263	46 
3264	33 
3265	56 
3266	59 
3267	25 
3268	60 
3269	60 
3270	49 
3271	88 
3272	84 
3273	94 
3274	59 
3275	46 
3276	27 
3277	88 
3278	37 
3279	60 
3280	56 
3281	82 
3282	74 
3283	31 
3284	77 
3285	60 
3286	52 
3287	44 
3288	97 
3289	84 
3290	79 
3291	94 
3292	12 
3293	2 
3294	13 
3295	28 
3296	60 
3297	3 
3298	38 
3299	13 
3300	40 
3301	56 
3302	92 
3303	68 
3304	50 
3305	67 
3306	5 
3307	98 
3308	90 
3309	35 
3310	51 
3311	99 
3312	84 
3313	39 
3314	80 
3315	86 
3316	12 
3317	60 
3318	6 
3319	96 
3320	34 
3321	59 
3322	49 
3323	61 
3324	39 
3325	34 
3326	39 
3327	25 
3328	6 
3329	24 
3330	13 
3331	44 
3332	78 
3333	71 
3334	82 
3335	13 
3336	43 
3337	17 
3338	90 
3339	51 
3340	101 
3341	38 
3342	85 
3343	34 
3344	34 
3345	21 
3346	46 
3347	65 
3348	70 
3349	19 
3350	45 
3351	82 
3352	62 
3353	100 
3354	27 
3355	54 
3356	25 
3357	79 
3358	30 
3359	2 
3360	37 
3361	17 
3362	64 
3363	38 
3364	76 
3365	44 
3366	98 
3367	65 
3368	48 
3369	39 
3370	58 
3371	20 
3372	21 
3373	89 
3374	47 
3375	38 
3376	75 
3377	97 
3378	39 
3379	40 
3380	3 
3381	97 
3382	82 
3383	5 
3384	39 
3385	25 
3386	70 
3387	9 
3388	42 
3389	88 
3390	43 
3391	76 
3392	82 
3393	32 
3394	38 
3395	47 
3396	94 
3397	90 
3398	69 
3399	72 
3400	51 
3401	96 
3402	93 
3403	18 
3404	19 
3405	14 
3406	78 
3407	88 
3408	72 
3409	17 
3410	56 
3411	5 
3412	64 
3413	100 
3414	46 
3415	76 
3416	52 
3417	26 
3418	52 
3419	32 
3420	2 
3421	55 
3422	82 
3423	28 
3424	1 
3425	90 
3426	43 
3427	47 
3428	25 
3429	64 
3430	63 
3431	101 
3432	8 
3433	44 
3434	73 
3435	56 
3436	14 
3437	25 
3438	82 
3439	93 
3440	77 
3441	92 
3442	25 
3443	72 
3444	69 
3445	55 
3446	8 
3447	9 
3448	80 
3449	79 
3450	44 
3451	84 
3452	74 
3453	84 
3454	88 
3455	12 
3456	73 
3457	87 
3458	98 
3459	97 
3460	20 
3461	46 
3462	51 
3463	8 
3464	19 
3465	83 
3466	63 
3467	76 
3468	70 
3469	12 
3470	39 
3471	45 
3472	72 
3473	61 
3474	72 
3475	79 
3476	40 
3477	99 
3478	44 
3479	84 
3480	67 
3481	68 
3482	22 
3483	90 
3484	25 
3485	75 
3486	61 
3487	21 
3488	57 
3489	4 
3490	53 
3491	66 
3492	79 
3493	29 
3494	92 
3495	100 
3496	3 
3497	38 
3498	94 
3499	80 
3500	100 
3501	27 
3502	75 
3503	54 
3504	27 
3505	10 
3506	44 
3507	56 
3508	8 
3509	59 
3510	2 
3511	23 
3512	38 
3513	13 
3514	83 
3515	99 
3516	13 
3517	15 
3518	8 
3519	82 
3520	1 
3521	73 
3522	37 
3523	34 
3524	21 
3525	76 
3526	44 
3527	63 
3528	20 
3529	51 
3530	1 
3531	75 
3532	29 
3533	26 
3534	97 
3535	7 
3536	56 
3537	10 
3538	87 
3539	4 
3540	73 
3541	8 
3542	9 
3543	93 
3544	81 
3545	20 
3546	13 
3547	6 
3548	70 
3549	39 
3550	13 
3551	75 
3552	22 
3553	27 
3554	56 
3555	42 
3556	76 
3557	19 
3558	76 
3559	95 
3560	46 
3561	27 
3562	56 
3563	90 
3564	50 
3565	50 
3566	45 
3567	66 
3568	83 
3569	81 
3570	99 
3571	95 
3572	49 
3573	98 
3574	83 
3575	94 
3576	88 
3577	26 
3578	91 
3579	82 
3580	54 
3581	67 
3582	68 
3583	52 
3584	14 
3585	98 
3586	39 
3587	52 
3588	77 
3589	47 
3590	1 
3591	101 
3592	17 
3593	42 
3594	19 
3595	95 
3596	30 
3597	65 
3598	2 
3599	92 
3600	62 
3601	2 
3602	79 
3603	88 
3604	44 
3605	94 
3606	62 
3607	94 
3608	61 
3609	100 
3610	1 
3611	64 
3612	60 
3613	57 
3614	97 
3615	31 
3616	88 
3617	99 
3618	55 
3619	78 
3620	21 
3621	34 
3622	29 
3623	84 
3624	78 
3625	74 
3626	52 
3627	50 
3628	96 
3629	1 
3630	2 
3631	90 
3632	45 
3633	52 
3634	43 
3635	81 
3636	54 
3637	90 
3638	3 
3639	94 
3640	73 
3641	95 
3642	82 
3643	65 
3644	94 
3645	3 
3646	32 
3647	8 
3648	55 
3649	27 
3650	92 
3651	71 
3652	2 
3653	50 
3654	40 
3655	6 
3656	70 
3657	87 
3658	76 
3659	60 
3660	94 
3661	10 
3662	78 
3663	90 
3664	42 
3665	1 
3666	84 
3667	13 
3668	78 
3669	74 
3670	52 
3671	93 
3672	61 
3673	73 
3674	58 
3675	1 
3676	92 
3677	93 
3678	88 
3679	18 
3680	74 
3681	22 
3682	56 
3683	23 
3684	53 
3685	94 
3686	1 
3687	83 
3688	57 
3689	46 
3690	54 
3691	51 
3692	40 
3693	3 
3694	19 
3695	65 
3696	98 
3697	52 
3698	75 
3699	64 
3700	9 
3701	79 
3702	47 
3703	84 
3704	17 
3705	94 
3706	28 
3707	60 
3708	99 
3709	59 
3710	25 
3711	78 
3712	1 
3713	1 
3714	45 
3715	101 
3716	2 
3717	8 
3718	78 
3719	23 
3720	56 
3721	25 
3722	101 
3723	34 
3724	13 
3725	34 
3726	99 
3727	32 
3728	47 
3729	90 
3730	83 
3731	90 
3732	41 
3733	93 
3734	84 
3735	25 
3736	93 
3737	98 
3738	2 
3739	5 
3740	83 
3741	85 
3742	33 
3743	78 
3744	50 
3745	55 
3746	65 
3747	73 
3748	18 
3749	18 
3750	99 
3751	36 
3752	47 
3753	93 
3754	73 
3755	100 
3756	49 
3757	81 
3758	6 
3759	1 
3760	54 
3761	80 
3762	1 
3763	21 
3764	46 
3765	88 
3766	69 
3767	2 
3768	90 
3769	49 
3770	92 
3771	101 
3772	99 
3773	82 
3774	83 
3775	2 
3776	12 
3777	19 
3778	93 
3779	45 
3780	34 
3781	90 
3782	30 
3783	8 
3784	32 
3785	101 
3786	32 
3787	75 
3788	27 
3789	22 
3790	1 
3791	85 
3792	90 
3793	101 
3794	78 
3795	40 
3796	66 
3797	49 
3798	1 
3799	73 
3800	86 
3801	40 
3802	8 
3803	5 
3804	5 
3805	75 
3806	94 
3807	86 
3808	44 
3809	7 
3810	83 
3811	3 
3812	8 
3813	32 
3814	14 
3815	77 
3816	21 
3817	17 
3818	56 
3819	89 
3820	50 
3821	58 
3822	85 
3823	83 
3824	6 
3825	92 
3826	65 
3827	68 
3828	42 
3829	66 
3830	100 
3831	50 
3832	66 
3833	60 
3834	101 
3835	91 
3836	13 
3837	5 
3838	16 
3839	7 
3840	28 
3841	16 
3842	6 
3843	42 
3844	36 
3845	14 
3846	19 
3847	2 
3848	81 
3849	32 
3850	28 
3851	25 
3852	10 
3853	38 
3854	62 
3855	45 
3856	34 
3857	25 
3858	73 
3859	39 
3860	1 
3861	19 
3862	88 
3863	59 
3864	60 
3865	73 
3866	24 
3867	94 
3868	84 
3869	90 
3870	100 
3871	70 
3872	5 
3873	3 
3874	21 
3875	27 
3876	49 
3877	5 
3878	55 
3879	63 
3880	97 
3881	72 
3882	100 
3883	82 
3884	5 
3885	41 
3886	20 
3887	28 
3888	71 
3889	3 
3890	52 
3891	28 
3892	75 
3893	1 
3894	61 
3895	62 
3896	39 
3897	68 
3898	51 
3899	12 
3900	32 
3901	44 
3902	42 
3903	10 
3904	10 
3905	10 
3906	68 
3907	21 
3908	43 
3909	7 
3910	9 
3911	14 
3912	97 
3913	52 
3914	38 
3915	17 
3916	34 
3917	101 
3918	56 
3919	4 
3920	76 
3921	63 
3922	28 
3923	28 
3924	3 
3925	83 
3926	2 
3927	1 
3928	8 
3929	13 
3930	36 
3931	25 
3932	4 
3933	93 
3934	78 
3935	20 
3936	60 
3937	57 
3938	60 
3939	57 
3940	2 
3941	37 
3942	82 
3943	12 
3944	32 
3945	77 
3946	72 
3947	75 
3948	99 
3949	100 
3950	20 
3951	72 
3952	68 
3953	92 
3954	34 
3955	8 
3956	65 
3957	42 
3958	39 
3959	2 
3960	97 
3961	66 
3962	88 
3963	20 
3964	56 
3965	64 
3966	64 
3967	72 
3968	49 
3969	52 
3970	78 
3971	1 
3972	16 
3973	14 
3974	20 
3975	47 
3976	7 
3977	7 
3978	28 
3979	94 
3980	53 
3981	73 
3982	62 
3983	83 
3984	48 
3985	72 
3986	82 
3987	98 
3988	78 
3989	55 
3990	50 
3991	88 
3992	92 
3993	7 
3994	62 
3995	92 
3996	76 
3997	82 
3998	5 
3999	13 
4000	12 
4001	59 
4002	50 
4003	72 
4004	11 
4005	81 
4006	101 
4007	78 
4008	76 
4009	70 
4010	9 
4011	57 
4012	8 
4013	56 
4014	72 
4015	7 
4016	97 
4017	93 
4018	19 
4019	92 
4020	45 
4021	39 
4022	1 
4023	42 
4024	21 
4025	8 
4026	21 
4027	26 
4028	60 
4029	8 
4030	17 
4031	25 
4032	97 
4033	91 
4034	62 
4035	18 
4036	100 
4037	57 
4038	83 
4039	85 
4040	83 
4041	97 
4042	11 
4043	11 
4044	70 
4045	68 
4046	65 
4047	3 
4048	98 
4049	42 
4050	100 
4051	86 
4052	82 
4053	38 
4054	14 
4055	12 
4056	1 
4057	98 
4058	7 
4059	98 
4060	7 
4061	78 
4062	74 
4063	14 
4064	56 
4065	78 
4066	93 
4067	97 
4068	45 
4069	29 
4070	41 
4071	82 
4072	21 
4073	35 
4074	90 
4075	46 
4076	94 
4077	66 
4078	73 
4079	17 
4080	18 
4081	91 
4082	93 
4083	100 
4084	31 
4085	52 
4086	13 
4087	69 
4088	65 
4089	45 
4090	34 
4091	92 
4092	82 
4093	49 
4094	93 
4095	78 
4096	60 
4097	2 
4098	64 
4099	63 
4100	56 
4101	8 
4102	13 
4103	43 
4104	27 
4105	56 
4106	14 
4107	43 
4108	46 
4109	15 
4110	3 
4111	79 
4112	1 
4113	82 
4114	6 
4115	19 
4116	47 
4117	11 
4118	8 
4119	74 
4120	18 
4121	46 
4122	50 
4123	56 
4124	30 
4125	43 
4126	101 
4127	90 
4128	71 
4129	91 
4130	36 
4131	66 
4132	56 
4133	49 
4134	92 
4135	64 
4136	2 
4137	53 
4138	12 
4139	90 
4140	72 
4141	88 
4142	72 
4143	82 
4144	66 
4145	93 
4146	73 
4147	62 
4148	51 
4149	98 
4150	83 
4151	97 
4152	89 
4153	19 
4154	93 
4155	70 
4156	14 
4157	13 
4158	89 
4159	73 
4160	39 
4161	21 
4162	8 
4163	51 
4164	38 
4165	25 
4166	83 
4167	52 
4168	101 
4169	3 
4170	29 
4171	91 
4172	84 
4173	66 
4174	8 
4175	5 
4176	34 
4177	3 
4178	73 
4179	47 
4180	73 
4181	51 
4182	73 
4183	93 
4184	54 
4185	36 
4186	8 
4187	75 
4188	92 
4189	21 
4190	56 
4191	72 
4192	92 
4193	86 
4194	101 
4195	64 
4196	60 
4197	1 
4198	2 
4199	81 
4200	7 
4201	97 
4202	49 
4203	2 
4204	80 
4205	100 
4206	40 
4207	69 
4208	101 
4209	78 
4210	37 
4211	56 
4212	37 
4213	5 
4214	62 
4215	38 
4216	63 
4217	14 
4218	81 
4219	32 
4220	38 
4221	14 
4222	37 
4223	30 
4224	56 
4225	71 
4226	91 
4227	78 
4228	72 
4229	40 
4230	37 
4231	97 
4232	94 
4233	64 
4234	46 
4235	46 
4236	79 
4237	74 
4238	93 
4239	23 
4240	97 
4241	75 
4242	2 
4243	61 
4244	57 
4245	11 
4246	73 
4247	60 
4248	75 
4249	87 
4250	21 
4251	98 
4252	23 
4253	28 
4254	81 
4255	65 
4256	56 
4257	9 
4258	42 
4259	65 
4260	9 
4261	34 
4262	99 
4263	70 
4264	8 
4265	6 
4266	57 
4267	2 
4268	6 
4269	64 
4270	13 
4271	72 
4272	81 
4273	1 
4274	14 
4275	54 
4276	50 
4277	7 
4278	86 
4279	100 
4280	95 
4281	90 
4282	19 
4283	33 
4284	84 
4285	52 
4286	95 
4287	70 
4288	73 
4289	88 
4290	8 
4291	13 
4292	39 
4293	60 
4294	11 
4295	26 
4296	80 
4297	3 
4298	1 
4299	98 
4300	5 
4301	61 
4302	40 
4303	88 
4304	43 
4305	25 
4306	12 
4307	90 
4308	82 
4309	39 
4310	88 
4311	56 
4312	31 
4313	52 
4314	1 
4315	57 
4316	70 
4317	6 
4318	41 
4319	68 
4320	12 
4321	98 
4322	13 
4323	64 
4324	75 
4325	65 
4326	72 
4327	68 
4328	90 
4329	56 
4330	41 
4331	45 
4332	2 
4333	47 
4334	52 
4335	62 
4336	40 
4337	60 
4338	64 
4339	70 
4340	87 
4341	7 
4342	90 
4343	9 
4344	54 
4345	34 
4346	76 
4347	12 
4348	73 
4349	82 
4350	1 
4351	38 
4352	4 
4353	12 
4354	101 
4355	86 
4356	44 
4357	92 
4358	46 
4359	52 
4360	20 
4361	89 
4362	42 
4363	3 
4364	28 
4365	75 
4366	6 
4367	85 
4368	76 
4369	71 
4370	22 
4371	3 
4372	82 
4373	6 
4374	13 
4375	94 
4376	15 
4377	68 
4378	14 
4379	101 
4380	23 
4381	57 
4382	50 
4383	23 
4384	94 
4385	28 
4386	93 
4387	73 
4388	61 
4389	98 
4390	12 
4391	69 
4392	93 
4393	56 
4394	56 
4395	1 
4396	85 
4397	60 
4398	96 
4399	45 
4400	9 
4401	68 
4402	70 
4403	85 
4404	91 
4405	8 
4406	83 
4407	60 
4408	75 
4409	4 
4410	51 
4411	7 
4412	87 
4413	27 
4414	8 
4415	73 
4416	91 
4417	6 
4418	77 
4419	97 
4420	6 
4421	47 
4422	12 
4423	36 
4424	70 
4425	39 
4426	1 
4427	77 
4428	59 
4429	45 
4430	60 
4431	26 
4432	59 
4433	39 
4434	8 
4435	70 
4436	3 
4437	56 
4438	77 
4439	63 
4440	42 
4441	8 
4442	15 
4443	99 
4444	70 
4445	26 
4446	38 
4447	56 
4448	7 
4449	23 
4450	6 
4451	75 
4452	32 
4453	10 
4454	32 
4455	1 
4456	52 
4457	101 
4458	6 
4459	32 
4460	93 
4461	49 
4462	72 
4463	47 
4464	98 
4465	101 
4466	72 
4467	8 
4468	101 
4469	42 
4470	57 
4471	28 
4472	53 
4473	37 
4474	67 
4475	17 
4476	65 
4477	42 
4478	23 
4479	50 
4480	32 
4481	100 
4482	41 
4483	88 
4484	60 
4485	90 
4486	7 
4487	93 
4488	75 
4489	94 
4490	75 
4491	72 
4492	6 
4493	3 
4494	88 
4495	19 
4496	1 
4497	39 
4498	51 
4499	53 
4500	7 
4501	25 
4502	92 
4503	49 
4504	21 
4505	1 
4506	69 
4507	18 
4508	97 
4509	88 
4510	33 
4511	88 
4512	82 
4513	43 
4514	80 
4515	65 
4516	100 
4517	34 
4518	6 
4519	5 
4520	40 
4521	8 
4522	53 
4523	94 
4524	100 
4525	59 
4526	66 
4527	8 
4528	21 
4529	73 
4530	34 
4531	16 
4532	76 
4533	7 
4534	88 
4535	88 
4536	21 
4537	46 
4538	21 
4539	92 
4540	84 
4541	48 
4542	39 
4543	21 
4544	66 
4545	48 
4546	74 
4547	29 
4548	65 
4549	30 
4550	46 
4551	93 
4552	71 
4553	64 
4554	36 
4555	88 
4556	68 
4557	84 
4558	32 
4559	50 
4560	41 
4561	93 
4562	93 
4563	37 
4564	47 
4565	6 
4566	8 
4567	83 
4568	8 
4569	49 
4570	2 
4571	1 
4572	74 
4573	59 
4574	27 
4575	20 
4576	39 
4577	9 
4578	90 
4579	51 
4580	27 
4581	7 
4582	76 
4583	97 
4584	94 
4585	98 
4586	91 
4587	60 
4588	98 
4589	21 
4590	19 
4591	20 
4592	6 
4593	55 
4594	84 
4595	94 
4596	92 
4597	33 
4598	14 
4599	64 
4600	22 
4601	46 
4602	33 
4603	46 
4604	101 
4605	23 
4606	32 
4607	32 
4608	19 
4609	68 
4610	6 
4611	62 
4612	69 
4613	52 
4614	97 
4615	10 
4616	90 
4617	77 
4618	3 
4619	98 
4620	78 
4621	88 
4622	85 
4623	21 
4624	75 
4625	48 
4626	38 
4627	91 
4628	55 
4629	83 
4630	56 
4631	28 
4632	82 
4633	42 
4634	38 
4635	25 
4636	91 
4637	5 
4638	88 
4639	92 
4640	79 
4641	72 
4642	53 
4643	8 
4644	51 
4645	1 
4646	82 
4647	3 
4648	79 
4649	21 
4650	93 
4651	90 
4652	100 
4653	49 
4654	2 
4655	15 
4656	61 
4657	58 
4658	19 
4659	25 
4660	96 
4661	81 
4662	23 
4663	47 
4664	46 
4665	40 
4666	97 
4667	56 
4668	72 
4669	83 
4670	83 
4671	29 
4672	99 
4673	31 
4674	59 
4675	101 
4676	11 
4677	90 
4678	76 
4679	31 
4680	28 
4681	55 
4682	25 
4683	76 
4684	12 
4685	78 
4686	28 
4687	93 
4688	19 
4689	101 
4690	83 
4691	52 
4692	57 
4693	77 
4694	76 
4695	19 
4696	49 
4697	69 
4698	27 
4699	72 
4700	51 
4701	93 
4702	84 
4703	31 
4704	78 
4705	71 
4706	79 
4707	80 
4708	61 
4709	17 
4710	90 
4711	13 
4712	73 
4713	100 
4714	8 
4715	1 
4716	46 
4717	55 
4718	49 
4719	77 
4720	40 
4721	91 
4722	94 
4723	82 
4724	88 
4725	63 
4726	19 
4727	52 
4728	63 
4729	51 
4730	81 
4731	39 
4732	69 
4733	29 
4734	9 
4735	9 
4736	38 
4737	5 
4738	64 
4739	84 
4740	20 
4741	39 
4742	81 
4743	38 
4744	56 
4745	27 
4746	2 
4747	68 
4748	99 
4749	90 
4750	89 
4751	98 
4752	95 
4753	5 
4754	72 
4755	100 
4756	83 
4757	25 
4758	51 
4759	94 
4760	46 
4761	4 
4762	8 
4763	37 
4764	67 
4765	73 
4766	81 
4767	3 
4768	85 
4769	6 
4770	100 
4771	25 
4772	5 
4773	82 
4774	53 
4775	56 
4776	36 
4777	45 
4778	82 
4779	86 
4780	82 
4781	47 
4782	92 
4783	14 
4784	22 
4785	59 
4786	46 
4787	12 
4788	38 
4789	64 
4790	34 
4791	20 
4792	101 
4793	92 
4794	85 
4795	90 
4796	76 
4797	13 
4798	53 
4799	91 
4800	36 
4801	2 
4802	101 
4803	4 
4804	59 
4805	59 
4806	75 
4807	78 
4808	36 
4809	46 
4810	3 
4811	89 
4812	11 
4813	19 
4814	5 
4815	76 
4816	88 
4817	37 
4818	31 
4819	8 
4820	49 
4821	3 
4822	56 
4823	91 
4824	11 
4825	76 
4826	4 
4827	97 
4828	48 
4829	34 
4830	41 
4831	21 
4832	72 
4833	62 
4834	69 
4835	63 
4836	52 
4837	15 
4838	88 
4839	34 
4840	82 
4841	50 
4842	85 
4843	64 
4844	2 
4845	85 
4846	83 
4847	25 
4848	36 
4849	52 
4850	1 
4851	35 
4852	83 
4853	32 
4854	84 
4855	29 
4856	14 
4857	34 
4858	61 
4859	9 
4860	100 
4861	98 
4862	16 
4863	41 
4864	15 
4865	84 
4866	24 
4867	19 
4868	72 
4869	49 
4870	90 
4871	44 
4872	13 
4873	64 
4874	12 
4875	43 
4876	80 
4877	8 
4878	56 
4879	32 
4880	70 
4881	30 
4882	97 
4883	31 
4884	68 
4885	101 
4886	60 
4887	94 
4888	30 
4889	24 
4890	95 
4891	70 
4892	93 
4893	93 
4894	42 
4895	7 
4896	81 
4897	67 
4898	80 
4899	32 
4900	95 
4901	42 
4902	25 
4903	92 
4904	21 
4905	76 
4906	78 
4907	69 
4908	39 
4909	13 
4910	65 
4911	95 
4912	51 
4913	79 
4914	19 
4915	8 
4916	51 
4917	60 
4918	88 
4919	19 
4920	90 
4921	88 
4922	30 
4923	82 
4924	76 
4925	1 
4926	60 
4927	53 
4928	68 
4929	64 
4930	82 
4931	81 
4932	25 
4933	33 
4934	60 
4935	88 
4936	21 
4937	83 
4938	79 
4939	98 
4940	52 
4941	88 
4942	88 
4943	80 
4944	59 
4945	88 
4946	68 
4947	57 
4948	34 
4949	14 
4950	53 
4951	56 
4952	87 
4953	1 
4954	25 
4955	91 
4956	27 
4957	38 
4958	67 
4959	3 
4960	14 
4961	76 
4962	15 
4963	61 
4964	93 
4965	23 
4966	6 
4967	52 
4968	39 
4969	34 
4970	12 
4971	7 
4972	45 
4973	12 
4974	28 
4975	38 
4976	100 
4977	2 
4978	95 
4979	21 
4980	6 
4981	72 
4982	16 
4983	3 
4984	81 
4985	72 
4986	57 
4987	68 
4988	78 
4989	57 
4990	60 
4991	13 
4992	60 
4993	27 
4994	15 
4995	55 
4996	21 
4997	60 
4998	95 
4999	91 
5000	34 
