1	41 
2	79 
3	47 
4	93 
5	75 
6	56 
7	19 
8	50 
9	17 
10	63 
11	78 
12	15 
13	62 
14	3 
15	32 
16	54 
17	79 
18	20 
19	74 
20	29 
21	92 
22	15 
23	65 
24	3 
25	14 
26	93 
27	30 
28	5 
29	22 
30	67 
31	57 
32	70 
33	9 
34	60 
35	18 
36	79 
37	5 
38	40 
39	10 
40	45 
41	41 
42	26 
43	31 
44	52 
45	18 
46	64 
47	93 
48	21 
49	56 
50	18 
51	66 
52	81 
53	92 
54	3 
55	20 
56	87 
57	31 
58	21 
59	3 
60	61 
61	28 
62	6 
63	81 
64	55 
65	17 
66	93 
67	3 
68	48 
69	47 
70	9 
71	20 
72	65 
73	79 
74	83 
75	56 
76	18 
77	4 
78	37 
79	51 
80	73 
81	33 
82	75 
83	63 
84	2 
85	36 
86	21 
87	78 
88	20 
89	81 
90	10 
91	82 
92	62 
93	50 
94	71 
95	47 
96	89 
97	72 
98	17 
99	89 
100	89 
101	38 
102	87 
103	30 
104	44 
105	72 
106	15 
107	36 
108	43 
109	41 
110	81 
111	3 
112	86 
113	42 
114	10 
115	19 
116	55 
117	37 
118	15 
119	54 
120	47 
121	65 
122	92 
123	29 
124	62 
125	69 
126	32 
127	43 
128	10 
129	91 
130	3 
131	69 
132	92 
133	51 
134	36 
135	76 
136	94 
137	81 
138	83 
139	56 
140	14 
141	49 
142	93 
143	41 
144	43 
145	91 
146	33 
147	34 
148	70 
149	80 
150	37 
151	80 
152	80 
153	36 
154	73 
155	59 
156	73 
157	69 
158	70 
159	27 
160	37 
161	24 
162	55 
163	88 
164	32 
165	15 
166	65 
167	77 
168	88 
169	76 
170	33 
171	41 
172	20 
173	2 
174	73 
175	58 
176	20 
177	72 
178	81 
179	65 
180	65 
181	80 
182	21 
183	28 
184	56 
185	46 
186	34 
187	81 
188	75 
189	62 
190	65 
191	15 
192	45 
193	70 
194	23 
195	75 
196	19 
197	24 
198	88 
199	69 
200	92 
201	58 
202	58 
203	13 
204	81 
205	75 
206	31 
207	41 
208	72 
209	51 
210	23 
211	31 
212	65 
213	21 
214	22 
215	93 
216	2 
217	35 
218	61 
219	2 
220	71 
221	25 
222	8 
223	68 
224	87 
225	66 
226	79 
227	61 
228	26 
229	43 
230	83 
231	28 
232	39 
233	47 
234	65 
235	2 
236	7 
237	20 
238	45 
239	92 
240	79 
241	27 
242	8 
243	11 
244	3 
245	68 
246	31 
247	66 
248	11 
249	51 
250	53 
251	79 
252	88 
253	31 
254	29 
255	75 
256	13 
257	15 
258	20 
259	89 
260	24 
261	25 
262	54 
263	42 
264	79 
265	44 
266	69 
267	57 
268	37 
269	73 
270	30 
271	88 
272	3 
273	94 
274	38 
275	36 
276	63 
277	60 
278	66 
279	69 
280	6 
281	58 
282	64 
283	69 
284	52 
285	82 
286	15 
287	78 
288	89 
289	18 
290	54 
291	75 
292	43 
293	72 
294	36 
295	49 
296	12 
297	8 
298	4 
299	4 
300	87 
301	71 
302	27 
303	46 
304	69 
305	17 
306	61 
307	89 
308	47 
309	84 
310	29 
311	3 
312	20 
313	34 
314	47 
315	79 
316	72 
317	64 
318	17 
319	41 
320	6 
321	47 
322	11 
323	88 
324	82 
325	54 
326	51 
327	29 
328	76 
329	71 
330	38 
331	89 
332	20 
333	62 
334	33 
335	22 
336	12 
337	8 
338	94 
339	33 
340	57 
341	49 
342	25 
343	18 
344	25 
345	69 
346	56 
347	6 
348	31 
349	5 
350	3 
351	3 
352	16 
353	29 
354	13 
355	51 
356	79 
357	45 
358	70 
359	54 
360	54 
361	1 
362	93 
363	51 
364	69 
365	43 
366	76 
367	24 
368	36 
369	82 
370	30 
371	34 
372	29 
373	33 
374	63 
375	81 
376	15 
377	56 
378	51 
379	73 
380	51 
381	88 
382	51 
383	45 
384	52 
385	29 
386	51 
387	69 
388	72 
389	2 
390	65 
391	1 
392	9 
393	63 
394	59 
395	68 
396	88 
397	24 
398	45 
399	8 
400	38 
401	9 
402	56 
403	9 
404	39 
405	64 
406	47 
407	75 
408	2 
409	20 
410	30 
411	4 
412	69 
413	26 
414	75 
415	56 
416	92 
417	74 
418	92 
419	87 
420	52 
421	70 
422	88 
423	27 
424	73 
425	15 
426	20 
427	69 
428	51 
429	61 
430	29 
431	70 
432	89 
433	56 
434	6 
435	84 
436	65 
437	49 
438	15 
439	78 
440	64 
441	44 
442	48 
443	57 
444	12 
445	92 
446	92 
447	4 
448	52 
449	2 
450	47 
451	31 
452	69 
453	69 
454	71 
455	93 
456	69 
457	15 
458	51 
459	15 
460	34 
461	45 
462	12 
463	81 
464	46 
465	31 
466	56 
467	19 
468	70 
469	7 
470	41 
471	65 
472	7 
473	31 
474	9 
475	37 
476	13 
477	90 
478	80 
479	73 
480	93 
481	31 
482	2 
483	32 
484	89 
485	36 
486	24 
487	57 
488	39 
489	64 
490	11 
491	61 
492	15 
493	29 
494	89 
495	8 
496	66 
497	12 
498	89 
499	72 
500	40 
501	70 
502	93 
503	81 
504	29 
505	10 
506	31 
507	7 
508	24 
509	94 
510	2 
511	82 
512	29 
513	39 
514	2 
515	61 
516	57 
517	81 
518	28 
519	62 
520	85 
521	61 
522	45 
523	68 
524	62 
525	73 
526	31 
527	88 
528	73 
529	86 
530	71 
531	61 
532	31 
533	59 
534	93 
535	9 
536	76 
537	10 
538	2 
539	93 
540	70 
541	84 
542	83 
543	16 
544	29 
545	85 
546	37 
547	37 
548	31 
549	9 
550	71 
551	2 
552	2 
553	85 
554	88 
555	37 
556	6 
557	78 
558	84 
559	12 
560	55 
561	42 
562	62 
563	43 
564	4 
565	4 
566	69 
567	18 
568	44 
569	8 
570	92 
571	14 
572	75 
573	72 
574	80 
575	12 
576	80 
577	21 
578	18 
579	64 
580	66 
581	2 
582	6 
583	83 
584	9 
585	10 
586	78 
587	2 
588	81 
589	46 
590	19 
591	29 
592	93 
593	7 
594	31 
595	91 
596	67 
597	64 
598	45 
599	72 
600	81 
601	3 
602	88 
603	92 
604	52 
605	31 
606	2 
607	77 
608	28 
609	4 
610	21 
611	45 
612	92 
613	52 
614	27 
615	80 
616	15 
617	4 
618	3 
619	71 
620	88 
621	18 
622	54 
623	84 
624	24 
625	54 
626	21 
627	89 
628	2 
629	12 
630	79 
631	63 
632	20 
633	63 
634	71 
635	70 
636	78 
637	34 
638	94 
639	87 
640	15 
641	45 
642	38 
643	56 
644	73 
645	3 
646	18 
647	49 
648	30 
649	50 
650	65 
651	44 
652	78 
653	37 
654	3 
655	69 
656	94 
657	51 
658	75 
659	65 
660	67 
661	12 
662	36 
663	41 
664	24 
665	3 
666	31 
667	56 
668	2 
669	24 
670	9 
671	54 
672	79 
673	70 
674	61 
675	59 
676	1 
677	65 
678	66 
679	70 
680	67 
681	22 
682	38 
683	25 
684	93 
685	47 
686	17 
687	66 
688	37 
689	28 
690	41 
691	43 
692	71 
693	64 
694	59 
695	54 
696	83 
697	19 
698	42 
699	33 
700	81 
701	12 
702	72 
703	73 
704	2 
705	75 
706	47 
707	44 
708	45 
709	59 
710	69 
711	93 
712	24 
713	41 
714	75 
715	75 
716	57 
717	58 
718	89 
719	12 
720	3 
721	88 
722	94 
723	79 
724	56 
725	2 
726	38 
727	35 
728	42 
729	42 
730	45 
731	47 
732	15 
733	3 
734	75 
735	81 
736	19 
737	32 
738	37 
739	80 
740	1 
741	24 
742	5 
743	81 
744	80 
745	93 
746	20 
747	65 
748	49 
749	21 
750	62 
751	56 
752	42 
753	59 
754	29 
755	53 
756	63 
757	68 
758	11 
759	47 
760	45 
761	78 
762	83 
763	80 
764	55 
765	4 
766	65 
767	19 
768	51 
769	81 
770	16 
771	29 
772	47 
773	5 
774	20 
775	90 
776	21 
777	41 
778	89 
779	88 
780	37 
781	71 
782	22 
783	44 
784	21 
785	84 
786	36 
787	40 
788	63 
789	57 
790	54 
791	56 
792	47 
793	89 
794	91 
795	5 
796	73 
797	8 
798	90 
799	73 
800	2 
801	61 
802	72 
803	32 
804	55 
805	9 
806	66 
807	45 
808	68 
809	81 
810	59 
811	54 
812	24 
813	31 
814	51 
815	54 
816	91 
817	79 
818	83 
819	16 
820	76 
821	21 
822	42 
823	30 
824	46 
825	5 
826	21 
827	31 
828	88 
829	20 
830	54 
831	27 
832	93 
833	75 
834	18 
835	21 
836	33 
837	1 
838	20 
839	79 
840	30 
841	68 
842	83 
843	33 
844	32 
845	2 
846	39 
847	88 
848	11 
849	67 
850	86 
851	12 
852	8 
853	72 
854	93 
855	70 
856	45 
857	54 
858	45 
859	51 
860	89 
861	43 
862	54 
863	16 
864	10 
865	42 
866	76 
867	53 
868	2 
869	78 
870	56 
871	77 
872	39 
873	47 
874	72 
875	28 
876	38 
877	55 
878	16 
879	80 
880	47 
881	92 
882	79 
883	33 
884	71 
885	51 
886	51 
887	49 
888	80 
889	9 
890	79 
891	93 
892	21 
893	3 
894	93 
895	77 
896	65 
897	89 
898	27 
899	89 
900	88 
901	51 
902	21 
903	83 
904	26 
905	65 
906	45 
907	15 
908	68 
909	64 
910	71 
911	41 
912	22 
913	49 
914	57 
915	14 
916	49 
917	66 
918	80 
919	27 
920	31 
921	24 
922	64 
923	75 
924	9 
925	5 
926	84 
927	32 
928	59 
929	21 
930	63 
931	2 
932	31 
933	65 
934	10 
935	37 
936	54 
937	83 
938	75 
939	51 
940	46 
941	67 
942	63 
943	25 
944	49 
945	61 
946	65 
947	73 
948	72 
949	15 
950	12 
951	31 
952	79 
953	47 
954	86 
955	33 
956	41 
957	54 
958	10 
959	23 
960	3 
961	23 
962	88 
963	34 
964	63 
965	8 
966	92 
967	63 
968	51 
969	13 
970	88 
971	65 
972	47 
973	51 
974	93 
975	54 
976	81 
977	32 
978	31 
979	71 
980	65 
981	2 
982	4 
983	45 
984	21 
985	26 
986	69 
987	75 
988	3 
989	88 
990	31 
991	88 
992	12 
993	93 
994	64 
995	11 
996	86 
997	85 
998	78 
999	76 
1000	27 
1001	42 
1002	27 
1003	20 
1004	12 
1005	63 
1006	92 
1007	31 
1008	20 
1009	79 
1010	76 
1011	29 
1012	65 
1013	24 
1014	46 
1015	62 
1016	68 
1017	37 
1018	15 
1019	54 
1020	24 
1021	76 
1022	42 
1023	72 
1024	60 
1025	27 
1026	21 
1027	68 
1028	63 
1029	35 
1030	63 
1031	29 
1032	82 
1033	80 
1034	29 
1035	28 
1036	60 
1037	33 
1038	81 
1039	20 
1040	24 
1041	12 
1042	89 
1043	49 
1044	72 
1045	80 
1046	70 
1047	46 
1048	67 
1049	54 
1050	7 
1051	72 
1052	21 
1053	46 
1054	29 
1055	53 
1056	94 
1057	92 
1058	65 
1059	93 
1060	93 
1061	84 
1062	78 
1063	39 
1064	61 
1065	23 
1066	16 
1067	33 
1068	87 
1069	45 
1070	8 
1071	70 
1072	18 
1073	76 
1074	88 
1075	22 
1076	20 
1077	55 
1078	47 
1079	93 
1080	47 
1081	71 
1082	71 
1083	51 
1084	63 
1085	24 
1086	74 
1087	57 
1088	78 
1089	54 
1090	79 
1091	66 
1092	23 
1093	28 
1094	71 
1095	73 
1096	74 
1097	3 
1098	85 
1099	45 
1100	40 
1101	67 
1102	18 
1103	77 
1104	19 
1105	46 
1106	11 
1107	21 
1108	24 
1109	79 
1110	46 
1111	33 
1112	92 
1113	87 
1114	19 
1115	81 
1116	19 
1117	75 
1118	34 
1119	75 
1120	9 
1121	69 
1122	71 
1123	51 
1124	18 
1125	75 
1126	84 
1127	51 
1128	86 
1129	54 
1130	17 
1131	55 
1132	31 
1133	88 
1134	80 
1135	33 
1136	69 
1137	34 
1138	12 
1139	38 
1140	43 
1141	72 
1142	75 
1143	91 
1144	80 
1145	69 
1146	92 
1147	3 
1148	41 
1149	12 
1150	88 
1151	58 
1152	29 
1153	92 
1154	38 
1155	59 
1156	31 
1157	50 
1158	33 
1159	37 
1160	32 
1161	88 
1162	34 
1163	45 
1164	32 
1165	42 
1166	81 
1167	89 
1168	2 
1169	29 
1170	9 
1171	2 
1172	80 
1173	78 
1174	12 
1175	17 
1176	47 
1177	33 
1178	76 
1179	5 
1180	7 
1181	25 
1182	82 
1183	29 
1184	53 
1185	79 
1186	63 
1187	35 
1188	22 
1189	18 
1190	59 
1191	81 
1192	33 
1193	2 
1194	70 
1195	80 
1196	68 
1197	61 
1198	94 
1199	45 
1200	33 
1201	80 
1202	60 
1203	89 
1204	63 
1205	82 
1206	92 
1207	27 
1208	63 
1209	50 
1210	12 
1211	12 
1212	21 
1213	37 
1214	31 
1215	83 
1216	24 
1217	78 
1218	65 
1219	24 
1220	9 
1221	69 
1222	64 
1223	29 
1224	20 
1225	83 
1226	79 
1227	6 
1228	18 
1229	84 
1230	76 
1231	78 
1232	25 
1233	2 
1234	72 
1235	73 
1236	75 
1237	26 
1238	26 
1239	3 
1240	46 
1241	65 
1242	54 
1243	17 
1244	37 
1245	91 
1246	12 
1247	51 
1248	89 
1249	37 
1250	55 
1251	65 
1252	51 
1253	28 
1254	79 
1255	79 
1256	83 
1257	72 
1258	47 
1259	75 
1260	35 
1261	80 
1262	62 
1263	66 
1264	72 
1265	50 
1266	47 
1267	44 
1268	62 
1269	84 
1270	54 
1271	75 
1272	47 
1273	29 
1274	21 
1275	54 
1276	73 
1277	6 
1278	93 
1279	45 
1280	36 
1281	10 
1282	87 
1283	26 
1284	72 
1285	49 
1286	37 
1287	4 
1288	46 
1289	81 
1290	63 
1291	45 
1292	15 
1293	77 
1294	27 
1295	76 
1296	87 
1297	7 
1298	21 
1299	45 
1300	16 
1301	41 
1302	20 
1303	59 
1304	4 
1305	84 
1306	41 
1307	10 
1308	43 
1309	72 
1310	12 
1311	84 
1312	74 
1313	54 
1314	28 
1315	61 
1316	21 
1317	45 
1318	92 
1319	75 
1320	50 
1321	36 
1322	53 
1323	71 
1324	89 
1325	51 
1326	34 
1327	71 
1328	11 
1329	92 
1330	80 
1331	71 
1332	88 
1333	38 
1334	2 
1335	2 
1336	80 
1337	72 
1338	88 
1339	29 
1340	81 
1341	12 
1342	57 
1343	31 
1344	92 
1345	59 
1346	81 
1347	37 
1348	53 
1349	54 
1350	72 
1351	93 
1352	76 
1353	47 
1354	43 
1355	79 
1356	76 
1357	92 
1358	65 
1359	82 
1360	43 
1361	24 
1362	71 
1363	37 
1364	34 
1365	69 
1366	41 
1367	12 
1368	14 
1369	4 
1370	30 
1371	72 
1372	20 
1373	21 
1374	69 
1375	59 
1376	3 
1377	80 
1378	85 
1379	74 
1380	5 
1381	92 
1382	70 
1383	3 
1384	26 
1385	28 
1386	92 
1387	80 
1388	73 
1389	59 
1390	71 
1391	52 
1392	39 
1393	51 
1394	1 
1395	69 
1396	24 
1397	63 
1398	74 
1399	46 
1400	48 
1401	78 
1402	37 
1403	29 
1404	29 
1405	90 
1406	57 
1407	21 
1408	71 
1409	2 
1410	72 
1411	9 
1412	83 
1413	54 
1414	63 
1415	19 
1416	44 
1417	87 
1418	79 
1419	66 
1420	69 
1421	6 
1422	30 
1423	51 
1424	4 
1425	15 
1426	88 
1427	57 
1428	58 
1429	50 
1430	45 
1431	3 
1432	33 
1433	24 
1434	32 
1435	69 
1436	38 
1437	66 
1438	41 
1439	91 
1440	26 
1441	14 
1442	5 
1443	53 
1444	11 
1445	60 
1446	8 
1447	84 
1448	30 
1449	52 
1450	88 
1451	79 
1452	7 
1453	46 
1454	80 
1455	65 
1456	49 
1457	2 
1458	21 
1459	21 
1460	18 
1461	34 
1462	18 
1463	72 
1464	32 
1465	50 
1466	90 
1467	61 
1468	37 
1469	4 
1470	58 
1471	15 
1472	69 
1473	36 
1474	65 
1475	70 
1476	58 
1477	20 
1478	13 
1479	55 
1480	39 
1481	81 
1482	12 
1483	54 
1484	87 
1485	46 
1486	30 
1487	40 
1488	88 
1489	88 
1490	75 
1491	63 
1492	41 
1493	51 
1494	41 
1495	71 
1496	24 
1497	88 
1498	63 
1499	37 
1500	11 
1501	89 
1502	55 
1503	21 
1504	21 
1505	66 
1506	88 
1507	52 
1508	72 
1509	5 
1510	44 
1511	65 
1512	41 
1513	81 
1514	83 
1515	13 
1516	3 
1517	58 
1518	37 
1519	46 
1520	45 
1521	37 
1522	47 
1523	45 
1524	47 
1525	34 
1526	10 
1527	24 
1528	92 
1529	42 
1530	69 
1531	53 
1532	28 
1533	14 
1534	22 
1535	18 
1536	84 
1537	27 
1538	83 
1539	34 
1540	9 
1541	23 
1542	87 
1543	27 
1544	33 
1545	11 
1546	29 
1547	35 
1548	72 
1549	12 
1550	21 
1551	8 
1552	62 
1553	61 
1554	70 
1555	24 
1556	47 
1557	31 
1558	32 
1559	49 
1560	18 
1561	3 
1562	62 
1563	89 
1564	12 
1565	40 
1566	94 
1567	18 
1568	73 
1569	20 
1570	37 
1571	5 
1572	94 
1573	17 
1574	92 
1575	2 
1576	66 
1577	3 
1578	84 
1579	49 
1580	71 
1581	84 
1582	46 
1583	89 
1584	55 
1585	46 
1586	74 
1587	51 
1588	20 
1589	54 
1590	51 
1591	93 
1592	34 
1593	40 
1594	85 
1595	61 
1596	74 
1597	88 
1598	56 
1599	39 
1600	41 
1601	2 
1602	9 
1603	66 
1604	47 
1605	51 
1606	93 
1607	72 
1608	42 
1609	9 
1610	83 
1611	42 
1612	45 
1613	21 
1614	75 
1615	80 
1616	56 
1617	92 
1618	89 
1619	10 
1620	18 
1621	7 
1622	57 
1623	51 
1624	17 
1625	75 
1626	65 
1627	43 
1628	73 
1629	10 
1630	61 
1631	59 
1632	7 
1633	21 
1634	76 
1635	63 
1636	24 
1637	70 
1638	72 
1639	88 
1640	7 
1641	33 
1642	94 
1643	33 
1644	9 
1645	89 
1646	51 
1647	46 
1648	90 
1649	89 
1650	81 
1651	40 
1652	56 
1653	70 
1654	16 
1655	45 
1656	83 
1657	5 
1658	19 
1659	33 
1660	73 
1661	32 
1662	31 
1663	66 
1664	59 
1665	93 
1666	61 
1667	63 
1668	68 
1669	28 
1670	8 
1671	29 
1672	92 
1673	75 
1674	22 
1675	80 
1676	43 
1677	28 
1678	21 
1679	14 
1680	82 
1681	43 
1682	72 
1683	66 
1684	86 
1685	63 
1686	92 
1687	81 
1688	72 
1689	93 
1690	52 
1691	74 
1692	55 
1693	71 
1694	6 
1695	76 
1696	71 
1697	56 
1698	31 
1699	65 
1700	2 
1701	11 
1702	4 
1703	51 
1704	72 
1705	64 
1706	13 
1707	89 
1708	18 
1709	2 
1710	21 
1711	12 
1712	36 
1713	37 
1714	37 
1715	56 
1716	53 
1717	61 
1718	4 
1719	79 
1720	65 
1721	51 
1722	62 
1723	67 
1724	24 
1725	54 
1726	80 
1727	41 
1728	7 
1729	34 
1730	50 
1731	13 
1732	37 
1733	69 
1734	63 
1735	69 
1736	66 
1737	68 
1738	38 
1739	93 
1740	47 
1741	46 
1742	74 
1743	44 
1744	3 
1745	5 
1746	20 
1747	3 
1748	20 
1749	59 
1750	23 
1751	93 
1752	70 
1753	83 
1754	92 
1755	78 
1756	32 
1757	41 
1758	28 
1759	91 
1760	8 
1761	42 
1762	81 
1763	61 
1764	73 
1765	28 
1766	12 
1767	65 
1768	93 
1769	61 
1770	89 
1771	36 
1772	93 
1773	28 
1774	2 
1775	90 
1776	94 
1777	69 
1778	36 
1779	48 
1780	79 
1781	93 
1782	3 
1783	66 
1784	78 
1785	25 
1786	71 
1787	42 
1788	47 
1789	81 
1790	29 
1791	20 
1792	62 
1793	72 
1794	79 
1795	79 
1796	65 
1797	63 
1798	69 
1799	31 
1800	42 
1801	45 
1802	88 
1803	19 
1804	91 
1805	87 
1806	52 
1807	23 
1808	33 
1809	52 
1810	83 
1811	71 
1812	38 
1813	70 
1814	48 
1815	24 
1816	75 
1817	35 
1818	41 
1819	41 
1820	34 
1821	12 
1822	47 
1823	79 
1824	89 
1825	51 
1826	70 
1827	33 
1828	69 
1829	17 
1830	34 
1831	60 
1832	31 
1833	25 
1834	65 
1835	83 
1836	31 
1837	54 
1838	52 
1839	71 
1840	9 
1841	89 
1842	11 
1843	71 
1844	75 
1845	16 
1846	69 
1847	15 
1848	63 
1849	28 
1850	21 
1851	69 
1852	37 
1853	31 
1854	15 
1855	72 
1856	31 
1857	52 
1858	33 
1859	2 
1860	2 
1861	33 
1862	26 
1863	73 
1864	27 
1865	89 
1866	81 
1867	88 
1868	21 
1869	84 
1870	6 
1871	61 
1872	38 
1873	27 
1874	88 
1875	92 
1876	70 
1877	31 
1878	50 
1879	20 
1880	33 
1881	4 
1882	13 
1883	75 
1884	55 
1885	67 
1886	37 
1887	41 
1888	24 
1889	41 
1890	35 
1891	11 
1892	64 
1893	86 
1894	89 
1895	28 
1896	12 
1897	68 
1898	36 
1899	72 
1900	52 
1901	18 
1902	16 
1903	79 
1904	79 
1905	13 
1906	45 
1907	19 
1908	49 
1909	54 
1910	54 
1911	9 
1912	29 
1913	24 
1914	10 
1915	89 
1916	27 
1917	73 
1918	36 
1919	77 
1920	85 
1921	54 
1922	39 
1923	31 
1924	54 
1925	33 
1926	66 
1927	2 
1928	54 
1929	20 
1930	56 
1931	7 
1932	63 
1933	41 
1934	64 
1935	81 
1936	75 
1937	47 
1938	5 
1939	69 
1940	56 
1941	10 
1942	27 
1943	4 
1944	71 
1945	39 
1946	46 
1947	2 
1948	24 
1949	46 
1950	65 
1951	62 
1952	36 
1953	59 
1954	18 
1955	71 
1956	13 
1957	74 
1958	41 
1959	31 
1960	85 
1961	33 
1962	3 
1963	85 
1964	27 
1965	20 
1966	64 
1967	76 
1968	69 
1969	47 
1970	35 
1971	87 
1972	49 
1973	30 
1974	46 
1975	88 
1976	58 
1977	38 
1978	33 
1979	65 
1980	93 
1981	23 
1982	19 
1983	62 
1984	83 
1985	64 
1986	78 
1987	70 
1988	47 
1989	47 
1990	78 
1991	4 
1992	68 
1993	92 
1994	31 
1995	61 
1996	92 
1997	29 
1998	3 
1999	94 
2000	47 
2001	94 
2002	31 
2003	2 
2004	15 
2005	76 
2006	38 
2007	50 
2008	3 
2009	34 
2010	34 
2011	55 
2012	25 
2013	55 
2014	5 
2015	10 
2016	93 
2017	29 
2018	70 
2019	75 
2020	89 
2021	8 
2022	5 
2023	54 
2024	83 
2025	18 
2026	44 
2027	83 
2028	56 
2029	20 
2030	75 
2031	88 
2032	71 
2033	41 
2034	6 
2035	18 
2036	93 
2037	44 
2038	46 
2039	31 
2040	56 
2041	80 
2042	34 
2043	27 
2044	66 
2045	71 
2046	18 
2047	35 
2048	82 
2049	21 
2050	64 
2051	78 
2052	65 
2053	65 
2054	88 
2055	24 
2056	81 
2057	34 
2058	1 
2059	46 
2060	54 
2061	47 
2062	31 
2063	50 
2064	12 
2065	20 
2066	3 
2067	10 
2068	89 
2069	48 
2070	72 
2071	72 
2072	66 
2073	51 
2074	70 
2075	45 
2076	34 
2077	3 
2078	75 
2079	79 
2080	41 
2081	54 
2082	56 
2083	21 
2084	71 
2085	83 
2086	89 
2087	32 
2088	37 
2089	69 
2090	13 
2091	49 
2092	51 
2093	71 
2094	75 
2095	94 
2096	49 
2097	37 
2098	81 
2099	8 
2100	72 
2101	68 
2102	69 
2103	60 
2104	48 
2105	37 
2106	75 
2107	15 
2108	41 
2109	78 
2110	71 
2111	65 
2112	57 
2113	80 
2114	23 
2115	51 
2116	3 
2117	37 
2118	37 
2119	77 
2120	57 
2121	89 
2122	89 
2123	84 
2124	19 
2125	89 
2126	77 
2127	92 
2128	63 
2129	54 
2130	65 
2131	8 
2132	74 
2133	80 
2134	79 
2135	80 
2136	16 
2137	49 
2138	16 
2139	70 
2140	54 
2141	78 
2142	71 
2143	75 
2144	84 
2145	41 
2146	76 
2147	66 
2148	73 
2149	58 
2150	71 
2151	15 
2152	55 
2153	21 
2154	72 
2155	73 
2156	80 
2157	13 
2158	89 
2159	81 
2160	63 
2161	94 
2162	8 
2163	15 
2164	89 
2165	66 
2166	28 
2167	31 
2168	16 
2169	88 
2170	9 
2171	83 
2172	63 
2173	57 
2174	24 
2175	14 
2176	67 
2177	88 
2178	94 
2179	79 
2180	87 
2181	37 
2182	7 
2183	82 
2184	2 
2185	41 
2186	3 
2187	57 
2188	33 
2189	88 
2190	48 
2191	78 
2192	29 
2193	20 
2194	69 
2195	24 
2196	62 
2197	21 
2198	29 
2199	2 
2200	29 
2201	70 
2202	81 
2203	85 
2204	81 
2205	7 
2206	4 
2207	69 
2208	83 
2209	63 
2210	54 
2211	72 
2212	75 
2213	13 
2214	86 
2215	93 
2216	55 
2217	72 
2218	71 
2219	54 
2220	20 
2221	20 
2222	67 
2223	66 
2224	22 
2225	31 
2226	79 
2227	93 
2228	15 
2229	31 
2230	6 
2231	59 
2232	40 
2233	2 
2234	21 
2235	65 
2236	16 
2237	63 
2238	93 
2239	27 
2240	43 
2241	54 
2242	19 
2243	47 
2244	33 
2245	65 
2246	37 
2247	79 
2248	83 
2249	38 
2250	75 
2251	71 
2252	74 
2253	24 
2254	71 
2255	88 
2256	68 
2257	62 
2258	24 
2259	24 
2260	77 
2261	45 
2262	10 
2263	54 
2264	29 
2265	1 
2266	21 
2267	37 
2268	56 
2269	2 
2270	41 
2271	90 
2272	61 
2273	80 
2274	20 
2275	53 
2276	40 
2277	88 
2278	32 
2279	31 
2280	32 
2281	71 
2282	37 
2283	46 
2284	20 
2285	5 
2286	75 
2287	72 
2288	71 
2289	21 
2290	63 
2291	12 
2292	31 
2293	71 
2294	19 
2295	16 
2296	43 
2297	87 
2298	41 
2299	65 
2300	78 
2301	69 
2302	45 
2303	18 
2304	83 
2305	4 
2306	86 
2307	54 
2308	2 
2309	21 
2310	24 
2311	47 
2312	2 
2313	58 
2314	18 
2315	93 
2316	9 
2317	62 
2318	93 
2319	2 
2320	31 
2321	40 
2322	69 
2323	15 
2324	83 
2325	45 
2326	47 
2327	12 
2328	75 
2329	92 
2330	30 
2331	48 
2332	61 
2333	76 
2334	38 
2335	21 
2336	26 
2337	62 
2338	51 
2339	72 
2340	89 
2341	70 
2342	37 
2343	15 
2344	3 
2345	88 
2346	20 
2347	41 
2348	27 
2349	21 
2350	46 
2351	5 
2352	62 
2353	82 
2354	20 
2355	42 
2356	76 
2357	86 
2358	37 
2359	93 
2360	2 
2361	83 
2362	79 
2363	89 
2364	69 
2365	19 
2366	89 
2367	93 
2368	34 
2369	54 
2370	31 
2371	84 
2372	41 
2373	79 
2374	64 
2375	68 
2376	63 
2377	24 
2378	78 
2379	71 
2380	62 
2381	86 
2382	93 
2383	44 
2384	37 
2385	91 
2386	69 
2387	63 
2388	8 
2389	24 
2390	31 
2391	2 
2392	66 
2393	51 
2394	63 
2395	34 
2396	82 
2397	76 
2398	81 
2399	46 
2400	46 
2401	5 
2402	51 
2403	2 
2404	11 
2405	58 
2406	44 
2407	57 
2408	46 
2409	67 
2410	4 
2411	49 
2412	63 
2413	91 
2414	34 
2415	92 
2416	72 
2417	31 
2418	20 
2419	7 
2420	4 
2421	23 
2422	20 
2423	15 
2424	48 
2425	78 
2426	30 
2427	27 
2428	82 
2429	53 
2430	72 
2431	28 
2432	51 
2433	45 
2434	20 
2435	26 
2436	28 
2437	10 
2438	72 
2439	49 
2440	82 
2441	31 
2442	37 
2443	71 
2444	29 
2445	82 
2446	86 
2447	25 
2448	81 
2449	88 
2450	50 
2451	48 
2452	83 
2453	80 
2454	79 
2455	37 
2456	77 
2457	33 
2458	78 
2459	23 
2460	2 
2461	59 
2462	12 
2463	18 
2464	47 
2465	31 
2466	51 
2467	89 
2468	22 
2469	14 
2470	43 
2471	31 
2472	51 
2473	74 
2474	33 
2475	69 
2476	68 
2477	93 
2478	51 
2479	68 
2480	92 
2481	37 
2482	18 
2483	25 
2484	40 
2485	15 
2486	93 
2487	75 
2488	70 
2489	32 
2490	4 
2491	94 
2492	13 
2493	35 
2494	54 
2495	31 
2496	72 
2497	1 
2498	9 
2499	84 
2500	34 
2501	8 
2502	82 
2503	24 
2504	9 
2505	74 
2506	2 
2507	27 
2508	9 
2509	82 
2510	27 
2511	59 
2512	4 
2513	71 
2514	37 
2515	79 
2516	34 
2517	79 
2518	54 
2519	5 
2520	53 
2521	6 
2522	54 
2523	89 
2524	84 
2525	37 
2526	6 
2527	34 
2528	37 
2529	86 
2530	8 
2531	51 
2532	93 
2533	77 
2534	33 
2535	73 
2536	94 
2537	30 
2538	13 
2539	26 
2540	84 
2541	29 
2542	20 
2543	12 
2544	79 
2545	22 
2546	31 
2547	30 
2548	41 
2549	94 
2550	80 
2551	37 
2552	94 
2553	39 
2554	47 
2555	51 
2556	87 
2557	94 
2558	21 
2559	73 
2560	44 
2561	74 
2562	85 
2563	20 
2564	49 
2565	65 
2566	24 
2567	70 
2568	38 
2569	73 
2570	72 
2571	11 
2572	47 
2573	67 
2574	81 
2575	92 
2576	21 
2577	72 
2578	45 
2579	85 
2580	75 
2581	45 
2582	29 
2583	14 
2584	80 
2585	78 
2586	29 
2587	81 
2588	11 
2589	72 
2590	92 
2591	29 
2592	46 
2593	47 
2594	52 
2595	20 
2596	65 
2597	45 
2598	89 
2599	12 
2600	54 
2601	15 
2602	72 
2603	89 
2604	70 
2605	54 
2606	16 
2607	20 
2608	49 
2609	3 
2610	33 
2611	66 
2612	81 
2613	66 
2614	71 
2615	51 
2616	54 
2617	34 
2618	93 
2619	3 
2620	20 
2621	52 
2622	50 
2623	23 
2624	68 
2625	20 
2626	93 
2627	79 
2628	89 
2629	84 
2630	54 
2631	69 
2632	57 
2633	68 
2634	10 
2635	76 
2636	79 
2637	22 
2638	2 
2639	21 
2640	79 
2641	78 
2642	4 
2643	65 
2644	37 
2645	32 
2646	1 
2647	49 
2648	38 
2649	20 
2650	17 
2651	2 
2652	69 
2653	69 
2654	18 
2655	63 
2656	14 
2657	80 
2658	80 
2659	60 
2660	69 
2661	84 
2662	51 
2663	17 
2664	93 
2665	41 
2666	94 
2667	79 
2668	78 
2669	32 
2670	78 
2671	15 
2672	70 
2673	47 
2674	12 
2675	74 
2676	92 
2677	93 
2678	11 
2679	8 
2680	64 
2681	63 
2682	10 
2683	29 
2684	73 
2685	43 
2686	44 
2687	92 
2688	2 
2689	20 
2690	51 
2691	76 
2692	74 
2693	88 
2694	16 
2695	72 
2696	67 
2697	54 
2698	88 
2699	43 
2700	31 
2701	53 
2702	68 
2703	12 
2704	79 
2705	4 
2706	59 
2707	83 
2708	15 
2709	13 
2710	47 
2711	89 
2712	34 
2713	24 
2714	38 
2715	24 
2716	32 
2717	52 
2718	78 
2719	29 
2720	20 
2721	29 
2722	49 
2723	74 
2724	47 
2725	21 
2726	73 
2727	81 
2728	79 
2729	21 
2730	57 
2731	70 
2732	41 
2733	35 
2734	75 
2735	21 
2736	62 
2737	62 
2738	36 
2739	71 
2740	33 
2741	27 
2742	88 
2743	27 
2744	27 
2745	37 
2746	54 
2747	69 
2748	79 
2749	8 
2750	70 
2751	4 
2752	72 
2753	54 
2754	15 
2755	69 
2756	50 
2757	57 
2758	71 
2759	74 
2760	78 
2761	89 
2762	33 
2763	79 
2764	67 
2765	65 
2766	50 
2767	88 
2768	75 
2769	88 
2770	29 
2771	63 
2772	30 
2773	46 
2774	2 
2775	7 
2776	81 
2777	21 
2778	4 
2779	63 
2780	50 
2781	45 
2782	8 
2783	87 
2784	11 
2785	57 
2786	29 
2787	71 
2788	75 
2789	92 
2790	8 
2791	37 
2792	28 
2793	12 
2794	63 
2795	80 
2796	41 
2797	92 
2798	34 
2799	63 
2800	16 
2801	81 
2802	12 
2803	33 
2804	47 
2805	63 
2806	74 
2807	52 
2808	91 
2809	42 
2810	93 
2811	67 
2812	68 
2813	88 
2814	44 
2815	79 
2816	88 
2817	39 
2818	13 
2819	20 
2820	63 
2821	80 
2822	65 
2823	92 
2824	28 
2825	51 
2826	65 
2827	69 
2828	44 
2829	33 
2830	53 
2831	55 
2832	60 
2833	72 
2834	21 
2835	48 
2836	79 
2837	4 
2838	68 
2839	4 
2840	59 
2841	27 
2842	24 
2843	85 
2844	81 
2845	89 
2846	65 
2847	75 
2848	56 
2849	59 
2850	89 
2851	79 
2852	41 
2853	9 
2854	49 
2855	20 
2856	78 
2857	46 
2858	7 
2859	47 
2860	57 
2861	17 
2862	51 
2863	54 
2864	93 
2865	92 
2866	50 
2867	64 
2868	14 
2869	84 
2870	33 
2871	37 
2872	29 
2873	24 
2874	29 
2875	58 
2876	18 
2877	66 
2878	46 
2879	6 
2880	76 
2881	76 
2882	31 
2883	65 
2884	51 
2885	37 
2886	10 
2887	31 
2888	62 
2889	47 
2890	51 
2891	70 
2892	34 
2893	75 
2894	58 
2895	33 
2896	29 
2897	88 
2898	78 
2899	81 
2900	79 
2901	3 
2902	71 
2903	54 
2904	60 
2905	79 
2906	16 
2907	65 
2908	93 
2909	47 
2910	57 
2911	71 
2912	27 
2913	19 
2914	65 
2915	75 
2916	69 
2917	41 
2918	89 
2919	75 
2920	3 
2921	26 
2922	59 
2923	73 
2924	75 
2925	92 
2926	75 
2927	12 
2928	37 
2929	75 
2930	70 
2931	69 
2932	51 
2933	27 
2934	51 
2935	88 
2936	27 
2937	88 
2938	75 
2939	4 
2940	41 
2941	68 
2942	81 
2943	36 
2944	78 
2945	51 
2946	75 
2947	29 
2948	90 
2949	29 
2950	84 
2951	37 
2952	21 
2953	63 
2954	81 
2955	8 
2956	92 
2957	20 
2958	65 
2959	53 
2960	78 
2961	19 
2962	10 
2963	90 
2964	57 
2965	23 
2966	28 
2967	37 
2968	3 
2969	9 
2970	38 
2971	87 
2972	81 
2973	27 
2974	70 
2975	74 
2976	92 
2977	71 
2978	74 
2979	43 
2980	61 
2981	28 
2982	74 
2983	93 
2984	26 
2985	12 
2986	81 
2987	81 
2988	10 
2989	63 
2990	24 
2991	83 
2992	56 
2993	63 
2994	36 
2995	44 
2996	72 
2997	25 
2998	82 
2999	81 
3000	51 
3001	47 
3002	89 
3003	93 
3004	55 
3005	86 
3006	3 
3007	6 
3008	72 
3009	73 
3010	20 
3011	4 
3012	84 
3013	37 
3014	20 
3015	90 
3016	12 
3017	47 
3018	69 
3019	84 
3020	27 
3021	38 
3022	42 
3023	88 
3024	71 
3025	66 
3026	47 
3027	81 
3028	29 
3029	72 
3030	42 
3031	92 
3032	9 
3033	81 
3034	43 
3035	52 
3036	14 
3037	41 
3038	9 
3039	51 
3040	63 
3041	16 
3042	70 
3043	79 
3044	24 
3045	76 
3046	50 
3047	84 
3048	69 
3049	17 
3050	39 
3051	41 
3052	22 
3053	55 
3054	60 
3055	78 
3056	75 
3057	70 
3058	65 
3059	31 
3060	86 
3061	56 
3062	47 
3063	61 
3064	79 
3065	2 
3066	69 
3067	76 
3068	62 
3069	60 
3070	38 
3071	57 
3072	2 
3073	15 
3074	89 
3075	16 
3076	83 
3077	88 
3078	92 
3079	4 
3080	46 
3081	76 
3082	29 
3083	9 
3084	41 
3085	27 
3086	3 
3087	11 
3088	51 
3089	27 
3090	12 
3091	92 
3092	42 
3093	62 
3094	75 
3095	88 
3096	47 
3097	47 
3098	21 
3099	78 
3100	84 
3101	77 
3102	79 
3103	75 
3104	53 
3105	26 
3106	88 
3107	20 
3108	76 
3109	32 
3110	74 
3111	73 
3112	86 
3113	30 
3114	11 
3115	10 
3116	87 
3117	20 
3118	76 
3119	47 
3120	45 
3121	20 
3122	37 
3123	22 
3124	75 
3125	3 
3126	36 
3127	45 
3128	86 
3129	12 
3130	24 
3131	45 
3132	20 
3133	57 
3134	81 
3135	84 
3136	54 
3137	94 
3138	79 
3139	1 
3140	12 
3141	62 
3142	70 
3143	18 
3144	69 
3145	2 
3146	86 
3147	76 
3148	64 
3149	79 
3150	92 
3151	63 
3152	50 
3153	71 
3154	51 
3155	45 
3156	9 
3157	75 
3158	37 
3159	71 
3160	54 
3161	44 
3162	88 
3163	52 
3164	75 
3165	88 
3166	63 
3167	43 
3168	18 
3169	19 
3170	15 
3171	13 
3172	21 
3173	75 
3174	51 
3175	37 
3176	54 
3177	71 
3178	19 
3179	90 
3180	37 
3181	84 
3182	54 
3183	12 
3184	3 
3185	88 
3186	36 
3187	75 
3188	94 
3189	86 
3190	6 
3191	93 
3192	41 
3193	36 
3194	51 
3195	33 
3196	54 
3197	72 
3198	15 
3199	47 
3200	7 
3201	21 
3202	63 
3203	87 
3204	44 
3205	77 
3206	49 
3207	41 
3208	50 
3209	35 
3210	54 
3211	82 
3212	34 
3213	84 
3214	71 
3215	10 
3216	61 
3217	31 
3218	10 
3219	43 
3220	89 
3221	2 
3222	1 
3223	67 
3224	89 
3225	3 
3226	72 
3227	47 
3228	33 
3229	54 
3230	34 
3231	63 
3232	37 
3233	68 
3234	62 
3235	58 
3236	69 
3237	12 
3238	21 
3239	81 
3240	12 
3241	74 
3242	8 
3243	53 
3244	86 
3245	10 
3246	21 
3247	46 
3248	54 
3249	52 
3250	37 
3251	73 
3252	73 
3253	83 
3254	1 
3255	71 
3256	36 
3257	18 
3258	61 
3259	89 
3260	52 
3261	69 
3262	79 
3263	38 
3264	2 
3265	29 
3266	71 
3267	50 
3268	70 
3269	54 
3270	41 
3271	12 
3272	87 
3273	57 
3274	71 
3275	88 
3276	18 
3277	65 
3278	92 
3279	57 
3280	29 
3281	78 
3282	51 
3283	43 
3284	92 
3285	9 
3286	40 
3287	58 
3288	36 
3289	46 
3290	34 
3291	24 
3292	76 
3293	35 
3294	59 
3295	24 
3296	70 
3297	63 
3298	2 
3299	39 
3300	34 
3301	21 
3302	12 
3303	65 
3304	18 
3305	87 
3306	19 
3307	2 
3308	86 
3309	45 
3310	2 
3311	79 
3312	68 
3313	61 
3314	30 
3315	66 
3316	38 
3317	68 
3318	5 
3319	83 
3320	26 
3321	37 
3322	12 
3323	33 
3324	36 
3325	61 
3326	24 
3327	70 
3328	89 
3329	9 
3330	92 
3331	31 
3332	12 
3333	73 
3334	26 
3335	81 
3336	75 
3337	37 
3338	50 
3339	36 
3340	65 
3341	76 
3342	93 
3343	11 
3344	43 
3345	41 
3346	69 
3347	88 
3348	63 
3349	92 
3350	4 
3351	25 
3352	55 
3353	50 
3354	33 
3355	30 
3356	87 
3357	3 
3358	79 
3359	37 
3360	27 
3361	91 
3362	47 
3363	87 
3364	1 
3365	88 
3366	24 
3367	51 
3368	63 
3369	72 
3370	32 
3371	65 
3372	7 
3373	24 
3374	64 
3375	41 
3376	11 
3377	23 
3378	33 
3379	74 
3380	64 
3381	63 
3382	72 
3383	53 
3384	37 
3385	7 
3386	8 
3387	24 
3388	94 
3389	80 
3390	20 
3391	89 
3392	75 
3393	4 
3394	48 
3395	92 
3396	83 
3397	30 
3398	10 
3399	31 
3400	81 
3401	84 
3402	88 
3403	79 
3404	80 
3405	51 
3406	92 
3407	56 
3408	54 
3409	19 
3410	76 
3411	81 
3412	5 
3413	93 
3414	33 
3415	51 
3416	47 
3417	51 
3418	60 
3419	29 
3420	21 
3421	88 
3422	80 
3423	44 
3424	2 
3425	20 
3426	20 
3427	39 
3428	72 
3429	54 
3430	47 
3431	23 
3432	32 
3433	47 
3434	54 
3435	33 
3436	11 
3437	3 
3438	80 
3439	3 
3440	66 
3441	36 
3442	54 
3443	28 
3444	13 
3445	63 
3446	85 
3447	63 
3448	31 
3449	89 
3450	51 
3451	72 
3452	48 
3453	88 
3454	61 
3455	71 
3456	2 
3457	33 
3458	65 
3459	65 
3460	24 
3461	73 
3462	86 
3463	3 
3464	39 
3465	66 
3466	83 
3467	64 
3468	88 
3469	31 
3470	35 
3471	30 
3472	3 
3473	8 
3474	79 
3475	82 
3476	89 
3477	37 
3478	45 
3479	62 
3480	63 
3481	61 
3482	50 
3483	27 
3484	72 
3485	90 
3486	43 
3487	31 
3488	67 
3489	70 
3490	29 
3491	80 
3492	41 
3493	30 
3494	76 
3495	66 
3496	90 
3497	15 
3498	89 
3499	19 
3500	12 
3501	34 
3502	93 
3503	4 
3504	47 
3505	40 
3506	71 
3507	82 
3508	79 
3509	12 
3510	70 
3511	50 
3512	46 
3513	43 
3514	84 
3515	7 
3516	39 
3517	53 
3518	65 
3519	83 
3520	74 
3521	78 
3522	89 
3523	56 
3524	45 
3525	32 
3526	74 
3527	1 
3528	71 
3529	27 
3530	38 
3531	16 
3532	90 
3533	12 
3534	29 
3535	81 
3536	31 
3537	47 
3538	27 
3539	42 
3540	13 
3541	4 
3542	83 
3543	55 
3544	75 
3545	78 
3546	20 
3547	80 
3548	51 
3549	21 
3550	2 
3551	29 
3552	65 
3553	54 
3554	75 
3555	39 
3556	63 
3557	2 
3558	69 
3559	71 
3560	8 
3561	78 
3562	74 
3563	54 
3564	72 
3565	2 
3566	24 
3567	65 
3568	10 
3569	78 
3570	80 
3571	21 
3572	45 
3573	94 
3574	81 
3575	88 
3576	34 
3577	89 
3578	92 
3579	51 
3580	53 
3581	2 
3582	81 
3583	70 
3584	35 
3585	34 
3586	89 
3587	21 
3588	49 
3589	69 
3590	55 
3591	45 
3592	75 
3593	22 
3594	81 
3595	57 
3596	60 
3597	10 
3598	33 
3599	74 
3600	36 
3601	29 
3602	87 
3603	41 
3604	51 
3605	84 
3606	44 
3607	63 
3608	72 
3609	48 
3610	71 
3611	10 
3612	33 
3613	1 
3614	47 
3615	26 
3616	14 
3617	32 
3618	31 
3619	81 
3620	31 
3621	62 
3622	24 
3623	53 
3624	13 
3625	54 
3626	14 
3627	32 
3628	40 
3629	9 
3630	53 
3631	88 
3632	72 
3633	81 
3634	88 
3635	37 
3636	46 
3637	61 
3638	54 
3639	26 
3640	47 
3641	88 
3642	70 
3643	76 
3644	34 
3645	2 
3646	69 
3647	9 
3648	52 
3649	81 
3650	20 
3651	49 
3652	41 
3653	92 
3654	10 
3655	20 
3656	10 
3657	90 
3658	86 
3659	49 
3660	56 
3661	92 
3662	58 
3663	81 
3664	31 
3665	93 
3666	89 
3667	63 
3668	70 
3669	68 
3670	42 
3671	66 
3672	47 
3673	92 
3674	37 
3675	49 
3676	63 
3677	34 
3678	64 
3679	6 
3680	72 
3681	83 
3682	58 
3683	50 
3684	20 
3685	39 
3686	68 
3687	92 
3688	81 
3689	19 
3690	18 
3691	12 
3692	28 
3693	14 
3694	27 
3695	18 
3696	46 
3697	35 
3698	71 
3699	6 
3700	12 
3701	81 
3702	9 
3703	20 
3704	2 
3705	60 
3706	65 
3707	9 
3708	73 
3709	81 
3710	3 
3711	88 
3712	40 
3713	92 
3714	17 
3715	42 
3716	69 
3717	61 
3718	87 
3719	1 
3720	41 
3721	53 
3722	66 
3723	11 
3724	33 
3725	74 
3726	36 
3727	21 
3728	69 
3729	88 
3730	24 
3731	71 
3732	89 
3733	71 
3734	52 
3735	72 
3736	59 
3737	65 
3738	38 
3739	78 
3740	73 
3741	77 
3742	16 
3743	51 
3744	69 
3745	92 
3746	3 
3747	43 
3748	49 
3749	9 
3750	93 
3751	93 
3752	28 
3753	47 
3754	94 
3755	27 
3756	82 
3757	62 
3758	14 
3759	51 
3760	37 
3761	62 
3762	93 
3763	41 
3764	69 
3765	60 
3766	3 
3767	37 
3768	84 
3769	27 
3770	41 
3771	2 
3772	24 
3773	39 
3774	71 
3775	5 
3776	65 
3777	55 
3778	42 
3779	2 
3780	31 
3781	80 
3782	20 
3783	83 
3784	33 
3785	51 
3786	20 
3787	73 
3788	18 
3789	71 
3790	24 
3791	36 
3792	29 
3793	75 
3794	28 
3795	22 
3796	67 
3797	27 
3798	23 
3799	84 
3800	34 
3801	7 
3802	20 
3803	47 
3804	38 
3805	64 
3806	81 
3807	20 
3808	87 
3809	54 
3810	89 
3811	35 
3812	13 
3813	5 
3814	1 
3815	27 
3816	75 
3817	78 
3818	78 
3819	36 
3820	77 
3821	78 
3822	62 
3823	12 
3824	79 
3825	87 
3826	47 
3827	61 
3828	89 
3829	31 
3830	72 
3831	42 
3832	48 
3833	47 
3834	92 
3835	67 
3836	52 
3837	3 
3838	64 
3839	71 
3840	58 
3841	43 
3842	28 
3843	46 
3844	74 
3845	74 
3846	51 
3847	69 
3848	25 
3849	89 
3850	65 
3851	73 
3852	93 
3853	82 
3854	29 
3855	73 
3856	34 
3857	25 
3858	89 
3859	47 
3860	69 
3861	63 
3862	69 
3863	56 
3864	65 
3865	61 
3866	56 
3867	9 
3868	92 
3869	72 
3870	64 
3871	75 
3872	11 
3873	47 
3874	54 
3875	7 
3876	67 
3877	21 
3878	86 
3879	88 
3880	93 
3881	39 
3882	26 
3883	9 
3884	22 
3885	70 
3886	45 
3887	37 
3888	31 
3889	88 
3890	41 
3891	23 
3892	70 
3893	82 
3894	1 
3895	31 
3896	65 
3897	25 
3898	61 
3899	70 
3900	87 
3901	69 
3902	75 
3903	27 
3904	24 
3905	46 
3906	27 
3907	93 
3908	69 
3909	79 
3910	62 
3911	7 
3912	42 
3913	41 
3914	27 
3915	8 
3916	89 
3917	1 
3918	1 
3919	77 
3920	65 
3921	20 
3922	71 
3923	93 
3924	51 
3925	44 
3926	47 
3927	56 
3928	56 
3929	92 
3930	16 
3931	86 
3932	9 
3933	63 
3934	88 
3935	54 
3936	73 
3937	50 
3938	8 
3939	85 
3940	91 
3941	2 
3942	30 
3943	18 
3944	34 
3945	89 
3946	61 
3947	89 
3948	80 
3949	9 
3950	69 
3951	42 
3952	51 
3953	15 
3954	47 
3955	28 
3956	66 
3957	80 
3958	49 
3959	72 
3960	78 
3961	78 
3962	2 
3963	63 
3964	9 
3965	79 
3966	93 
3967	37 
3968	54 
3969	79 
3970	72 
3971	73 
3972	10 
3973	82 
3974	68 
3975	31 
3976	34 
3977	69 
3978	54 
3979	51 
3980	20 
3981	92 
3982	79 
3983	56 
3984	80 
3985	48 
3986	29 
3987	41 
3988	5 
3989	46 
3990	45 
3991	29 
3992	49 
3993	92 
3994	3 
3995	6 
3996	41 
3997	18 
3998	3 
3999	57 
4000	34 
4001	60 
4002	69 
4003	65 
4004	54 
4005	18 
4006	43 
4007	15 
4008	67 
4009	64 
4010	10 
4011	53 
4012	41 
4013	89 
4014	36 
4015	46 
4016	91 
4017	71 
4018	21 
4019	34 
4020	80 
4021	93 
4022	12 
4023	83 
4024	47 
4025	2 
4026	93 
4027	51 
4028	56 
4029	78 
4030	55 
4031	36 
4032	36 
4033	94 
4034	38 
4035	3 
4036	89 
4037	50 
4038	87 
4039	58 
4040	94 
4041	20 
4042	79 
4043	8 
4044	73 
4045	61 
4046	66 
4047	83 
4048	40 
4049	63 
4050	63 
4051	63 
4052	88 
4053	61 
4054	21 
4055	69 
4056	21 
4057	41 
4058	14 
4059	83 
4060	19 
4061	5 
4062	76 
4063	65 
4064	82 
4065	89 
4066	69 
4067	32 
4068	87 
4069	32 
4070	34 
4071	69 
4072	43 
4073	29 
4074	73 
4075	2 
4076	79 
4077	53 
4078	18 
4079	49 
4080	20 
4081	10 
4082	7 
4083	78 
4084	71 
4085	58 
4086	52 
4087	3 
4088	44 
4089	86 
4090	64 
4091	56 
4092	65 
4093	87 
4094	22 
4095	20 
4096	7 
4097	73 
4098	72 
4099	92 
4100	70 
4101	80 
4102	70 
4103	38 
4104	29 
4105	71 
4106	63 
4107	45 
4108	84 
4109	9 
4110	93 
4111	80 
4112	57 
4113	48 
4114	14 
4115	72 
4116	63 
4117	35 
4118	70 
4119	75 
4120	17 
4121	69 
4122	71 
4123	41 
4124	71 
4125	2 
4126	80 
4127	79 
4128	61 
4129	56 
4130	83 
4131	75 
4132	2 
4133	30 
4134	9 
4135	84 
4136	48 
4137	4 
4138	81 
4139	72 
4140	72 
4141	85 
4142	43 
4143	3 
4144	83 
4145	73 
4146	34 
4147	73 
4148	81 
4149	40 
4150	25 
4151	50 
4152	72 
4153	17 
4154	10 
4155	69 
4156	12 
4157	64 
4158	83 
4159	88 
4160	40 
4161	89 
4162	64 
4163	91 
4164	17 
4165	24 
4166	88 
4167	19 
4168	79 
4169	30 
4170	51 
4171	32 
4172	84 
4173	10 
4174	47 
4175	65 
4176	93 
4177	81 
4178	41 
4179	46 
4180	73 
4181	75 
4182	19 
4183	91 
4184	71 
4185	37 
4186	31 
4187	63 
4188	88 
4189	71 
4190	69 
4191	12 
4192	29 
4193	78 
4194	81 
4195	65 
4196	13 
4197	9 
4198	80 
4199	79 
4200	7 
4201	33 
4202	59 
4203	79 
4204	21 
4205	73 
4206	71 
4207	63 
4208	78 
4209	61 
4210	18 
4211	65 
4212	93 
4213	31 
4214	29 
4215	78 
4216	17 
4217	72 
4218	92 
4219	73 
4220	59 
4221	2 
4222	72 
4223	51 
4224	60 
4225	69 
4226	47 
4227	92 
4228	17 
4229	12 
4230	78 
4231	77 
4232	12 
4233	74 
4234	40 
4235	84 
4236	43 
4237	3 
4238	68 
4239	9 
4240	6 
4241	43 
4242	77 
4243	65 
4244	72 
4245	85 
4246	29 
4247	2 
4248	20 
4249	71 
4250	16 
4251	37 
4252	46 
4253	4 
4254	73 
4255	20 
4256	12 
4257	29 
4258	6 
4259	15 
4260	17 
4261	31 
4262	45 
4263	83 
4264	41 
4265	70 
4266	74 
4267	32 
4268	20 
4269	15 
4270	22 
4271	41 
4272	71 
4273	50 
4274	82 
4275	24 
4276	68 
4277	44 
4278	93 
4279	64 
4280	50 
4281	31 
4282	83 
4283	51 
4284	55 
4285	34 
4286	3 
4287	71 
4288	3 
4289	33 
4290	84 
4291	89 
4292	91 
4293	94 
4294	30 
4295	71 
4296	91 
4297	81 
4298	37 
4299	51 
4300	44 
4301	24 
4302	90 
4303	10 
4304	90 
4305	65 
4306	52 
4307	24 
4308	70 
4309	92 
4310	21 
4311	78 
4312	78 
4313	75 
4314	79 
4315	3 
4316	49 
4317	75 
4318	53 
4319	5 
4320	20 
4321	41 
4322	87 
4323	88 
4324	61 
4325	62 
4326	89 
4327	58 
4328	18 
4329	51 
4330	29 
4331	65 
4332	34 
4333	27 
4334	61 
4335	53 
4336	3 
4337	31 
4338	50 
4339	62 
4340	63 
4341	25 
4342	86 
4343	58 
4344	3 
4345	81 
4346	51 
4347	80 
4348	29 
4349	44 
4350	29 
4351	63 
4352	14 
4353	59 
4354	34 
4355	24 
4356	65 
4357	1 
4358	30 
4359	46 
4360	2 
4361	50 
4362	32 
4363	6 
4364	50 
4365	88 
4366	52 
4367	79 
4368	24 
4369	68 
4370	21 
4371	44 
4372	56 
4373	79 
4374	30 
4375	81 
4376	74 
4377	24 
4378	35 
4379	88 
4380	25 
4381	62 
4382	78 
4383	71 
4384	70 
4385	75 
4386	69 
4387	46 
4388	21 
4389	38 
4390	34 
4391	5 
4392	52 
4393	92 
4394	87 
4395	26 
4396	32 
4397	37 
4398	24 
4399	46 
4400	68 
4401	56 
4402	33 
4403	65 
4404	63 
4405	63 
4406	60 
4407	53 
4408	40 
4409	22 
4410	65 
4411	20 
4412	81 
4413	33 
4414	71 
4415	59 
4416	77 
4417	26 
4418	65 
4419	9 
4420	88 
4421	27 
4422	41 
4423	73 
4424	27 
4425	82 
4426	92 
4427	48 
4428	54 
4429	16 
4430	33 
4431	41 
4432	79 
4433	88 
4434	92 
4435	83 
4436	51 
4437	76 
4438	33 
4439	46 
4440	87 
4441	90 
4442	93 
4443	78 
4444	18 
4445	47 
4446	16 
4447	31 
4448	81 
4449	89 
4450	69 
4451	28 
4452	70 
4453	74 
4454	63 
4455	37 
4456	54 
4457	75 
4458	74 
4459	15 
4460	27 
4461	92 
4462	81 
4463	31 
4464	15 
4465	84 
4466	84 
4467	92 
4468	54 
4469	80 
4470	21 
4471	44 
4472	81 
4473	56 
4474	33 
4475	54 
4476	61 
4477	49 
4478	76 
4479	30 
4480	48 
4481	80 
4482	63 
4483	78 
4484	32 
4485	60 
4486	16 
4487	61 
4488	49 
4489	78 
4490	12 
4491	62 
4492	51 
4493	65 
4494	67 
4495	78 
4496	30 
4497	62 
4498	16 
4499	32 
4500	88 
4501	88 
4502	92 
4503	71 
4504	52 
4505	37 
4506	5 
4507	32 
4508	92 
4509	81 
4510	89 
4511	92 
4512	69 
4513	18 
4514	69 
4515	39 
4516	81 
4517	65 
4518	31 
4519	80 
4520	39 
4521	90 
4522	53 
4523	79 
4524	12 
4525	27 
4526	47 
4527	49 
4528	27 
4529	17 
4530	31 
4531	27 
4532	21 
4533	78 
4534	94 
4535	88 
4536	24 
4537	84 
4538	41 
4539	56 
4540	21 
4541	33 
4542	57 
4543	36 
4544	66 
4545	32 
4546	70 
4547	11 
4548	27 
4549	28 
4550	67 
4551	54 
4552	15 
4553	54 
4554	29 
4555	70 
4556	89 
4557	87 
4558	65 
4559	78 
4560	89 
4561	9 
4562	57 
4563	78 
4564	71 
4565	94 
4566	70 
4567	81 
4568	37 
4569	63 
4570	34 
4571	49 
4572	81 
4573	89 
4574	86 
4575	18 
4576	29 
4577	72 
4578	12 
4579	12 
4580	33 
4581	33 
4582	78 
4583	24 
4584	89 
4585	93 
4586	92 
4587	58 
4588	27 
4589	37 
4590	89 
4591	69 
4592	84 
4593	31 
4594	27 
4595	41 
4596	45 
4597	37 
4598	88 
4599	1 
4600	75 
4601	44 
4602	18 
4603	88 
4604	78 
4605	15 
4606	28 
4607	73 
4608	76 
4609	93 
4610	45 
4611	59 
4612	79 
4613	73 
4614	29 
4615	72 
4616	12 
4617	73 
4618	12 
4619	72 
4620	87 
4621	83 
4622	93 
4623	20 
4624	46 
4625	15 
4626	94 
4627	4 
4628	31 
4629	63 
4630	7 
4631	78 
4632	43 
4633	88 
4634	51 
4635	4 
4636	46 
4637	29 
4638	41 
4639	79 
4640	10 
4641	54 
4642	46 
4643	61 
4644	84 
4645	12 
4646	56 
4647	20 
4648	69 
4649	21 
4650	3 
4651	3 
4652	28 
4653	12 
4654	62 
4655	21 
4656	79 
4657	24 
4658	20 
4659	47 
4660	79 
4661	56 
4662	18 
4663	23 
4664	2 
4665	56 
4666	13 
4667	19 
4668	31 
4669	80 
4670	69 
4671	31 
4672	39 
4673	61 
4674	63 
4675	29 
4676	36 
4677	53 
4678	68 
4679	81 
4680	76 
4681	41 
4682	34 
4683	70 
4684	20 
4685	7 
4686	15 
4687	17 
4688	53 
4689	80 
4690	55 
4691	60 
4692	33 
4693	69 
4694	85 
4695	47 
4696	88 
4697	54 
4698	89 
4699	90 
4700	71 
4701	89 
4702	87 
4703	75 
4704	30 
4705	3 
4706	37 
4707	45 
4708	20 
4709	11 
4710	24 
4711	59 
4712	47 
4713	73 
4714	62 
4715	51 
4716	47 
4717	52 
4718	5 
4719	47 
4720	40 
4721	52 
4722	28 
4723	52 
4724	21 
4725	93 
4726	31 
4727	16 
4728	16 
4729	74 
4730	84 
4731	37 
4732	51 
4733	40 
4734	47 
4735	66 
4736	41 
4737	24 
4738	48 
4739	17 
4740	78 
4741	69 
4742	28 
4743	39 
4744	17 
4745	4 
4746	37 
4747	12 
4748	80 
4749	43 
4750	21 
4751	92 
4752	60 
4753	43 
4754	2 
4755	28 
4756	39 
4757	34 
4758	9 
4759	24 
4760	88 
4761	85 
4762	27 
4763	73 
4764	41 
4765	46 
4766	86 
4767	72 
4768	28 
4769	39 
4770	90 
4771	20 
4772	12 
4773	76 
4774	55 
4775	50 
4776	66 
4777	79 
4778	54 
4779	83 
4780	18 
4781	16 
4782	11 
4783	56 
4784	37 
4785	14 
4786	85 
4787	79 
4788	33 
4789	75 
4790	89 
4791	54 
4792	27 
4793	12 
4794	15 
4795	45 
4796	13 
4797	50 
4798	41 
4799	43 
4800	29 
4801	45 
4802	66 
4803	78 
4804	40 
4805	91 
4806	9 
4807	3 
4808	65 
4809	89 
4810	61 
4811	45 
4812	50 
4813	45 
4814	6 
4815	6 
4816	15 
4817	37 
4818	29 
4819	91 
4820	89 
4821	93 
4822	80 
4823	7 
4824	65 
4825	24 
4826	65 
4827	29 
4828	90 
4829	53 
4830	76 
4831	64 
4832	92 
4833	45 
4834	33 
4835	18 
4836	45 
4837	44 
4838	67 
4839	54 
4840	12 
4841	49 
4842	50 
4843	43 
4844	12 
4845	9 
4846	79 
4847	69 
4848	5 
4849	44 
4850	47 
4851	37 
4852	37 
4853	54 
4854	71 
4855	37 
4856	34 
4857	20 
4858	7 
4859	71 
4860	52 
4861	41 
4862	75 
4863	24 
4864	89 
4865	86 
4866	44 
4867	59 
4868	30 
4869	72 
4870	20 
4871	92 
4872	45 
4873	69 
4874	54 
4875	65 
4876	24 
4877	53 
4878	20 
4879	65 
4880	31 
4881	65 
4882	18 
4883	72 
4884	47 
4885	33 
4886	6 
4887	36 
4888	92 
4889	27 
4890	21 
4891	92 
4892	52 
4893	89 
4894	93 
4895	88 
4896	2 
4897	89 
4898	68 
4899	93 
4900	71 
4901	8 
4902	47 
4903	64 
4904	92 
4905	75 
4906	44 
4907	10 
4908	68 
4909	78 
4910	34 
4911	64 
4912	3 
4913	45 
4914	20 
4915	14 
4916	20 
4917	78 
4918	41 
4919	81 
4920	28 
4921	79 
4922	55 
4923	78 
4924	69 
4925	33 
4926	38 
4927	37 
4928	18 
4929	45 
4930	68 
4931	52 
4932	3 
4933	72 
4934	68 
4935	4 
4936	9 
4937	20 
4938	93 
4939	34 
4940	68 
4941	21 
4942	75 
4943	29 
4944	47 
4945	4 
4946	12 
4947	1 
4948	72 
4949	40 
4950	13 
4951	18 
4952	29 
4953	75 
4954	75 
4955	2 
4956	27 
4957	49 
4958	2 
4959	9 
4960	92 
4961	93 
4962	27 
4963	51 
4964	2 
4965	80 
4966	80 
4967	76 
4968	36 
4969	12 
4970	4 
4971	56 
4972	15 
4973	81 
4974	15 
4975	62 
4976	44 
4977	37 
4978	54 
4979	32 
4980	50 
4981	47 
4982	92 
4983	37 
4984	9 
4985	21 
4986	68 
4987	70 
4988	65 
4989	54 
4990	38 
4991	53 
4992	86 
4993	33 
4994	12 
4995	93 
4996	4 
4997	73 
4998	52 
4999	65 
5000	71 
