1	76 
2	1 
3	19 
4	80 
5	21 
6	21 
7	31 
8	15 
9	15 
10	55 
11	12 
12	9 
13	32 
14	74 
15	51 
16	23 
17	15 
18	57 
19	93 
20	70 
21	23 
22	31 
23	56 
24	9 
25	62 
26	9 
27	9 
28	1 
29	89 
30	50 
31	31 
32	32 
33	11 
34	78 
35	89 
36	11 
37	80 
38	46 
39	85 
40	15 
41	38 
42	30 
43	95 
44	14 
45	45 
46	35 
47	5 
48	74 
49	56 
50	42 
51	82 
52	36 
53	36 
54	55 
55	81 
56	84 
57	70 
58	38 
59	58 
60	66 
61	44 
62	89 
63	2 
64	28 
65	36 
66	1 
67	92 
68	81 
69	36 
70	25 
71	95 
72	3 
73	5 
74	71 
75	35 
76	46 
77	43 
78	44 
79	67 
80	71 
81	7 
82	60 
83	16 
84	84 
85	69 
86	74 
87	45 
88	73 
89	44 
90	67 
91	19 
92	66 
93	95 
94	78 
95	37 
96	38 
97	9 
98	57 
99	29 
100	53 
101	93 
102	76 
103	71 
104	67 
105	95 
106	12 
107	82 
108	51 
109	81 
110	55 
111	19 
112	55 
113	41 
114	74 
115	38 
116	69 
117	50 
118	95 
119	5 
120	28 
121	66 
122	41 
123	54 
124	20 
125	86 
126	5 
127	60 
128	2 
129	45 
130	81 
131	43 
132	83 
133	77 
134	89 
135	21 
136	45 
137	65 
138	60 
139	32 
140	92 
141	91 
142	9 
143	20 
144	27 
145	66 
146	50 
147	26 
148	46 
149	49 
150	17 
151	89 
152	21 
153	53 
154	52 
155	70 
156	5 
157	25 
158	87 
159	40 
160	32 
161	67 
162	68 
163	45 
164	47 
165	37 
166	16 
167	26 
168	58 
169	88 
170	27 
171	76 
172	53 
173	74 
174	82 
175	44 
176	18 
177	55 
178	92 
179	5 
180	54 
181	60 
182	19 
183	36 
184	34 
185	1 
186	69 
187	69 
188	45 
189	5 
190	59 
191	87 
192	12 
193	1 
194	66 
195	21 
196	28 
197	53 
198	9 
199	89 
200	81 
201	15 
202	63 
203	25 
204	35 
205	45 
206	56 
207	74 
208	25 
209	89 
210	38 
211	50 
212	46 
213	14 
214	31 
215	90 
216	53 
217	88 
218	27 
219	30 
220	65 
221	93 
222	65 
223	23 
224	61 
225	94 
226	13 
227	63 
228	29 
229	71 
230	77 
231	65 
232	38 
233	3 
234	71 
235	47 
236	78 
237	39 
238	46 
239	30 
240	52 
241	19 
242	79 
243	71 
244	42 
245	4 
246	25 
247	77 
248	65 
249	82 
250	56 
251	15 
252	14 
253	8 
254	69 
255	53 
256	48 
257	60 
258	40 
259	16 
260	28 
261	36 
262	12 
263	34 
264	92 
265	6 
266	35 
267	30 
268	78 
269	6 
270	42 
271	44 
272	46 
273	11 
274	23 
275	76 
276	82 
277	75 
278	79 
279	83 
280	60 
281	58 
282	93 
283	77 
284	81 
285	55 
286	21 
287	44 
288	5 
289	1 
290	87 
291	22 
292	50 
293	45 
294	20 
295	19 
296	87 
297	81 
298	15 
299	53 
300	9 
301	89 
302	57 
303	75 
304	9 
305	62 
306	74 
307	59 
308	51 
309	59 
310	9 
311	8 
312	7 
313	79 
314	51 
315	45 
316	56 
317	29 
318	66 
319	89 
320	78 
321	63 
322	19 
323	51 
324	32 
325	39 
326	22 
327	82 
328	5 
329	60 
330	29 
331	10 
332	77 
333	84 
334	59 
335	29 
336	14 
337	91 
338	10 
339	53 
340	37 
341	53 
342	51 
343	79 
344	72 
345	44 
346	6 
347	92 
348	65 
349	53 
350	28 
351	54 
352	42 
353	62 
354	83 
355	65 
356	21 
357	48 
358	88 
359	90 
360	19 
361	93 
362	1 
363	1 
364	49 
365	17 
366	45 
367	95 
368	77 
369	5 
370	11 
371	44 
372	56 
373	53 
374	41 
375	17 
376	94 
377	71 
378	51 
379	4 
380	34 
381	49 
382	9 
383	30 
384	64 
385	9 
386	85 
387	5 
388	85 
389	51 
390	50 
391	49 
392	81 
393	57 
394	32 
395	1 
396	76 
397	36 
398	12 
399	20 
400	93 
401	49 
402	5 
403	27 
404	89 
405	74 
406	32 
407	10 
408	78 
409	44 
410	79 
411	53 
412	92 
413	87 
414	41 
415	47 
416	61 
417	49 
418	71 
419	93 
420	29 
421	47 
422	74 
423	47 
424	44 
425	89 
426	21 
427	55 
428	12 
429	22 
430	47 
431	5 
432	12 
433	55 
434	51 
435	63 
436	20 
437	81 
438	60 
439	83 
440	27 
441	38 
442	9 
443	93 
444	72 
445	43 
446	46 
447	47 
448	27 
449	23 
450	36 
451	43 
452	74 
453	40 
454	51 
455	6 
456	50 
457	80 
458	84 
459	75 
460	1 
461	37 
462	75 
463	82 
464	44 
465	35 
466	47 
467	95 
468	64 
469	56 
470	10 
471	41 
472	33 
473	68 
474	65 
475	92 
476	76 
477	88 
478	37 
479	89 
480	28 
481	25 
482	89 
483	22 
484	44 
485	26 
486	9 
487	50 
488	10 
489	53 
490	47 
491	51 
492	43 
493	50 
494	64 
495	33 
496	24 
497	29 
498	51 
499	3 
500	56 
501	21 
502	18 
503	26 
504	76 
505	91 
506	42 
507	40 
508	45 
509	24 
510	10 
511	56 
512	8 
513	29 
514	53 
515	91 
516	14 
517	21 
518	14 
519	55 
520	6 
521	2 
522	38 
523	56 
524	71 
525	56 
526	55 
527	83 
528	62 
529	51 
530	94 
531	85 
532	32 
533	27 
534	54 
535	79 
536	91 
537	65 
538	6 
539	69 
540	55 
541	48 
542	89 
543	17 
544	44 
545	66 
546	86 
547	76 
548	56 
549	83 
550	19 
551	23 
552	49 
553	76 
554	51 
555	19 
556	11 
557	9 
558	62 
559	42 
560	22 
561	5 
562	53 
563	60 
564	42 
565	72 
566	35 
567	53 
568	76 
569	83 
570	69 
571	71 
572	6 
573	71 
574	29 
575	14 
576	69 
577	69 
578	17 
579	82 
580	1 
581	40 
582	84 
583	25 
584	20 
585	78 
586	90 
587	60 
588	27 
589	39 
590	42 
591	42 
592	84 
593	24 
594	19 
595	81 
596	28 
597	48 
598	44 
599	51 
600	10 
601	38 
602	13 
603	35 
604	47 
605	37 
606	71 
607	61 
608	13 
609	64 
610	45 
611	32 
612	70 
613	37 
614	56 
615	76 
616	94 
617	82 
618	69 
619	24 
620	30 
621	76 
622	48 
623	3 
624	91 
625	5 
626	7 
627	29 
628	11 
629	74 
630	75 
631	63 
632	32 
633	29 
634	15 
635	24 
636	66 
637	53 
638	65 
639	55 
640	93 
641	47 
642	42 
643	72 
644	94 
645	32 
646	17 
647	43 
648	71 
649	31 
650	7 
651	55 
652	35 
653	93 
654	50 
655	15 
656	67 
657	53 
658	75 
659	51 
660	12 
661	3 
662	73 
663	45 
664	14 
665	38 
666	93 
667	24 
668	60 
669	79 
670	79 
671	2 
672	68 
673	82 
674	1 
675	51 
676	51 
677	26 
678	47 
679	15 
680	69 
681	28 
682	30 
683	46 
684	21 
685	25 
686	60 
687	56 
688	91 
689	32 
690	71 
691	70 
692	29 
693	26 
694	5 
695	57 
696	82 
697	6 
698	78 
699	12 
700	66 
701	25 
702	31 
703	50 
704	5 
705	10 
706	48 
707	4 
708	80 
709	49 
710	12 
711	82 
712	17 
713	9 
714	83 
715	49 
716	47 
717	78 
718	47 
719	64 
720	45 
721	51 
722	31 
723	38 
724	53 
725	26 
726	56 
727	50 
728	12 
729	77 
730	2 
731	21 
732	53 
733	76 
734	23 
735	43 
736	60 
737	74 
738	4 
739	65 
740	30 
741	27 
742	5 
743	73 
744	5 
745	79 
746	86 
747	10 
748	71 
749	22 
750	89 
751	15 
752	93 
753	83 
754	5 
755	5 
756	54 
757	32 
758	9 
759	54 
760	18 
761	26 
762	29 
763	76 
764	28 
765	55 
766	67 
767	48 
768	3 
769	28 
770	58 
771	25 
772	58 
773	61 
774	51 
775	81 
776	36 
777	53 
778	18 
779	46 
780	9 
781	24 
782	48 
783	20 
784	27 
785	35 
786	32 
787	10 
788	58 
789	71 
790	53 
791	15 
792	5 
793	21 
794	27 
795	77 
796	65 
797	3 
798	12 
799	16 
800	19 
801	72 
802	55 
803	36 
804	50 
805	18 
806	49 
807	95 
808	35 
809	82 
810	44 
811	37 
812	10 
813	29 
814	32 
815	44 
816	5 
817	73 
818	34 
819	47 
820	61 
821	5 
822	10 
823	37 
824	47 
825	11 
826	50 
827	93 
828	54 
829	49 
830	59 
831	46 
832	57 
833	55 
834	19 
835	31 
836	47 
837	45 
838	35 
839	79 
840	36 
841	89 
842	43 
843	89 
844	60 
845	22 
846	53 
847	40 
848	5 
849	11 
850	23 
851	9 
852	90 
853	14 
854	42 
855	53 
856	93 
857	19 
858	88 
859	51 
860	53 
861	51 
862	57 
863	32 
864	68 
865	71 
866	88 
867	66 
868	2 
869	56 
870	1 
871	38 
872	51 
873	84 
874	84 
875	11 
876	1 
877	7 
878	5 
879	53 
880	6 
881	80 
882	76 
883	25 
884	74 
885	95 
886	1 
887	17 
888	60 
889	53 
890	8 
891	63 
892	45 
893	77 
894	89 
895	84 
896	76 
897	27 
898	50 
899	76 
900	75 
901	53 
902	55 
903	67 
904	50 
905	29 
906	66 
907	79 
908	42 
909	91 
910	65 
911	27 
912	8 
913	92 
914	84 
915	1 
916	88 
917	3 
918	79 
919	88 
920	81 
921	1 
922	79 
923	58 
924	83 
925	90 
926	49 
927	26 
928	30 
929	92 
930	67 
931	50 
932	41 
933	69 
934	11 
935	45 
936	88 
937	37 
938	35 
939	86 
940	93 
941	66 
942	53 
943	38 
944	18 
945	31 
946	37 
947	73 
948	93 
949	2 
950	84 
951	77 
952	51 
953	85 
954	5 
955	78 
956	18 
957	46 
958	66 
959	28 
960	84 
961	5 
962	79 
963	58 
964	19 
965	81 
966	74 
967	93 
968	28 
969	47 
970	1 
971	30 
972	37 
973	87 
974	57 
975	86 
976	18 
977	53 
978	73 
979	79 
980	81 
981	86 
982	5 
983	35 
984	36 
985	51 
986	82 
987	64 
988	75 
989	38 
990	27 
991	37 
992	50 
993	93 
994	75 
995	53 
996	22 
997	58 
998	93 
999	47 
1000	62 
1001	8 
1002	75 
1003	21 
1004	17 
1005	74 
1006	74 
1007	88 
1008	60 
1009	52 
1010	78 
1011	76 
1012	46 
1013	14 
1014	6 
1015	86 
1016	1 
1017	2 
1018	5 
1019	28 
1020	38 
1021	32 
1022	4 
1023	11 
1024	69 
1025	1 
1026	71 
1027	19 
1028	58 
1029	22 
1030	18 
1031	6 
1032	42 
1033	21 
1034	75 
1035	61 
1036	24 
1037	74 
1038	65 
1039	6 
1040	32 
1041	30 
1042	65 
1043	53 
1044	84 
1045	94 
1046	35 
1047	65 
1048	46 
1049	60 
1050	19 
1051	49 
1052	3 
1053	58 
1054	56 
1055	49 
1056	28 
1057	19 
1058	33 
1059	37 
1060	22 
1061	89 
1062	41 
1063	26 
1064	71 
1065	19 
1066	34 
1067	45 
1068	82 
1069	71 
1070	41 
1071	47 
1072	41 
1073	66 
1074	83 
1075	63 
1076	20 
1077	87 
1078	84 
1079	28 
1080	17 
1081	81 
1082	46 
1083	83 
1084	22 
1085	76 
1086	1 
1087	90 
1088	59 
1089	31 
1090	17 
1091	26 
1092	11 
1093	59 
1094	89 
1095	41 
1096	89 
1097	79 
1098	20 
1099	57 
1100	51 
1101	37 
1102	30 
1103	54 
1104	66 
1105	31 
1106	58 
1107	37 
1108	81 
1109	67 
1110	89 
1111	62 
1112	84 
1113	77 
1114	60 
1115	38 
1116	45 
1117	86 
1118	3 
1119	7 
1120	85 
1121	54 
1122	71 
1123	69 
1124	82 
1125	22 
1126	90 
1127	45 
1128	71 
1129	75 
1130	77 
1131	29 
1132	70 
1133	88 
1134	31 
1135	28 
1136	21 
1137	50 
1138	66 
1139	45 
1140	29 
1141	5 
1142	76 
1143	7 
1144	53 
1145	2 
1146	35 
1147	47 
1148	38 
1149	37 
1150	37 
1151	39 
1152	37 
1153	48 
1154	74 
1155	68 
1156	17 
1157	60 
1158	2 
1159	9 
1160	19 
1161	45 
1162	7 
1163	1 
1164	43 
1165	77 
1166	15 
1167	66 
1168	38 
1169	25 
1170	81 
1171	32 
1172	91 
1173	77 
1174	14 
1175	89 
1176	58 
1177	3 
1178	30 
1179	81 
1180	19 
1181	79 
1182	42 
1183	88 
1184	44 
1185	36 
1186	16 
1187	32 
1188	42 
1189	25 
1190	20 
1191	89 
1192	92 
1193	93 
1194	8 
1195	65 
1196	60 
1197	47 
1198	37 
1199	11 
1200	3 
1201	74 
1202	6 
1203	66 
1204	80 
1205	2 
1206	50 
1207	83 
1208	28 
1209	69 
1210	33 
1211	50 
1212	79 
1213	75 
1214	69 
1215	93 
1216	18 
1217	50 
1218	76 
1219	9 
1220	65 
1221	55 
1222	1 
1223	3 
1224	19 
1225	81 
1226	75 
1227	42 
1228	43 
1229	91 
1230	28 
1231	81 
1232	44 
1233	77 
1234	93 
1235	76 
1236	5 
1237	49 
1238	84 
1239	84 
1240	46 
1241	54 
1242	74 
1243	57 
1244	1 
1245	92 
1246	84 
1247	54 
1248	24 
1249	82 
1250	13 
1251	37 
1252	33 
1253	20 
1254	77 
1255	81 
1256	44 
1257	45 
1258	84 
1259	87 
1260	90 
1261	48 
1262	93 
1263	53 
1264	3 
1265	47 
1266	77 
1267	76 
1268	47 
1269	34 
1270	1 
1271	50 
1272	1 
1273	93 
1274	63 
1275	31 
1276	26 
1277	20 
1278	89 
1279	17 
1280	38 
1281	78 
1282	29 
1283	45 
1284	27 
1285	5 
1286	92 
1287	60 
1288	57 
1289	2 
1290	59 
1291	71 
1292	27 
1293	45 
1294	27 
1295	79 
1296	64 
1297	1 
1298	50 
1299	70 
1300	17 
1301	1 
1302	93 
1303	90 
1304	29 
1305	61 
1306	23 
1307	60 
1308	1 
1309	16 
1310	5 
1311	36 
1312	81 
1313	36 
1314	48 
1315	76 
1316	78 
1317	93 
1318	12 
1319	94 
1320	62 
1321	77 
1322	36 
1323	74 
1324	81 
1325	60 
1326	14 
1327	90 
1328	73 
1329	88 
1330	35 
1331	83 
1332	8 
1333	70 
1334	50 
1335	75 
1336	37 
1337	60 
1338	85 
1339	37 
1340	56 
1341	69 
1342	60 
1343	79 
1344	6 
1345	57 
1346	52 
1347	45 
1348	85 
1349	76 
1350	71 
1351	81 
1352	89 
1353	9 
1354	62 
1355	7 
1356	80 
1357	28 
1358	47 
1359	56 
1360	81 
1361	8 
1362	69 
1363	81 
1364	93 
1365	29 
1366	58 
1367	7 
1368	4 
1369	44 
1370	25 
1371	20 
1372	36 
1373	81 
1374	25 
1375	56 
1376	87 
1377	61 
1378	38 
1379	68 
1380	24 
1381	38 
1382	32 
1383	51 
1384	14 
1385	85 
1386	65 
1387	6 
1388	57 
1389	55 
1390	35 
1391	10 
1392	7 
1393	47 
1394	4 
1395	89 
1396	55 
1397	60 
1398	90 
1399	71 
1400	29 
1401	27 
1402	45 
1403	46 
1404	44 
1405	2 
1406	52 
1407	17 
1408	84 
1409	17 
1410	30 
1411	40 
1412	18 
1413	30 
1414	86 
1415	48 
1416	45 
1417	13 
1418	1 
1419	14 
1420	95 
1421	16 
1422	14 
1423	8 
1424	1 
1425	60 
1426	51 
1427	17 
1428	32 
1429	7 
1430	78 
1431	28 
1432	21 
1433	9 
1434	80 
1435	69 
1436	89 
1437	86 
1438	34 
1439	86 
1440	47 
1441	31 
1442	6 
1443	67 
1444	65 
1445	38 
1446	5 
1447	45 
1448	58 
1449	37 
1450	15 
1451	3 
1452	79 
1453	33 
1454	74 
1455	89 
1456	46 
1457	51 
1458	43 
1459	83 
1460	1 
1461	70 
1462	9 
1463	80 
1464	28 
1465	87 
1466	44 
1467	46 
1468	60 
1469	62 
1470	3 
1471	62 
1472	56 
1473	15 
1474	47 
1475	8 
1476	50 
1477	7 
1478	86 
1479	84 
1480	22 
1481	52 
1482	44 
1483	91 
1484	50 
1485	19 
1486	76 
1487	76 
1488	50 
1489	69 
1490	93 
1491	43 
1492	21 
1493	57 
1494	47 
1495	1 
1496	44 
1497	76 
1498	74 
1499	27 
1500	7 
1501	29 
1502	24 
1503	93 
1504	50 
1505	60 
1506	53 
1507	32 
1508	87 
1509	31 
1510	61 
1511	37 
1512	4 
1513	72 
1514	84 
1515	73 
1516	13 
1517	60 
1518	2 
1519	5 
1520	37 
1521	34 
1522	47 
1523	21 
1524	93 
1525	91 
1526	75 
1527	69 
1528	92 
1529	27 
1530	38 
1531	75 
1532	91 
1533	81 
1534	24 
1535	64 
1536	74 
1537	75 
1538	86 
1539	81 
1540	83 
1541	84 
1542	35 
1543	27 
1544	47 
1545	16 
1546	31 
1547	11 
1548	44 
1549	15 
1550	57 
1551	84 
1552	81 
1553	95 
1554	56 
1555	53 
1556	74 
1557	82 
1558	11 
1559	74 
1560	73 
1561	26 
1562	65 
1563	36 
1564	48 
1565	41 
1566	45 
1567	51 
1568	68 
1569	5 
1570	49 
1571	56 
1572	50 
1573	71 
1574	41 
1575	7 
1576	70 
1577	52 
1578	53 
1579	49 
1580	4 
1581	79 
1582	92 
1583	53 
1584	32 
1585	28 
1586	23 
1587	49 
1588	71 
1589	44 
1590	22 
1591	89 
1592	35 
1593	76 
1594	37 
1595	75 
1596	37 
1597	83 
1598	7 
1599	65 
1600	45 
1601	50 
1602	35 
1603	83 
1604	69 
1605	82 
1606	81 
1607	89 
1608	32 
1609	10 
1610	2 
1611	84 
1612	2 
1613	47 
1614	85 
1615	95 
1616	49 
1617	89 
1618	25 
1619	32 
1620	62 
1621	63 
1622	26 
1623	69 
1624	60 
1625	92 
1626	59 
1627	82 
1628	80 
1629	68 
1630	35 
1631	46 
1632	56 
1633	94 
1634	65 
1635	10 
1636	48 
1637	79 
1638	4 
1639	72 
1640	69 
1641	35 
1642	81 
1643	5 
1644	93 
1645	9 
1646	42 
1647	38 
1648	63 
1649	38 
1650	79 
1651	86 
1652	69 
1653	5 
1654	53 
1655	89 
1656	59 
1657	21 
1658	26 
1659	82 
1660	18 
1661	45 
1662	44 
1663	46 
1664	81 
1665	2 
1666	44 
1667	56 
1668	78 
1669	52 
1670	30 
1671	51 
1672	93 
1673	83 
1674	5 
1675	69 
1676	40 
1677	48 
1678	71 
1679	71 
1680	93 
1681	13 
1682	41 
1683	85 
1684	39 
1685	41 
1686	44 
1687	74 
1688	75 
1689	55 
1690	76 
1691	26 
1692	9 
1693	66 
1694	89 
1695	64 
1696	33 
1697	79 
1698	29 
1699	51 
1700	22 
1701	34 
1702	27 
1703	94 
1704	82 
1705	92 
1706	33 
1707	37 
1708	63 
1709	76 
1710	38 
1711	76 
1712	28 
1713	24 
1714	50 
1715	26 
1716	17 
1717	56 
1718	56 
1719	86 
1720	84 
1721	70 
1722	11 
1723	45 
1724	25 
1725	8 
1726	20 
1727	47 
1728	16 
1729	76 
1730	45 
1731	92 
1732	53 
1733	43 
1734	81 
1735	92 
1736	73 
1737	78 
1738	89 
1739	28 
1740	61 
1741	21 
1742	69 
1743	84 
1744	49 
1745	93 
1746	9 
1747	86 
1748	58 
1749	57 
1750	9 
1751	89 
1752	32 
1753	16 
1754	69 
1755	46 
1756	29 
1757	59 
1758	69 
1759	48 
1760	49 
1761	17 
1762	45 
1763	19 
1764	44 
1765	76 
1766	1 
1767	33 
1768	32 
1769	76 
1770	60 
1771	29 
1772	49 
1773	74 
1774	5 
1775	47 
1776	46 
1777	38 
1778	86 
1779	38 
1780	29 
1781	9 
1782	31 
1783	81 
1784	34 
1785	87 
1786	37 
1787	46 
1788	47 
1789	12 
1790	40 
1791	69 
1792	2 
1793	81 
1794	32 
1795	9 
1796	77 
1797	34 
1798	92 
1799	2 
1800	71 
1801	85 
1802	58 
1803	1 
1804	38 
1805	37 
1806	10 
1807	37 
1808	91 
1809	88 
1810	69 
1811	60 
1812	50 
1813	35 
1814	44 
1815	38 
1816	35 
1817	10 
1818	30 
1819	14 
1820	16 
1821	50 
1822	9 
1823	93 
1824	20 
1825	38 
1826	17 
1827	48 
1828	32 
1829	20 
1830	81 
1831	47 
1832	71 
1833	13 
1834	17 
1835	12 
1836	43 
1837	32 
1838	83 
1839	34 
1840	20 
1841	1 
1842	59 
1843	75 
1844	45 
1845	15 
1846	26 
1847	10 
1848	3 
1849	30 
1850	50 
1851	4 
1852	76 
1853	32 
1854	1 
1855	84 
1856	16 
1857	78 
1858	24 
1859	82 
1860	2 
1861	66 
1862	9 
1863	37 
1864	19 
1865	3 
1866	37 
1867	87 
1868	63 
1869	40 
1870	60 
1871	81 
1872	22 
1873	49 
1874	46 
1875	26 
1876	14 
1877	80 
1878	85 
1879	8 
1880	86 
1881	25 
1882	18 
1883	47 
1884	69 
1885	5 
1886	88 
1887	61 
1888	89 
1889	58 
1890	68 
1891	67 
1892	53 
1893	32 
1894	83 
1895	6 
1896	38 
1897	30 
1898	76 
1899	56 
1900	68 
1901	29 
1902	32 
1903	37 
1904	71 
1905	41 
1906	48 
1907	80 
1908	47 
1909	79 
1910	16 
1911	75 
1912	69 
1913	92 
1914	56 
1915	53 
1916	5 
1917	36 
1918	75 
1919	32 
1920	91 
1921	22 
1922	21 
1923	43 
1924	5 
1925	3 
1926	80 
1927	8 
1928	37 
1929	89 
1930	8 
1931	38 
1932	25 
1933	13 
1934	11 
1935	89 
1936	7 
1937	59 
1938	74 
1939	70 
1940	8 
1941	39 
1942	20 
1943	47 
1944	9 
1945	56 
1946	38 
1947	37 
1948	49 
1949	80 
1950	33 
1951	10 
1952	9 
1953	21 
1954	1 
1955	47 
1956	54 
1957	51 
1958	11 
1959	69 
1960	44 
1961	50 
1962	51 
1963	13 
1964	22 
1965	1 
1966	82 
1967	3 
1968	1 
1969	50 
1970	79 
1971	92 
1972	4 
1973	44 
1974	50 
1975	37 
1976	25 
1977	54 
1978	93 
1979	5 
1980	40 
1981	31 
1982	50 
1983	93 
1984	66 
1985	57 
1986	46 
1987	44 
1988	62 
1989	60 
1990	20 
1991	86 
1992	4 
1993	58 
1994	88 
1995	33 
1996	46 
1997	93 
1998	10 
1999	21 
2000	92 
2001	11 
2002	56 
2003	43 
2004	89 
2005	92 
2006	11 
2007	19 
2008	20 
2009	11 
2010	33 
2011	89 
2012	81 
2013	8 
2014	77 
2015	65 
2016	69 
2017	1 
2018	7 
2019	65 
2020	20 
2021	20 
2022	69 
2023	91 
2024	58 
2025	82 
2026	36 
2027	51 
2028	36 
2029	6 
2030	45 
2031	53 
2032	5 
2033	92 
2034	92 
2035	83 
2036	42 
2037	89 
2038	44 
2039	3 
2040	9 
2041	61 
2042	10 
2043	59 
2044	26 
2045	75 
2046	89 
2047	53 
2048	2 
2049	56 
2050	20 
2051	84 
2052	38 
2053	35 
2054	35 
2055	25 
2056	1 
2057	81 
2058	47 
2059	82 
2060	92 
2061	76 
2062	79 
2063	76 
2064	1 
2065	79 
2066	38 
2067	45 
2068	92 
2069	60 
2070	86 
2071	94 
2072	55 
2073	94 
2074	34 
2075	94 
2076	59 
2077	90 
2078	78 
2079	5 
2080	37 
2081	86 
2082	92 
2083	60 
2084	1 
2085	35 
2086	14 
2087	82 
2088	37 
2089	91 
2090	1 
2091	6 
2092	58 
2093	20 
2094	19 
2095	16 
2096	26 
2097	10 
2098	36 
2099	66 
2100	26 
2101	92 
2102	94 
2103	89 
2104	23 
2105	35 
2106	33 
2107	8 
2108	83 
2109	83 
2110	92 
2111	58 
2112	19 
2113	55 
2114	21 
2115	72 
2116	53 
2117	57 
2118	60 
2119	2 
2120	51 
2121	89 
2122	79 
2123	50 
2124	49 
2125	58 
2126	44 
2127	1 
2128	17 
2129	17 
2130	20 
2131	25 
2132	38 
2133	35 
2134	77 
2135	69 
2136	3 
2137	50 
2138	43 
2139	38 
2140	25 
2141	32 
2142	78 
2143	52 
2144	32 
2145	39 
2146	77 
2147	58 
2148	46 
2149	44 
2150	54 
2151	53 
2152	36 
2153	54 
2154	51 
2155	47 
2156	49 
2157	2 
2158	89 
2159	18 
2160	69 
2161	60 
2162	29 
2163	89 
2164	65 
2165	79 
2166	47 
2167	53 
2168	77 
2169	12 
2170	63 
2171	19 
2172	89 
2173	18 
2174	81 
2175	68 
2176	57 
2177	83 
2178	30 
2179	26 
2180	89 
2181	38 
2182	74 
2183	82 
2184	45 
2185	8 
2186	9 
2187	29 
2188	66 
2189	12 
2190	67 
2191	77 
2192	6 
2193	7 
2194	13 
2195	46 
2196	30 
2197	79 
2198	12 
2199	4 
2200	32 
2201	61 
2202	64 
2203	77 
2204	18 
2205	45 
2206	5 
2207	21 
2208	49 
2209	3 
2210	88 
2211	65 
2212	81 
2213	50 
2214	45 
2215	74 
2216	29 
2217	92 
2218	30 
2219	60 
2220	44 
2221	76 
2222	89 
2223	71 
2224	24 
2225	46 
2226	71 
2227	39 
2228	1 
2229	78 
2230	52 
2231	11 
2232	87 
2233	69 
2234	26 
2235	83 
2236	35 
2237	36 
2238	2 
2239	38 
2240	55 
2241	3 
2242	3 
2243	69 
2244	1 
2245	86 
2246	86 
2247	44 
2248	19 
2249	2 
2250	78 
2251	76 
2252	1 
2253	86 
2254	69 
2255	29 
2256	72 
2257	38 
2258	65 
2259	41 
2260	35 
2261	21 
2262	81 
2263	19 
2264	55 
2265	23 
2266	44 
2267	37 
2268	89 
2269	56 
2270	46 
2271	44 
2272	61 
2273	21 
2274	71 
2275	38 
2276	76 
2277	21 
2278	63 
2279	37 
2280	35 
2281	88 
2282	4 
2283	85 
2284	58 
2285	63 
2286	92 
2287	65 
2288	49 
2289	4 
2290	36 
2291	27 
2292	25 
2293	26 
2294	25 
2295	39 
2296	15 
2297	63 
2298	35 
2299	81 
2300	28 
2301	91 
2302	69 
2303	1 
2304	5 
2305	69 
2306	12 
2307	24 
2308	56 
2309	38 
2310	26 
2311	77 
2312	52 
2313	13 
2314	84 
2315	36 
2316	71 
2317	72 
2318	42 
2319	51 
2320	1 
2321	3 
2322	12 
2323	75 
2324	18 
2325	17 
2326	82 
2327	60 
2328	4 
2329	81 
2330	92 
2331	69 
2332	90 
2333	24 
2334	19 
2335	74 
2336	50 
2337	29 
2338	74 
2339	32 
2340	29 
2341	46 
2342	75 
2343	19 
2344	43 
2345	10 
2346	68 
2347	44 
2348	51 
2349	55 
2350	20 
2351	12 
2352	25 
2353	37 
2354	78 
2355	21 
2356	79 
2357	5 
2358	47 
2359	71 
2360	39 
2361	46 
2362	24 
2363	29 
2364	14 
2365	31 
2366	57 
2367	68 
2368	49 
2369	1 
2370	53 
2371	46 
2372	51 
2373	75 
2374	33 
2375	6 
2376	82 
2377	84 
2378	53 
2379	48 
2380	84 
2381	28 
2382	62 
2383	32 
2384	47 
2385	1 
2386	54 
2387	58 
2388	67 
2389	55 
2390	47 
2391	62 
2392	44 
2393	7 
2394	86 
2395	49 
2396	15 
2397	69 
2398	28 
2399	71 
2400	51 
2401	33 
2402	82 
2403	1 
2404	38 
2405	10 
2406	31 
2407	25 
2408	89 
2409	28 
2410	82 
2411	78 
2412	32 
2413	82 
2414	93 
2415	46 
2416	70 
2417	69 
2418	35 
2419	60 
2420	49 
2421	68 
2422	77 
2423	8 
2424	36 
2425	63 
2426	92 
2427	66 
2428	20 
2429	88 
2430	73 
2431	60 
2432	71 
2433	69 
2434	20 
2435	60 
2436	66 
2437	80 
2438	92 
2439	29 
2440	45 
2441	12 
2442	47 
2443	45 
2444	30 
2445	57 
2446	3 
2447	44 
2448	92 
2449	9 
2450	26 
2451	71 
2452	11 
2453	4 
2454	45 
2455	30 
2456	51 
2457	79 
2458	89 
2459	6 
2460	56 
2461	16 
2462	93 
2463	74 
2464	37 
2465	20 
2466	57 
2467	48 
2468	63 
2469	92 
2470	89 
2471	79 
2472	93 
2473	84 
2474	57 
2475	61 
2476	33 
2477	20 
2478	75 
2479	44 
2480	54 
2481	37 
2482	69 
2483	17 
2484	21 
2485	49 
2486	56 
2487	56 
2488	20 
2489	93 
2490	19 
2491	79 
2492	69 
2493	73 
2494	21 
2495	11 
2496	25 
2497	50 
2498	26 
2499	53 
2500	93 
2501	3 
2502	22 
2503	83 
2504	12 
2505	87 
2506	84 
2507	60 
2508	79 
2509	81 
2510	11 
2511	18 
2512	46 
2513	41 
2514	21 
2515	33 
2516	41 
2517	60 
2518	32 
2519	60 
2520	79 
2521	26 
2522	37 
2523	9 
2524	90 
2525	47 
2526	14 
2527	37 
2528	74 
2529	29 
2530	76 
2531	89 
2532	76 
2533	56 
2534	1 
2535	26 
2536	2 
2537	33 
2538	81 
2539	86 
2540	50 
2541	30 
2542	60 
2543	93 
2544	65 
2545	58 
2546	69 
2547	11 
2548	64 
2549	48 
2550	25 
2551	64 
2552	24 
2553	79 
2554	84 
2555	60 
2556	9 
2557	93 
2558	82 
2559	45 
2560	77 
2561	3 
2562	93 
2563	17 
2564	28 
2565	3 
2566	82 
2567	3 
2568	9 
2569	69 
2570	6 
2571	12 
2572	26 
2573	71 
2574	82 
2575	3 
2576	1 
2577	28 
2578	70 
2579	37 
2580	65 
2581	36 
2582	67 
2583	47 
2584	45 
2585	37 
2586	46 
2587	41 
2588	31 
2589	49 
2590	53 
2591	83 
2592	45 
2593	41 
2594	46 
2595	89 
2596	45 
2597	74 
2598	24 
2599	79 
2600	20 
2601	50 
2602	11 
2603	58 
2604	14 
2605	17 
2606	89 
2607	56 
2608	60 
2609	27 
2610	47 
2611	5 
2612	51 
2613	76 
2614	32 
2615	37 
2616	85 
2617	37 
2618	93 
2619	31 
2620	46 
2621	83 
2622	5 
2623	90 
2624	86 
2625	35 
2626	54 
2627	27 
2628	91 
2629	49 
2630	22 
2631	53 
2632	81 
2633	75 
2634	19 
2635	72 
2636	71 
2637	60 
2638	14 
2639	50 
2640	88 
2641	6 
2642	5 
2643	8 
2644	39 
2645	19 
2646	57 
2647	9 
2648	44 
2649	8 
2650	21 
2651	29 
2652	26 
2653	28 
2654	76 
2655	71 
2656	89 
2657	10 
2658	65 
2659	39 
2660	79 
2661	79 
2662	17 
2663	58 
2664	9 
2665	37 
2666	15 
2667	27 
2668	92 
2669	29 
2670	40 
2671	76 
2672	64 
2673	3 
2674	74 
2675	83 
2676	76 
2677	81 
2678	1 
2679	70 
2680	5 
2681	85 
2682	86 
2683	20 
2684	7 
2685	38 
2686	95 
2687	55 
2688	51 
2689	75 
2690	93 
2691	1 
2692	80 
2693	52 
2694	18 
2695	15 
2696	57 
2697	37 
2698	91 
2699	51 
2700	58 
2701	1 
2702	46 
2703	20 
2704	11 
2705	87 
2706	82 
2707	22 
2708	76 
2709	27 
2710	5 
2711	34 
2712	82 
2713	33 
2714	8 
2715	89 
2716	67 
2717	48 
2718	71 
2719	77 
2720	81 
2721	47 
2722	51 
2723	89 
2724	28 
2725	46 
2726	20 
2727	86 
2728	88 
2729	44 
2730	19 
2731	44 
2732	86 
2733	26 
2734	11 
2735	78 
2736	74 
2737	70 
2738	84 
2739	25 
2740	83 
2741	3 
2742	38 
2743	52 
2744	73 
2745	14 
2746	38 
2747	43 
2748	47 
2749	16 
2750	91 
2751	31 
2752	26 
2753	13 
2754	44 
2755	19 
2756	72 
2757	78 
2758	50 
2759	18 
2760	45 
2761	19 
2762	45 
2763	9 
2764	47 
2765	43 
2766	49 
2767	38 
2768	14 
2769	68 
2770	82 
2771	43 
2772	83 
2773	79 
2774	35 
2775	60 
2776	3 
2777	51 
2778	2 
2779	81 
2780	92 
2781	79 
2782	25 
2783	71 
2784	52 
2785	5 
2786	8 
2787	65 
2788	41 
2789	47 
2790	65 
2791	28 
2792	32 
2793	57 
2794	71 
2795	51 
2796	37 
2797	26 
2798	26 
2799	92 
2800	60 
2801	92 
2802	31 
2803	72 
2804	25 
2805	53 
2806	86 
2807	14 
2808	55 
2809	21 
2810	38 
2811	35 
2812	77 
2813	70 
2814	90 
2815	90 
2816	49 
2817	83 
2818	84 
2819	14 
2820	20 
2821	13 
2822	26 
2823	5 
2824	13 
2825	57 
2826	17 
2827	46 
2828	80 
2829	58 
2830	76 
2831	6 
2832	46 
2833	92 
2834	74 
2835	48 
2836	27 
2837	29 
2838	51 
2839	80 
2840	48 
2841	49 
2842	44 
2843	37 
2844	77 
2845	38 
2846	23 
2847	50 
2848	3 
2849	26 
2850	81 
2851	82 
2852	22 
2853	92 
2854	13 
2855	65 
2856	15 
2857	26 
2858	79 
2859	60 
2860	2 
2861	92 
2862	27 
2863	79 
2864	86 
2865	45 
2866	46 
2867	35 
2868	79 
2869	2 
2870	29 
2871	26 
2872	27 
2873	32 
2874	51 
2875	6 
2876	51 
2877	8 
2878	36 
2879	3 
2880	92 
2881	6 
2882	82 
2883	75 
2884	38 
2885	11 
2886	9 
2887	93 
2888	37 
2889	56 
2890	95 
2891	5 
2892	95 
2893	51 
2894	34 
2895	60 
2896	81 
2897	40 
2898	69 
2899	29 
2900	11 
2901	84 
2902	71 
2903	75 
2904	20 
2905	69 
2906	56 
2907	79 
2908	47 
2909	2 
2910	20 
2911	64 
2912	41 
2913	10 
2914	81 
2915	30 
2916	81 
2917	75 
2918	32 
2919	49 
2920	6 
2921	92 
2922	6 
2923	71 
2924	58 
2925	11 
2926	80 
2927	79 
2928	48 
2929	20 
2930	66 
2931	77 
2932	44 
2933	57 
2934	38 
2935	85 
2936	69 
2937	3 
2938	94 
2939	43 
2940	16 
2941	2 
2942	45 
2943	36 
2944	44 
2945	26 
2946	45 
2947	92 
2948	22 
2949	47 
2950	69 
2951	19 
2952	74 
2953	70 
2954	11 
2955	3 
2956	81 
2957	26 
2958	31 
2959	79 
2960	50 
2961	3 
2962	37 
2963	1 
2964	11 
2965	92 
2966	3 
2967	67 
2968	53 
2969	44 
2970	27 
2971	54 
2972	54 
2973	16 
2974	16 
2975	15 
2976	3 
2977	8 
2978	75 
2979	5 
2980	50 
2981	5 
2982	16 
2983	77 
2984	38 
2985	88 
2986	62 
2987	74 
2988	72 
2989	44 
2990	50 
2991	51 
2992	71 
2993	18 
2994	69 
2995	83 
2996	84 
2997	29 
2998	60 
2999	48 
3000	37 
3001	11 
3002	42 
3003	10 
3004	80 
3005	81 
3006	46 
3007	27 
3008	41 
3009	61 
3010	75 
3011	72 
3012	79 
3013	53 
3014	31 
3015	92 
3016	92 
3017	66 
3018	11 
3019	5 
3020	86 
3021	30 
3022	56 
3023	68 
3024	75 
3025	29 
3026	49 
3027	29 
3028	61 
3029	39 
3030	76 
3031	79 
3032	65 
3033	69 
3034	36 
3035	72 
3036	18 
3037	9 
3038	66 
3039	46 
3040	4 
3041	35 
3042	77 
3043	49 
3044	3 
3045	65 
3046	92 
3047	25 
3048	79 
3049	69 
3050	28 
3051	56 
3052	32 
3053	77 
3054	44 
3055	2 
3056	37 
3057	48 
3058	85 
3059	69 
3060	20 
3061	40 
3062	60 
3063	17 
3064	69 
3065	82 
3066	70 
3067	8 
3068	7 
3069	18 
3070	81 
3071	44 
3072	85 
3073	9 
3074	2 
3075	87 
3076	60 
3077	79 
3078	25 
3079	54 
3080	68 
3081	27 
3082	48 
3083	83 
3084	49 
3085	38 
3086	35 
3087	17 
3088	79 
3089	41 
3090	93 
3091	12 
3092	74 
3093	75 
3094	93 
3095	5 
3096	46 
3097	28 
3098	36 
3099	87 
3100	55 
3101	76 
3102	55 
3103	40 
3104	23 
3105	92 
3106	39 
3107	8 
3108	17 
3109	46 
3110	38 
3111	47 
3112	42 
3113	79 
3114	55 
3115	19 
3116	64 
3117	75 
3118	38 
3119	2 
3120	54 
3121	5 
3122	85 
3123	92 
3124	15 
3125	65 
3126	62 
3127	61 
3128	51 
3129	20 
3130	34 
3131	79 
3132	88 
3133	43 
3134	60 
3135	9 
3136	11 
3137	33 
3138	12 
3139	5 
3140	33 
3141	94 
3142	37 
3143	71 
3144	31 
3145	38 
3146	79 
3147	44 
3148	29 
3149	69 
3150	2 
3151	71 
3152	13 
3153	49 
3154	59 
3155	70 
3156	94 
3157	46 
3158	77 
3159	49 
3160	17 
3161	5 
3162	28 
3163	43 
3164	92 
3165	5 
3166	46 
3167	82 
3168	59 
3169	82 
3170	39 
3171	23 
3172	69 
3173	58 
3174	44 
3175	12 
3176	86 
3177	9 
3178	75 
3179	64 
3180	66 
3181	92 
3182	39 
3183	78 
3184	65 
3185	42 
3186	80 
3187	55 
3188	2 
3189	76 
3190	80 
3191	44 
3192	50 
3193	21 
3194	45 
3195	92 
3196	5 
3197	76 
3198	47 
3199	61 
3200	92 
3201	15 
3202	56 
3203	57 
3204	1 
3205	48 
3206	53 
3207	35 
3208	51 
3209	32 
3210	92 
3211	49 
3212	29 
3213	16 
3214	65 
3215	75 
3216	76 
3217	58 
3218	46 
3219	37 
3220	9 
3221	82 
3222	92 
3223	81 
3224	49 
3225	12 
3226	52 
3227	34 
3228	47 
3229	83 
3230	27 
3231	43 
3232	50 
3233	21 
3234	26 
3235	45 
3236	9 
3237	41 
3238	83 
3239	68 
3240	85 
3241	64 
3242	87 
3243	3 
3244	13 
3245	50 
3246	77 
3247	86 
3248	46 
3249	31 
3250	9 
3251	29 
3252	89 
3253	58 
3254	20 
3255	71 
3256	28 
3257	91 
3258	75 
3259	35 
3260	75 
3261	12 
3262	65 
3263	41 
3264	84 
3265	45 
3266	56 
3267	39 
3268	73 
3269	63 
3270	76 
3271	74 
3272	48 
3273	26 
3274	56 
3275	43 
3276	56 
3277	5 
3278	20 
3279	92 
3280	20 
3281	18 
3282	57 
3283	77 
3284	19 
3285	1 
3286	65 
3287	59 
3288	59 
3289	87 
3290	16 
3291	86 
3292	74 
3293	64 
3294	88 
3295	95 
3296	69 
3297	51 
3298	62 
3299	49 
3300	51 
3301	75 
3302	5 
3303	51 
3304	29 
3305	2 
3306	79 
3307	54 
3308	42 
3309	45 
3310	83 
3311	51 
3312	63 
3313	68 
3314	81 
3315	26 
3316	35 
3317	78 
3318	9 
3319	92 
3320	90 
3321	3 
3322	53 
3323	36 
3324	50 
3325	48 
3326	74 
3327	23 
3328	84 
3329	51 
3330	24 
3331	41 
3332	44 
3333	29 
3334	88 
3335	39 
3336	69 
3337	49 
3338	41 
3339	84 
3340	39 
3341	13 
3342	51 
3343	50 
3344	92 
3345	94 
3346	92 
3347	20 
3348	19 
3349	17 
3350	41 
3351	3 
3352	39 
3353	19 
3354	15 
3355	60 
3356	2 
3357	71 
3358	20 
3359	41 
3360	46 
3361	76 
3362	10 
3363	84 
3364	38 
3365	69 
3366	66 
3367	53 
3368	1 
3369	46 
3370	81 
3371	51 
3372	50 
3373	45 
3374	84 
3375	29 
3376	92 
3377	56 
3378	59 
3379	79 
3380	37 
3381	45 
3382	37 
3383	40 
3384	68 
3385	45 
3386	60 
3387	74 
3388	38 
3389	15 
3390	3 
3391	22 
3392	64 
3393	21 
3394	54 
3395	72 
3396	81 
3397	47 
3398	78 
3399	92 
3400	25 
3401	44 
3402	21 
3403	21 
3404	49 
3405	68 
3406	76 
3407	1 
3408	23 
3409	33 
3410	88 
3411	73 
3412	81 
3413	14 
3414	43 
3415	22 
3416	36 
3417	66 
3418	26 
3419	76 
3420	56 
3421	79 
3422	19 
3423	39 
3424	32 
3425	37 
3426	89 
3427	51 
3428	38 
3429	75 
3430	89 
3431	30 
3432	5 
3433	21 
3434	21 
3435	87 
3436	5 
3437	3 
3438	29 
3439	19 
3440	46 
3441	52 
3442	17 
3443	88 
3444	82 
3445	94 
3446	55 
3447	47 
3448	53 
3449	65 
3450	37 
3451	82 
3452	27 
3453	93 
3454	17 
3455	2 
3456	81 
3457	27 
3458	41 
3459	56 
3460	73 
3461	53 
3462	43 
3463	20 
3464	29 
3465	77 
3466	10 
3467	5 
3468	76 
3469	20 
3470	10 
3471	37 
3472	89 
3473	49 
3474	27 
3475	79 
3476	28 
3477	73 
3478	95 
3479	38 
3480	51 
3481	22 
3482	82 
3483	81 
3484	93 
3485	50 
3486	44 
3487	39 
3488	69 
3489	89 
3490	56 
3491	50 
3492	86 
3493	47 
3494	93 
3495	60 
3496	69 
3497	88 
3498	57 
3499	22 
3500	76 
3501	14 
3502	49 
3503	75 
3504	3 
3505	20 
3506	74 
3507	27 
3508	62 
3509	56 
3510	74 
3511	62 
3512	39 
3513	10 
3514	60 
3515	14 
3516	47 
3517	38 
3518	75 
3519	89 
3520	81 
3521	12 
3522	26 
3523	90 
3524	22 
3525	19 
3526	71 
3527	69 
3528	9 
3529	47 
3530	3 
3531	2 
3532	32 
3533	40 
3534	32 
3535	74 
3536	6 
3537	75 
3538	71 
3539	35 
3540	11 
3541	81 
3542	47 
3543	9 
3544	56 
3545	62 
3546	81 
3547	65 
3548	47 
3549	44 
3550	35 
3551	31 
3552	27 
3553	67 
3554	27 
3555	47 
3556	4 
3557	30 
3558	84 
3559	56 
3560	67 
3561	71 
3562	3 
3563	20 
3564	13 
3565	73 
3566	10 
3567	84 
3568	11 
3569	75 
3570	13 
3571	71 
3572	21 
3573	91 
3574	79 
3575	31 
3576	11 
3577	19 
3578	44 
3579	45 
3580	49 
3581	76 
3582	42 
3583	47 
3584	71 
3585	68 
3586	27 
3587	68 
3588	92 
3589	92 
3590	80 
3591	56 
3592	48 
3593	46 
3594	69 
3595	22 
3596	67 
3597	53 
3598	76 
3599	51 
3600	56 
3601	33 
3602	10 
3603	6 
3604	58 
3605	5 
3606	66 
3607	79 
3608	86 
3609	50 
3610	84 
3611	29 
3612	65 
3613	3 
3614	18 
3615	89 
3616	16 
3617	88 
3618	69 
3619	55 
3620	71 
3621	87 
3622	16 
3623	38 
3624	77 
3625	17 
3626	88 
3627	17 
3628	79 
3629	3 
3630	82 
3631	51 
3632	46 
3633	51 
3634	66 
3635	37 
3636	60 
3637	58 
3638	64 
3639	56 
3640	84 
3641	65 
3642	37 
3643	65 
3644	76 
3645	89 
3646	26 
3647	42 
3648	51 
3649	95 
3650	10 
3651	20 
3652	69 
3653	53 
3654	58 
3655	58 
3656	38 
3657	27 
3658	44 
3659	75 
3660	56 
3661	67 
3662	68 
3663	28 
3664	37 
3665	34 
3666	9 
3667	76 
3668	50 
3669	5 
3670	47 
3671	39 
3672	79 
3673	13 
3674	49 
3675	69 
3676	27 
3677	65 
3678	10 
3679	26 
3680	30 
3681	93 
3682	91 
3683	73 
3684	22 
3685	51 
3686	95 
3687	51 
3688	12 
3689	90 
3690	81 
3691	57 
3692	47 
3693	84 
3694	47 
3695	19 
3696	17 
3697	32 
3698	89 
3699	78 
3700	66 
3701	38 
3702	55 
3703	17 
3704	92 
3705	47 
3706	81 
3707	5 
3708	93 
3709	32 
3710	18 
3711	87 
3712	45 
3713	84 
3714	7 
3715	34 
3716	3 
3717	67 
3718	47 
3719	2 
3720	79 
3721	1 
3722	86 
3723	28 
3724	37 
3725	83 
3726	43 
3727	89 
3728	73 
3729	44 
3730	45 
3731	75 
3732	66 
3733	25 
3734	79 
3735	74 
3736	53 
3737	84 
3738	32 
3739	9 
3740	17 
3741	29 
3742	17 
3743	89 
3744	15 
3745	26 
3746	3 
3747	45 
3748	43 
3749	82 
3750	83 
3751	25 
3752	71 
3753	76 
3754	44 
3755	93 
3756	79 
3757	29 
3758	75 
3759	11 
3760	45 
3761	92 
3762	79 
3763	69 
3764	12 
3765	80 
3766	51 
3767	21 
3768	23 
3769	82 
3770	26 
3771	70 
3772	14 
3773	12 
3774	46 
3775	27 
3776	29 
3777	19 
3778	11 
3779	14 
3780	37 
3781	3 
3782	95 
3783	82 
3784	71 
3785	52 
3786	73 
3787	81 
3788	83 
3789	37 
3790	58 
3791	86 
3792	76 
3793	47 
3794	44 
3795	81 
3796	5 
3797	14 
3798	38 
3799	75 
3800	58 
3801	67 
3802	48 
3803	56 
3804	69 
3805	37 
3806	11 
3807	94 
3808	74 
3809	76 
3810	3 
3811	5 
3812	75 
3813	14 
3814	45 
3815	20 
3816	73 
3817	35 
3818	20 
3819	41 
3820	20 
3821	12 
3822	74 
3823	89 
3824	94 
3825	53 
3826	76 
3827	7 
3828	66 
3829	4 
3830	29 
3831	45 
3832	60 
3833	35 
3834	3 
3835	16 
3836	93 
3837	72 
3838	86 
3839	62 
3840	14 
3841	92 
3842	74 
3843	94 
3844	22 
3845	3 
3846	48 
3847	79 
3848	84 
3849	46 
3850	71 
3851	92 
3852	1 
3853	67 
3854	21 
3855	22 
3856	92 
3857	37 
3858	5 
3859	56 
3860	69 
3861	77 
3862	27 
3863	51 
3864	2 
3865	53 
3866	18 
3867	56 
3868	74 
3869	1 
3870	71 
3871	84 
3872	7 
3873	24 
3874	53 
3875	1 
3876	36 
3877	66 
3878	15 
3879	91 
3880	55 
3881	38 
3882	50 
3883	82 
3884	27 
3885	76 
3886	41 
3887	7 
3888	60 
3889	26 
3890	89 
3891	37 
3892	89 
3893	81 
3894	79 
3895	89 
3896	58 
3897	8 
3898	79 
3899	11 
3900	87 
3901	39 
3902	35 
3903	61 
3904	39 
3905	1 
3906	45 
3907	8 
3908	29 
3909	27 
3910	48 
3911	5 
3912	94 
3913	60 
3914	46 
3915	4 
3916	62 
3917	63 
3918	5 
3919	25 
3920	15 
3921	17 
3922	45 
3923	62 
3924	37 
3925	90 
3926	60 
3927	12 
3928	39 
3929	90 
3930	25 
3931	53 
3932	92 
3933	93 
3934	71 
3935	53 
3936	78 
3937	73 
3938	3 
3939	83 
3940	7 
3941	82 
3942	88 
3943	9 
3944	48 
3945	12 
3946	90 
3947	65 
3948	64 
3949	44 
3950	93 
3951	75 
3952	74 
3953	86 
3954	88 
3955	49 
3956	76 
3957	26 
3958	1 
3959	85 
3960	55 
3961	52 
3962	89 
3963	73 
3964	66 
3965	37 
3966	26 
3967	52 
3968	11 
3969	45 
3970	26 
3971	27 
3972	74 
3973	60 
3974	95 
3975	35 
3976	5 
3977	69 
3978	6 
3979	43 
3980	53 
3981	92 
3982	93 
3983	60 
3984	5 
3985	5 
3986	74 
3987	52 
3988	27 
3989	23 
3990	19 
3991	74 
3992	36 
3993	93 
3994	89 
3995	91 
3996	76 
3997	40 
3998	1 
3999	23 
4000	11 
4001	9 
4002	3 
4003	50 
4004	53 
4005	38 
4006	43 
4007	41 
4008	42 
4009	71 
4010	75 
4011	15 
4012	53 
4013	26 
4014	60 
4015	24 
4016	90 
4017	59 
4018	55 
4019	19 
4020	47 
4021	24 
4022	56 
4023	15 
4024	25 
4025	71 
4026	20 
4027	74 
4028	54 
4029	60 
4030	50 
4031	44 
4032	35 
4033	10 
4034	71 
4035	81 
4036	52 
4037	46 
4038	16 
4039	37 
4040	65 
4041	32 
4042	69 
4043	66 
4044	79 
4045	2 
4046	19 
4047	76 
4048	56 
4049	22 
4050	34 
4051	16 
4052	86 
4053	51 
4054	51 
4055	30 
4056	38 
4057	93 
4058	16 
4059	45 
4060	93 
4061	92 
4062	17 
4063	50 
4064	38 
4065	5 
4066	81 
4067	54 
4068	13 
4069	51 
4070	51 
4071	17 
4072	5 
4073	32 
4074	45 
4075	25 
4076	92 
4077	79 
4078	55 
4079	53 
4080	64 
4081	3 
4082	11 
4083	43 
4084	37 
4085	93 
4086	44 
4087	61 
4088	72 
4089	79 
4090	56 
4091	11 
4092	26 
4093	53 
4094	88 
4095	66 
4096	28 
4097	56 
4098	33 
4099	29 
4100	45 
4101	3 
4102	37 
4103	49 
4104	73 
4105	93 
4106	53 
4107	71 
4108	69 
4109	60 
4110	54 
4111	68 
4112	11 
4113	6 
4114	90 
4115	3 
4116	47 
4117	89 
4118	44 
4119	64 
4120	1 
4121	50 
4122	76 
4123	76 
4124	89 
4125	40 
4126	51 
4127	93 
4128	18 
4129	49 
4130	35 
4131	61 
4132	37 
4133	79 
4134	54 
4135	44 
4136	92 
4137	45 
4138	92 
4139	40 
4140	26 
4141	13 
4142	8 
4143	45 
4144	75 
4145	58 
4146	20 
4147	69 
4148	25 
4149	39 
4150	91 
4151	74 
4152	79 
4153	1 
4154	81 
4155	74 
4156	32 
4157	51 
4158	48 
4159	1 
4160	71 
4161	21 
4162	82 
4163	78 
4164	12 
4165	71 
4166	19 
4167	69 
4168	13 
4169	78 
4170	20 
4171	77 
4172	81 
4173	53 
4174	93 
4175	23 
4176	2 
4177	42 
4178	2 
4179	53 
4180	3 
4181	62 
4182	41 
4183	86 
4184	1 
4185	82 
4186	9 
4187	65 
4188	36 
4189	84 
4190	20 
4191	83 
4192	39 
4193	6 
4194	50 
4195	89 
4196	72 
4197	57 
4198	60 
4199	9 
4200	56 
4201	71 
4202	69 
4203	37 
4204	9 
4205	25 
4206	3 
4207	63 
4208	12 
4209	1 
4210	87 
4211	62 
4212	53 
4213	53 
4214	23 
4215	56 
4216	43 
4217	36 
4218	79 
4219	22 
4220	71 
4221	40 
4222	17 
4223	84 
4224	54 
4225	51 
4226	14 
4227	61 
4228	88 
4229	54 
4230	1 
4231	75 
4232	50 
4233	48 
4234	22 
4235	26 
4236	50 
4237	34 
4238	58 
4239	7 
4240	69 
4241	10 
4242	37 
4243	59 
4244	54 
4245	92 
4246	11 
4247	78 
4248	56 
4249	33 
4250	54 
4251	11 
4252	28 
4253	83 
4254	83 
4255	7 
4256	65 
4257	24 
4258	66 
4259	20 
4260	61 
4261	61 
4262	89 
4263	57 
4264	38 
4265	47 
4266	36 
4267	81 
4268	3 
4269	36 
4270	12 
4271	1 
4272	35 
4273	69 
4274	33 
4275	47 
4276	34 
4277	55 
4278	91 
4279	9 
4280	21 
4281	41 
4282	48 
4283	45 
4284	38 
4285	41 
4286	89 
4287	2 
4288	1 
4289	92 
4290	74 
4291	84 
4292	82 
4293	51 
4294	28 
4295	15 
4296	19 
4297	70 
4298	23 
4299	89 
4300	15 
4301	20 
4302	84 
4303	3 
4304	60 
4305	46 
4306	28 
4307	19 
4308	49 
4309	55 
4310	1 
4311	89 
4312	89 
4313	55 
4314	36 
4315	79 
4316	37 
4317	53 
4318	77 
4319	60 
4320	36 
4321	50 
4322	23 
4323	8 
4324	93 
4325	50 
4326	53 
4327	79 
4328	23 
4329	19 
4330	41 
4331	1 
4332	65 
4333	59 
4334	13 
4335	62 
4336	58 
4337	46 
4338	44 
4339	65 
4340	63 
4341	35 
4342	20 
4343	30 
4344	69 
4345	24 
4346	45 
4347	85 
4348	50 
4349	18 
4350	66 
4351	64 
4352	22 
4353	53 
4354	66 
4355	48 
4356	51 
4357	65 
4358	29 
4359	77 
4360	4 
4361	1 
4362	93 
4363	23 
4364	24 
4365	90 
4366	5 
4367	93 
4368	57 
4369	87 
4370	29 
4371	44 
4372	22 
4373	50 
4374	9 
4375	92 
4376	49 
4377	53 
4378	93 
4379	55 
4380	87 
4381	76 
4382	58 
4383	74 
4384	76 
4385	6 
4386	83 
4387	79 
4388	74 
4389	31 
4390	86 
4391	51 
4392	47 
4393	67 
4394	61 
4395	21 
4396	75 
4397	41 
4398	74 
4399	83 
4400	45 
4401	65 
4402	6 
4403	3 
4404	90 
4405	57 
4406	44 
4407	77 
4408	76 
4409	72 
4410	10 
4411	22 
4412	86 
4413	49 
4414	81 
4415	6 
4416	36 
4417	93 
4418	94 
4419	37 
4420	5 
4421	39 
4422	37 
4423	29 
4424	10 
4425	20 
4426	82 
4427	82 
4428	55 
4429	51 
4430	58 
4431	78 
4432	84 
4433	43 
4434	84 
4435	32 
4436	3 
4437	81 
4438	7 
4439	5 
4440	85 
4441	89 
4442	56 
4443	15 
4444	19 
4445	95 
4446	9 
4447	56 
4448	9 
4449	14 
4450	86 
4451	5 
4452	32 
4453	55 
4454	49 
4455	69 
4456	1 
4457	38 
4458	74 
4459	6 
4460	55 
4461	69 
4462	51 
4463	82 
4464	47 
4465	53 
4466	89 
4467	60 
4468	22 
4469	70 
4470	76 
4471	12 
4472	92 
4473	31 
4474	37 
4475	20 
4476	49 
4477	74 
4478	21 
4479	61 
4480	56 
4481	16 
4482	36 
4483	26 
4484	20 
4485	25 
4486	53 
4487	35 
4488	44 
4489	69 
4490	45 
4491	60 
4492	29 
4493	38 
4494	37 
4495	45 
4496	36 
4497	51 
4498	45 
4499	12 
4500	37 
4501	35 
4502	58 
4503	4 
4504	56 
4505	64 
4506	29 
4507	41 
4508	39 
4509	29 
4510	81 
4511	51 
4512	37 
4513	76 
4514	57 
4515	17 
4516	20 
4517	27 
4518	56 
4519	89 
4520	81 
4521	56 
4522	71 
4523	83 
4524	32 
4525	64 
4526	69 
4527	47 
4528	94 
4529	71 
4530	80 
4531	45 
4532	32 
4533	59 
4534	20 
4535	45 
4536	44 
4537	84 
4538	23 
4539	30 
4540	76 
4541	9 
4542	53 
4543	38 
4544	92 
4545	2 
4546	47 
4547	68 
4548	48 
4549	55 
4550	41 
4551	11 
4552	14 
4553	48 
4554	32 
4555	49 
4556	93 
4557	89 
4558	1 
4559	50 
4560	47 
4561	21 
4562	60 
4563	44 
4564	42 
4565	37 
4566	14 
4567	85 
4568	35 
4569	60 
4570	21 
4571	21 
4572	43 
4573	18 
4574	36 
4575	67 
4576	80 
4577	19 
4578	14 
4579	62 
4580	89 
4581	66 
4582	32 
4583	49 
4584	45 
4585	71 
4586	3 
4587	62 
4588	75 
4589	84 
4590	75 
4591	29 
4592	24 
4593	23 
4594	90 
4595	5 
4596	37 
4597	11 
4598	1 
4599	33 
4600	47 
4601	53 
4602	92 
4603	36 
4604	66 
4605	75 
4606	35 
4607	54 
4608	37 
4609	33 
4610	84 
4611	92 
4612	15 
4613	55 
4614	41 
4615	92 
4616	51 
4617	76 
4618	73 
4619	32 
4620	48 
4621	1 
4622	12 
4623	38 
4624	19 
4625	68 
4626	74 
4627	20 
4628	46 
4629	6 
4630	6 
4631	85 
4632	54 
4633	85 
4634	39 
4635	41 
4636	86 
4637	89 
4638	50 
4639	93 
4640	37 
4641	19 
4642	65 
4643	75 
4644	38 
4645	25 
4646	71 
4647	3 
4648	3 
4649	62 
4650	43 
4651	83 
4652	50 
4653	10 
4654	84 
4655	37 
4656	55 
4657	79 
4658	44 
4659	5 
4660	44 
4661	18 
4662	89 
4663	66 
4664	12 
4665	44 
4666	19 
4667	29 
4668	21 
4669	66 
4670	1 
4671	44 
4672	7 
4673	76 
4674	66 
4675	67 
4676	46 
4677	33 
4678	73 
4679	47 
4680	21 
4681	33 
4682	9 
4683	66 
4684	79 
4685	67 
4686	36 
4687	5 
4688	60 
4689	26 
4690	33 
4691	67 
4692	37 
4693	92 
4694	47 
4695	45 
4696	87 
4697	75 
4698	6 
4699	20 
4700	35 
4701	28 
4702	69 
4703	65 
4704	30 
4705	79 
4706	89 
4707	77 
4708	56 
4709	27 
4710	93 
4711	1 
4712	3 
4713	71 
4714	44 
4715	12 
4716	79 
4717	15 
4718	14 
4719	10 
4720	56 
4721	46 
4722	30 
4723	85 
4724	2 
4725	76 
4726	91 
4727	3 
4728	71 
4729	47 
4730	60 
4731	3 
4732	54 
4733	1 
4734	53 
4735	29 
4736	29 
4737	35 
4738	55 
4739	24 
4740	81 
4741	21 
4742	62 
4743	21 
4744	92 
4745	60 
4746	22 
4747	28 
4748	35 
4749	66 
4750	38 
4751	33 
4752	92 
4753	69 
4754	9 
4755	10 
4756	81 
4757	45 
4758	36 
4759	92 
4760	79 
4761	48 
4762	53 
4763	11 
4764	55 
4765	79 
4766	17 
4767	74 
4768	25 
4769	45 
4770	5 
4771	89 
4772	1 
4773	73 
4774	60 
4775	82 
4776	2 
4777	32 
4778	32 
4779	67 
4780	5 
4781	46 
4782	81 
4783	21 
4784	67 
4785	53 
4786	37 
4787	48 
4788	66 
4789	46 
4790	56 
4791	33 
4792	82 
4793	50 
4794	88 
4795	9 
4796	25 
4797	35 
4798	3 
4799	71 
4800	78 
4801	6 
4802	58 
4803	44 
4804	1 
4805	83 
4806	66 
4807	26 
4808	51 
4809	32 
4810	60 
4811	75 
4812	44 
4813	44 
4814	67 
4815	51 
4816	30 
4817	69 
4818	22 
4819	32 
4820	66 
4821	79 
4822	43 
4823	26 
4824	32 
4825	18 
4826	46 
4827	39 
4828	66 
4829	27 
4830	2 
4831	2 
4832	92 
4833	88 
4834	89 
4835	3 
4836	49 
4837	77 
4838	38 
4839	12 
4840	58 
4841	79 
4842	81 
4843	19 
4844	17 
4845	60 
4846	21 
4847	71 
4848	49 
4849	79 
4850	54 
4851	84 
4852	44 
4853	75 
4854	44 
4855	60 
4856	45 
4857	89 
4858	84 
4859	76 
4860	77 
4861	32 
4862	37 
4863	20 
4864	14 
4865	37 
4866	1 
4867	1 
4868	55 
4869	84 
4870	28 
4871	29 
4872	50 
4873	33 
4874	56 
4875	45 
4876	69 
4877	78 
4878	46 
4879	75 
4880	1 
4881	5 
4882	76 
4883	58 
4884	93 
4885	33 
4886	58 
4887	26 
4888	21 
4889	53 
4890	45 
4891	2 
4892	45 
4893	19 
4894	19 
4895	82 
4896	20 
4897	50 
4898	21 
4899	12 
4900	84 
4901	84 
4902	47 
4903	37 
4904	71 
4905	46 
4906	82 
4907	30 
4908	10 
4909	49 
4910	30 
4911	82 
4912	29 
4913	28 
4914	5 
4915	56 
4916	60 
4917	92 
4918	47 
4919	45 
4920	21 
4921	58 
4922	6 
4923	12 
4924	44 
4925	35 
4926	9 
4927	65 
4928	12 
4929	19 
4930	9 
4931	56 
4932	3 
4933	92 
4934	81 
4935	54 
4936	51 
4937	78 
4938	71 
4939	69 
4940	6 
4941	76 
4942	44 
4943	74 
4944	81 
4945	11 
4946	38 
4947	35 
4948	17 
4949	45 
4950	49 
4951	5 
4952	51 
4953	77 
4954	77 
4955	9 
4956	48 
4957	89 
4958	45 
4959	29 
4960	15 
4961	35 
4962	28 
4963	1 
4964	75 
4965	66 
4966	5 
4967	38 
4968	71 
4969	9 
4970	1 
4971	79 
4972	79 
4973	89 
4974	17 
4975	79 
4976	30 
4977	53 
4978	44 
4979	50 
4980	35 
4981	41 
4982	3 
4983	53 
4984	50 
4985	69 
4986	46 
4987	11 
4988	1 
4989	10 
4990	83 
4991	93 
4992	71 
4993	89 
4994	75 
4995	26 
4996	35 
4997	32 
4998	69 
4999	29 
5000	48 
