1	44 
2	58 
3	21 
4	89 
5	68 
6	6 
7	4 
8	72 
9	92 
10	92 
11	21 
12	82 
13	47 
14	62 
15	86 
16	12 
17	67 
18	43 
19	105 
20	45 
21	62 
22	73 
23	60 
24	60 
25	102 
26	37 
27	42 
28	98 
29	62 
30	61 
31	90 
32	28 
33	73 
34	7 
35	14 
36	30 
37	76 
38	53 
39	77 
40	67 
41	53 
42	34 
43	60 
44	48 
45	106 
46	77 
47	8 
48	89 
49	37 
50	69 
51	82 
52	84 
53	43 
54	38 
55	40 
56	8 
57	67 
58	27 
59	76 
60	95 
61	25 
62	77 
63	34 
64	4 
65	10 
66	71 
67	35 
68	4 
69	14 
70	24 
71	70 
72	101 
73	103 
74	42 
75	69 
76	35 
77	12 
78	89 
79	14 
80	4 
81	58 
82	63 
83	32 
84	23 
85	53 
86	63 
87	36 
88	25 
89	68 
90	40 
91	72 
92	60 
93	43 
94	64 
95	28 
96	79 
97	69 
98	4 
99	103 
100	76 
101	66 
102	59 
103	68 
104	7 
105	82 
106	66 
107	30 
108	43 
109	96 
110	71 
111	33 
112	80 
113	63 
114	66 
115	67 
116	90 
117	94 
118	81 
119	15 
120	103 
121	106 
122	81 
123	48 
124	24 
125	6 
126	88 
127	7 
128	20 
129	30 
130	69 
131	1 
132	96 
133	85 
134	79 
135	14 
136	52 
137	20 
138	87 
139	82 
140	71 
141	23 
142	19 
143	66 
144	30 
145	46 
146	1 
147	23 
148	95 
149	42 
150	89 
151	20 
152	86 
153	4 
154	73 
155	4 
156	59 
157	79 
158	96 
159	90 
160	10 
161	44 
162	46 
163	104 
164	105 
165	44 
166	90 
167	100 
168	9 
169	50 
170	64 
171	89 
172	3 
173	9 
174	63 
175	90 
176	59 
177	32 
178	74 
179	1 
180	81 
181	32 
182	46 
183	34 
184	78 
185	98 
186	86 
187	64 
188	36 
189	33 
190	97 
191	43 
192	56 
193	45 
194	37 
195	95 
196	88 
197	41 
198	70 
199	60 
200	59 
201	76 
202	67 
203	87 
204	88 
205	57 
206	58 
207	90 
208	81 
209	4 
210	76 
211	47 
212	68 
213	81 
214	4 
215	84 
216	1 
217	92 
218	95 
219	28 
220	20 
221	44 
222	103 
223	61 
224	97 
225	42 
226	89 
227	104 
228	14 
229	76 
230	92 
231	76 
232	101 
233	15 
234	52 
235	69 
236	20 
237	101 
238	66 
239	24 
240	101 
241	23 
242	34 
243	4 
244	104 
245	102 
246	6 
247	24 
248	28 
249	47 
250	27 
251	100 
252	101 
253	71 
254	32 
255	82 
256	17 
257	13 
258	4 
259	28 
260	26 
261	43 
262	69 
263	76 
264	4 
265	1 
266	84 
267	63 
268	103 
269	24 
270	4 
271	66 
272	4 
273	103 
274	10 
275	100 
276	99 
277	77 
278	59 
279	3 
280	84 
281	103 
282	62 
283	9 
284	31 
285	61 
286	18 
287	26 
288	36 
289	93 
290	71 
291	20 
292	11 
293	40 
294	5 
295	54 
296	44 
297	66 
298	79 
299	4 
300	76 
301	62 
302	43 
303	19 
304	71 
305	94 
306	67 
307	31 
308	20 
309	25 
310	72 
311	33 
312	28 
313	103 
314	87 
315	39 
316	67 
317	81 
318	78 
319	38 
320	20 
321	42 
322	42 
323	47 
324	58 
325	61 
326	19 
327	5 
328	44 
329	20 
330	11 
331	21 
332	19 
333	47 
334	21 
335	92 
336	79 
337	20 
338	76 
339	25 
340	46 
341	102 
342	75 
343	32 
344	23 
345	62 
346	39 
347	35 
348	20 
349	6 
350	9 
351	52 
352	103 
353	52 
354	14 
355	3 
356	81 
357	20 
358	75 
359	100 
360	62 
361	28 
362	76 
363	47 
364	53 
365	1 
366	76 
367	28 
368	28 
369	28 
370	31 
371	93 
372	87 
373	77 
374	10 
375	95 
376	25 
377	91 
378	4 
379	64 
380	45 
381	93 
382	88 
383	67 
384	10 
385	83 
386	68 
387	3 
388	66 
389	51 
390	101 
391	47 
392	69 
393	60 
394	16 
395	37 
396	40 
397	34 
398	27 
399	60 
400	34 
401	87 
402	19 
403	106 
404	6 
405	64 
406	10 
407	87 
408	66 
409	61 
410	69 
411	99 
412	76 
413	28 
414	70 
415	37 
416	53 
417	76 
418	5 
419	39 
420	7 
421	6 
422	71 
423	13 
424	70 
425	71 
426	60 
427	75 
428	59 
429	21 
430	14 
431	33 
432	47 
433	10 
434	13 
435	70 
436	32 
437	54 
438	92 
439	71 
440	86 
441	49 
442	4 
443	81 
444	43 
445	68 
446	94 
447	17 
448	106 
449	40 
450	84 
451	72 
452	38 
453	67 
454	53 
455	20 
456	70 
457	69 
458	102 
459	52 
460	84 
461	45 
462	64 
463	28 
464	74 
465	11 
466	8 
467	67 
468	1 
469	101 
470	62 
471	34 
472	34 
473	10 
474	101 
475	28 
476	60 
477	66 
478	38 
479	12 
480	62 
481	84 
482	18 
483	52 
484	76 
485	7 
486	54 
487	79 
488	77 
489	26 
490	27 
491	19 
492	99 
493	43 
494	97 
495	20 
496	43 
497	67 
498	86 
499	76 
500	32 
501	67 
502	92 
503	63 
504	79 
505	70 
506	94 
507	62 
508	91 
509	62 
510	7 
511	45 
512	37 
513	6 
514	78 
515	63 
516	7 
517	39 
518	103 
519	61 
520	17 
521	9 
522	93 
523	43 
524	54 
525	73 
526	21 
527	15 
528	82 
529	42 
530	69 
531	19 
532	61 
533	66 
534	28 
535	52 
536	69 
537	35 
538	51 
539	12 
540	74 
541	34 
542	71 
543	43 
544	57 
545	42 
546	67 
547	44 
548	103 
549	8 
550	66 
551	48 
552	43 
553	65 
554	27 
555	10 
556	69 
557	46 
558	68 
559	66 
560	103 
561	23 
562	62 
563	91 
564	91 
565	15 
566	4 
567	22 
568	101 
569	48 
570	36 
571	9 
572	11 
573	54 
574	68 
575	8 
576	38 
577	81 
578	10 
579	91 
580	67 
581	18 
582	52 
583	44 
584	37 
585	90 
586	68 
587	30 
588	58 
589	91 
590	79 
591	14 
592	82 
593	68 
594	20 
595	38 
596	62 
597	60 
598	63 
599	69 
600	5 
601	66 
602	39 
603	5 
604	53 
605	97 
606	80 
607	20 
608	6 
609	9 
610	43 
611	21 
612	63 
613	41 
614	66 
615	41 
616	82 
617	40 
618	100 
619	10 
620	44 
621	89 
622	97 
623	3 
624	31 
625	96 
626	16 
627	9 
628	4 
629	86 
630	34 
631	9 
632	13 
633	96 
634	27 
635	98 
636	101 
637	39 
638	58 
639	66 
640	26 
641	11 
642	5 
643	10 
644	75 
645	6 
646	20 
647	90 
648	79 
649	32 
650	103 
651	40 
652	48 
653	82 
654	75 
655	19 
656	20 
657	8 
658	12 
659	98 
660	92 
661	21 
662	103 
663	84 
664	78 
665	104 
666	14 
667	30 
668	64 
669	84 
670	67 
671	5 
672	104 
673	40 
674	24 
675	77 
676	46 
677	71 
678	80 
679	71 
680	73 
681	40 
682	84 
683	62 
684	26 
685	53 
686	60 
687	58 
688	41 
689	89 
690	33 
691	53 
692	86 
693	23 
694	30 
695	101 
696	94 
697	85 
698	26 
699	80 
700	84 
701	85 
702	96 
703	60 
704	100 
705	68 
706	83 
707	14 
708	70 
709	90 
710	69 
711	80 
712	1 
713	60 
714	71 
715	89 
716	103 
717	75 
718	91 
719	100 
720	11 
721	69 
722	9 
723	43 
724	26 
725	24 
726	51 
727	70 
728	69 
729	76 
730	106 
731	74 
732	18 
733	10 
734	7 
735	72 
736	20 
737	98 
738	66 
739	85 
740	78 
741	53 
742	64 
743	95 
744	84 
745	77 
746	58 
747	98 
748	1 
749	90 
750	93 
751	89 
752	70 
753	66 
754	21 
755	31 
756	87 
757	56 
758	66 
759	100 
760	61 
761	63 
762	79 
763	10 
764	105 
765	4 
766	33 
767	49 
768	4 
769	1 
770	31 
771	105 
772	71 
773	11 
774	79 
775	64 
776	76 
777	84 
778	83 
779	71 
780	84 
781	42 
782	5 
783	53 
784	68 
785	76 
786	89 
787	91 
788	79 
789	61 
790	65 
791	68 
792	8 
793	12 
794	31 
795	91 
796	33 
797	82 
798	87 
799	82 
800	36 
801	32 
802	14 
803	54 
804	34 
805	44 
806	2 
807	98 
808	3 
809	30 
810	19 
811	103 
812	52 
813	2 
814	73 
815	49 
816	71 
817	1 
818	104 
819	14 
820	67 
821	82 
822	103 
823	10 
824	91 
825	98 
826	24 
827	64 
828	83 
829	37 
830	57 
831	26 
832	76 
833	21 
834	64 
835	16 
836	75 
837	43 
838	69 
839	93 
840	79 
841	55 
842	78 
843	46 
844	13 
845	40 
846	33 
847	64 
848	32 
849	54 
850	34 
851	14 
852	34 
853	9 
854	73 
855	70 
856	87 
857	70 
858	84 
859	68 
860	7 
861	17 
862	85 
863	10 
864	17 
865	25 
866	17 
867	34 
868	71 
869	9 
870	47 
871	72 
872	46 
873	70 
874	94 
875	4 
876	63 
877	28 
878	6 
879	20 
880	89 
881	30 
882	75 
883	12 
884	92 
885	101 
886	59 
887	23 
888	57 
889	25 
890	10 
891	71 
892	91 
893	89 
894	51 
895	42 
896	29 
897	8 
898	82 
899	39 
900	19 
901	77 
902	59 
903	28 
904	53 
905	43 
906	75 
907	62 
908	53 
909	70 
910	80 
911	34 
912	67 
913	40 
914	78 
915	23 
916	69 
917	38 
918	91 
919	99 
920	44 
921	8 
922	16 
923	103 
924	83 
925	3 
926	24 
927	42 
928	5 
929	84 
930	87 
931	4 
932	68 
933	10 
934	13 
935	75 
936	6 
937	4 
938	9 
939	20 
940	67 
941	20 
942	23 
943	100 
944	53 
945	27 
946	59 
947	31 
948	54 
949	53 
950	71 
951	37 
952	94 
953	43 
954	4 
955	13 
956	1 
957	9 
958	68 
959	10 
960	23 
961	1 
962	87 
963	82 
964	11 
965	106 
966	89 
967	10 
968	67 
969	82 
970	98 
971	4 
972	70 
973	7 
974	56 
975	32 
976	78 
977	64 
978	56 
979	62 
980	10 
981	74 
982	6 
983	63 
984	82 
985	96 
986	86 
987	53 
988	32 
989	14 
990	27 
991	72 
992	11 
993	9 
994	65 
995	94 
996	59 
997	1 
998	105 
999	54 
1000	25 
1001	104 
1002	88 
1003	102 
1004	62 
1005	86 
1006	37 
1007	71 
1008	83 
1009	21 
1010	11 
1011	26 
1012	86 
1013	3 
1014	34 
1015	17 
1016	79 
1017	89 
1018	20 
1019	67 
1020	55 
1021	94 
1022	55 
1023	81 
1024	84 
1025	53 
1026	77 
1027	61 
1028	100 
1029	66 
1030	5 
1031	86 
1032	14 
1033	6 
1034	4 
1035	69 
1036	40 
1037	71 
1038	18 
1039	67 
1040	4 
1041	12 
1042	100 
1043	91 
1044	71 
1045	60 
1046	79 
1047	41 
1048	44 
1049	37 
1050	61 
1051	56 
1052	76 
1053	19 
1054	20 
1055	88 
1056	76 
1057	103 
1058	76 
1059	11 
1060	34 
1061	52 
1062	73 
1063	66 
1064	63 
1065	2 
1066	34 
1067	44 
1068	87 
1069	20 
1070	69 
1071	43 
1072	61 
1073	52 
1074	48 
1075	30 
1076	90 
1077	62 
1078	74 
1079	82 
1080	27 
1081	63 
1082	30 
1083	8 
1084	90 
1085	72 
1086	44 
1087	4 
1088	98 
1089	34 
1090	82 
1091	36 
1092	101 
1093	86 
1094	34 
1095	95 
1096	95 
1097	20 
1098	84 
1099	48 
1100	88 
1101	47 
1102	75 
1103	90 
1104	87 
1105	39 
1106	99 
1107	79 
1108	101 
1109	13 
1110	44 
1111	4 
1112	4 
1113	63 
1114	37 
1115	42 
1116	98 
1117	23 
1118	5 
1119	79 
1120	75 
1121	43 
1122	26 
1123	36 
1124	17 
1125	28 
1126	28 
1127	76 
1128	56 
1129	62 
1130	63 
1131	43 
1132	30 
1133	80 
1134	80 
1135	80 
1136	42 
1137	90 
1138	100 
1139	12 
1140	22 
1141	6 
1142	20 
1143	15 
1144	84 
1145	71 
1146	50 
1147	6 
1148	70 
1149	79 
1150	69 
1151	6 
1152	32 
1153	15 
1154	59 
1155	9 
1156	52 
1157	44 
1158	105 
1159	67 
1160	40 
1161	20 
1162	96 
1163	79 
1164	40 
1165	70 
1166	32 
1167	21 
1168	67 
1169	44 
1170	59 
1171	29 
1172	96 
1173	28 
1174	74 
1175	76 
1176	84 
1177	40 
1178	23 
1179	75 
1180	69 
1181	100 
1182	8 
1183	9 
1184	9 
1185	6 
1186	105 
1187	50 
1188	9 
1189	76 
1190	68 
1191	84 
1192	100 
1193	79 
1194	15 
1195	106 
1196	13 
1197	43 
1198	101 
1199	102 
1200	17 
1201	85 
1202	19 
1203	69 
1204	52 
1205	103 
1206	87 
1207	58 
1208	20 
1209	14 
1210	18 
1211	37 
1212	63 
1213	87 
1214	26 
1215	72 
1216	95 
1217	9 
1218	61 
1219	40 
1220	23 
1221	47 
1222	47 
1223	66 
1224	91 
1225	73 
1226	49 
1227	58 
1228	69 
1229	47 
1230	96 
1231	32 
1232	2 
1233	5 
1234	24 
1235	12 
1236	70 
1237	87 
1238	74 
1239	12 
1240	71 
1241	77 
1242	71 
1243	71 
1244	23 
1245	17 
1246	68 
1247	65 
1248	90 
1249	103 
1250	100 
1251	78 
1252	35 
1253	95 
1254	97 
1255	91 
1256	77 
1257	88 
1258	59 
1259	43 
1260	104 
1261	60 
1262	98 
1263	98 
1264	41 
1265	46 
1266	45 
1267	12 
1268	51 
1269	98 
1270	61 
1271	74 
1272	94 
1273	68 
1274	20 
1275	41 
1276	57 
1277	106 
1278	103 
1279	82 
1280	64 
1281	6 
1282	3 
1283	87 
1284	105 
1285	32 
1286	67 
1287	14 
1288	64 
1289	60 
1290	68 
1291	46 
1292	64 
1293	11 
1294	19 
1295	40 
1296	39 
1297	98 
1298	69 
1299	26 
1300	91 
1301	76 
1302	12 
1303	25 
1304	76 
1305	58 
1306	91 
1307	42 
1308	96 
1309	98 
1310	53 
1311	26 
1312	82 
1313	26 
1314	100 
1315	63 
1316	103 
1317	32 
1318	22 
1319	76 
1320	87 
1321	71 
1322	90 
1323	87 
1324	84 
1325	29 
1326	40 
1327	103 
1328	48 
1329	7 
1330	61 
1331	66 
1332	40 
1333	15 
1334	71 
1335	94 
1336	28 
1337	94 
1338	28 
1339	49 
1340	16 
1341	47 
1342	1 
1343	69 
1344	37 
1345	94 
1346	69 
1347	3 
1348	32 
1349	42 
1350	88 
1351	4 
1352	51 
1353	30 
1354	62 
1355	99 
1356	19 
1357	100 
1358	97 
1359	49 
1360	62 
1361	16 
1362	71 
1363	24 
1364	65 
1365	39 
1366	20 
1367	92 
1368	98 
1369	2 
1370	35 
1371	28 
1372	1 
1373	35 
1374	44 
1375	71 
1376	14 
1377	11 
1378	104 
1379	20 
1380	53 
1381	103 
1382	79 
1383	94 
1384	27 
1385	28 
1386	9 
1387	12 
1388	1 
1389	13 
1390	67 
1391	94 
1392	46 
1393	26 
1394	32 
1395	26 
1396	2 
1397	76 
1398	62 
1399	61 
1400	63 
1401	14 
1402	59 
1403	29 
1404	97 
1405	106 
1406	4 
1407	89 
1408	101 
1409	54 
1410	67 
1411	31 
1412	17 
1413	71 
1414	84 
1415	67 
1416	71 
1417	103 
1418	53 
1419	79 
1420	57 
1421	75 
1422	37 
1423	100 
1424	59 
1425	94 
1426	64 
1427	89 
1428	63 
1429	98 
1430	80 
1431	6 
1432	71 
1433	6 
1434	62 
1435	9 
1436	9 
1437	72 
1438	16 
1439	20 
1440	76 
1441	98 
1442	104 
1443	8 
1444	64 
1445	93 
1446	75 
1447	32 
1448	106 
1449	87 
1450	28 
1451	44 
1452	18 
1453	18 
1454	5 
1455	9 
1456	37 
1457	6 
1458	38 
1459	35 
1460	104 
1461	18 
1462	17 
1463	59 
1464	45 
1465	53 
1466	94 
1467	99 
1468	105 
1469	14 
1470	15 
1471	16 
1472	74 
1473	105 
1474	101 
1475	85 
1476	6 
1477	99 
1478	10 
1479	19 
1480	1 
1481	61 
1482	82 
1483	25 
1484	17 
1485	15 
1486	40 
1487	73 
1488	34 
1489	53 
1490	76 
1491	100 
1492	57 
1493	94 
1494	11 
1495	105 
1496	6 
1497	31 
1498	79 
1499	34 
1500	54 
1501	19 
1502	1 
1503	44 
1504	38 
1505	68 
1506	101 
1507	75 
1508	15 
1509	25 
1510	44 
1511	49 
1512	79 
1513	89 
1514	101 
1515	90 
1516	96 
1517	63 
1518	56 
1519	94 
1520	79 
1521	26 
1522	98 
1523	68 
1524	44 
1525	103 
1526	53 
1527	42 
1528	71 
1529	63 
1530	16 
1531	71 
1532	33 
1533	24 
1534	62 
1535	45 
1536	2 
1537	86 
1538	54 
1539	41 
1540	46 
1541	90 
1542	71 
1543	55 
1544	100 
1545	40 
1546	54 
1547	100 
1548	90 
1549	34 
1550	9 
1551	10 
1552	55 
1553	18 
1554	58 
1555	18 
1556	94 
1557	100 
1558	69 
1559	58 
1560	10 
1561	63 
1562	9 
1563	61 
1564	10 
1565	57 
1566	70 
1567	72 
1568	2 
1569	27 
1570	43 
1571	37 
1572	78 
1573	101 
1574	67 
1575	69 
1576	44 
1577	19 
1578	101 
1579	5 
1580	9 
1581	77 
1582	67 
1583	24 
1584	90 
1585	87 
1586	94 
1587	33 
1588	87 
1589	104 
1590	60 
1591	87 
1592	48 
1593	10 
1594	21 
1595	103 
1596	94 
1597	104 
1598	91 
1599	75 
1600	3 
1601	48 
1602	94 
1603	62 
1604	43 
1605	91 
1606	67 
1607	40 
1608	79 
1609	76 
1610	90 
1611	4 
1612	26 
1613	87 
1614	20 
1615	50 
1616	82 
1617	45 
1618	37 
1619	63 
1620	15 
1621	32 
1622	50 
1623	100 
1624	106 
1625	63 
1626	63 
1627	106 
1628	39 
1629	64 
1630	22 
1631	52 
1632	82 
1633	81 
1634	13 
1635	52 
1636	101 
1637	51 
1638	103 
1639	65 
1640	84 
1641	64 
1642	63 
1643	100 
1644	44 
1645	53 
1646	26 
1647	98 
1648	42 
1649	17 
1650	43 
1651	32 
1652	43 
1653	40 
1654	2 
1655	26 
1656	18 
1657	98 
1658	47 
1659	69 
1660	45 
1661	86 
1662	43 
1663	27 
1664	90 
1665	23 
1666	60 
1667	103 
1668	11 
1669	89 
1670	36 
1671	25 
1672	65 
1673	47 
1674	60 
1675	81 
1676	63 
1677	11 
1678	71 
1679	79 
1680	94 
1681	91 
1682	75 
1683	40 
1684	10 
1685	49 
1686	20 
1687	40 
1688	64 
1689	11 
1690	10 
1691	20 
1692	23 
1693	67 
1694	96 
1695	70 
1696	52 
1697	16 
1698	88 
1699	69 
1700	68 
1701	5 
1702	66 
1703	10 
1704	75 
1705	91 
1706	52 
1707	10 
1708	28 
1709	91 
1710	83 
1711	61 
1712	67 
1713	34 
1714	15 
1715	20 
1716	68 
1717	19 
1718	19 
1719	68 
1720	6 
1721	103 
1722	79 
1723	84 
1724	104 
1725	32 
1726	10 
1727	44 
1728	54 
1729	32 
1730	103 
1731	87 
1732	48 
1733	26 
1734	67 
1735	8 
1736	106 
1737	37 
1738	90 
1739	91 
1740	64 
1741	85 
1742	54 
1743	42 
1744	18 
1745	83 
1746	67 
1747	7 
1748	45 
1749	44 
1750	42 
1751	84 
1752	92 
1753	4 
1754	42 
1755	66 
1756	88 
1757	83 
1758	1 
1759	94 
1760	62 
1761	88 
1762	76 
1763	64 
1764	4 
1765	86 
1766	10 
1767	78 
1768	11 
1769	84 
1770	28 
1771	12 
1772	43 
1773	40 
1774	62 
1775	61 
1776	20 
1777	74 
1778	52 
1779	1 
1780	83 
1781	12 
1782	71 
1783	60 
1784	69 
1785	70 
1786	78 
1787	30 
1788	44 
1789	3 
1790	103 
1791	59 
1792	106 
1793	51 
1794	70 
1795	85 
1796	21 
1797	40 
1798	60 
1799	40 
1800	11 
1801	21 
1802	9 
1803	105 
1804	62 
1805	33 
1806	25 
1807	18 
1808	79 
1809	89 
1810	86 
1811	9 
1812	83 
1813	56 
1814	8 
1815	10 
1816	5 
1817	54 
1818	96 
1819	66 
1820	89 
1821	101 
1822	23 
1823	27 
1824	33 
1825	53 
1826	84 
1827	44 
1828	100 
1829	83 
1830	28 
1831	76 
1832	80 
1833	15 
1834	49 
1835	10 
1836	68 
1837	12 
1838	76 
1839	36 
1840	37 
1841	87 
1842	80 
1843	76 
1844	98 
1845	39 
1846	34 
1847	4 
1848	80 
1849	20 
1850	63 
1851	63 
1852	74 
1853	64 
1854	20 
1855	82 
1856	34 
1857	52 
1858	26 
1859	9 
1860	10 
1861	9 
1862	32 
1863	54 
1864	72 
1865	58 
1866	25 
1867	67 
1868	104 
1869	94 
1870	48 
1871	60 
1872	37 
1873	37 
1874	63 
1875	28 
1876	50 
1877	76 
1878	10 
1879	20 
1880	30 
1881	105 
1882	15 
1883	37 
1884	92 
1885	26 
1886	33 
1887	10 
1888	88 
1889	72 
1890	37 
1891	95 
1892	76 
1893	80 
1894	86 
1895	87 
1896	21 
1897	70 
1898	43 
1899	9 
1900	35 
1901	103 
1902	83 
1903	106 
1904	33 
1905	14 
1906	78 
1907	63 
1908	64 
1909	10 
1910	26 
1911	78 
1912	101 
1913	79 
1914	93 
1915	88 
1916	32 
1917	33 
1918	86 
1919	9 
1920	10 
1921	84 
1922	47 
1923	60 
1924	64 
1925	6 
1926	84 
1927	4 
1928	6 
1929	92 
1930	17 
1931	67 
1932	84 
1933	72 
1934	17 
1935	2 
1936	21 
1937	71 
1938	15 
1939	14 
1940	15 
1941	57 
1942	94 
1943	23 
1944	40 
1945	98 
1946	9 
1947	52 
1948	36 
1949	94 
1950	24 
1951	68 
1952	49 
1953	26 
1954	69 
1955	75 
1956	100 
1957	84 
1958	56 
1959	7 
1960	4 
1961	14 
1962	88 
1963	56 
1964	101 
1965	45 
1966	92 
1967	44 
1968	20 
1969	59 
1970	37 
1971	63 
1972	68 
1973	6 
1974	40 
1975	43 
1976	18 
1977	21 
1978	20 
1979	69 
1980	16 
1981	57 
1982	106 
1983	25 
1984	15 
1985	63 
1986	102 
1987	84 
1988	66 
1989	64 
1990	58 
1991	50 
1992	95 
1993	63 
1994	68 
1995	90 
1996	20 
1997	20 
1998	66 
1999	67 
2000	26 
2001	106 
2002	82 
2003	88 
2004	94 
2005	68 
2006	60 
2007	94 
2008	26 
2009	101 
2010	40 
2011	63 
2012	87 
2013	23 
2014	17 
2015	103 
2016	100 
2017	78 
2018	52 
2019	37 
2020	6 
2021	91 
2022	53 
2023	74 
2024	1 
2025	63 
2026	7 
2027	27 
2028	92 
2029	37 
2030	70 
2031	92 
2032	67 
2033	3 
2034	20 
2035	4 
2036	73 
2037	14 
2038	60 
2039	60 
2040	9 
2041	96 
2042	64 
2043	12 
2044	27 
2045	89 
2046	71 
2047	62 
2048	27 
2049	68 
2050	57 
2051	88 
2052	76 
2053	30 
2054	89 
2055	93 
2056	40 
2057	8 
2058	2 
2059	90 
2060	104 
2061	4 
2062	70 
2063	9 
2064	84 
2065	81 
2066	26 
2067	25 
2068	14 
2069	75 
2070	53 
2071	38 
2072	59 
2073	6 
2074	4 
2075	24 
2076	68 
2077	10 
2078	60 
2079	44 
2080	55 
2081	92 
2082	38 
2083	66 
2084	100 
2085	17 
2086	90 
2087	57 
2088	62 
2089	37 
2090	50 
2091	93 
2092	46 
2093	11 
2094	1 
2095	61 
2096	37 
2097	24 
2098	12 
2099	38 
2100	23 
2101	40 
2102	96 
2103	95 
2104	90 
2105	36 
2106	89 
2107	71 
2108	39 
2109	56 
2110	97 
2111	35 
2112	24 
2113	81 
2114	106 
2115	96 
2116	6 
2117	40 
2118	63 
2119	29 
2120	36 
2121	88 
2122	61 
2123	37 
2124	53 
2125	67 
2126	37 
2127	100 
2128	40 
2129	43 
2130	74 
2131	100 
2132	32 
2133	5 
2134	16 
2135	52 
2136	83 
2137	8 
2138	29 
2139	90 
2140	4 
2141	62 
2142	45 
2143	97 
2144	102 
2145	106 
2146	1 
2147	62 
2148	8 
2149	47 
2150	84 
2151	98 
2152	72 
2153	84 
2154	94 
2155	89 
2156	1 
2157	92 
2158	66 
2159	63 
2160	101 
2161	40 
2162	100 
2163	33 
2164	85 
2165	70 
2166	75 
2167	87 
2168	66 
2169	100 
2170	71 
2171	23 
2172	82 
2173	63 
2174	54 
2175	40 
2176	76 
2177	71 
2178	27 
2179	98 
2180	37 
2181	35 
2182	40 
2183	9 
2184	32 
2185	42 
2186	59 
2187	66 
2188	51 
2189	49 
2190	71 
2191	66 
2192	79 
2193	70 
2194	13 
2195	66 
2196	27 
2197	71 
2198	37 
2199	70 
2200	63 
2201	97 
2202	41 
2203	36 
2204	48 
2205	102 
2206	59 
2207	43 
2208	82 
2209	15 
2210	91 
2211	74 
2212	71 
2213	76 
2214	91 
2215	27 
2216	81 
2217	8 
2218	69 
2219	59 
2220	45 
2221	14 
2222	106 
2223	11 
2224	14 
2225	70 
2226	20 
2227	106 
2228	50 
2229	63 
2230	34 
2231	27 
2232	63 
2233	69 
2234	104 
2235	10 
2236	58 
2237	38 
2238	6 
2239	18 
2240	80 
2241	95 
2242	40 
2243	39 
2244	23 
2245	29 
2246	52 
2247	90 
2248	68 
2249	31 
2250	100 
2251	70 
2252	39 
2253	97 
2254	47 
2255	10 
2256	103 
2257	17 
2258	37 
2259	8 
2260	82 
2261	38 
2262	103 
2263	38 
2264	95 
2265	27 
2266	21 
2267	63 
2268	69 
2269	89 
2270	92 
2271	23 
2272	60 
2273	66 
2274	10 
2275	37 
2276	36 
2277	89 
2278	64 
2279	61 
2280	10 
2281	24 
2282	31 
2283	59 
2284	104 
2285	94 
2286	4 
2287	77 
2288	74 
2289	69 
2290	100 
2291	7 
2292	79 
2293	100 
2294	19 
2295	36 
2296	60 
2297	66 
2298	40 
2299	12 
2300	35 
2301	79 
2302	82 
2303	101 
2304	83 
2305	106 
2306	68 
2307	4 
2308	25 
2309	98 
2310	70 
2311	43 
2312	27 
2313	21 
2314	46 
2315	76 
2316	10 
2317	92 
2318	30 
2319	51 
2320	45 
2321	52 
2322	28 
2323	104 
2324	69 
2325	101 
2326	5 
2327	59 
2328	43 
2329	45 
2330	68 
2331	41 
2332	4 
2333	3 
2334	96 
2335	9 
2336	66 
2337	91 
2338	75 
2339	27 
2340	43 
2341	55 
2342	42 
2343	106 
2344	64 
2345	94 
2346	81 
2347	78 
2348	67 
2349	35 
2350	89 
2351	5 
2352	25 
2353	51 
2354	25 
2355	106 
2356	37 
2357	29 
2358	35 
2359	55 
2360	98 
2361	104 
2362	6 
2363	23 
2364	60 
2365	79 
2366	17 
2367	87 
2368	88 
2369	54 
2370	32 
2371	50 
2372	9 
2373	33 
2374	44 
2375	71 
2376	9 
2377	63 
2378	64 
2379	71 
2380	76 
2381	54 
2382	68 
2383	63 
2384	54 
2385	1 
2386	96 
2387	12 
2388	28 
2389	105 
2390	90 
2391	52 
2392	77 
2393	11 
2394	103 
2395	94 
2396	103 
2397	104 
2398	10 
2399	64 
2400	53 
2401	73 
2402	93 
2403	37 
2404	55 
2405	44 
2406	14 
2407	59 
2408	78 
2409	65 
2410	64 
2411	68 
2412	6 
2413	9 
2414	37 
2415	82 
2416	19 
2417	94 
2418	92 
2419	23 
2420	106 
2421	7 
2422	90 
2423	45 
2424	16 
2425	25 
2426	66 
2427	92 
2428	32 
2429	45 
2430	37 
2431	67 
2432	30 
2433	40 
2434	63 
2435	22 
2436	33 
2437	1 
2438	61 
2439	99 
2440	3 
2441	96 
2442	72 
2443	10 
2444	91 
2445	25 
2446	69 
2447	33 
2448	37 
2449	9 
2450	45 
2451	44 
2452	31 
2453	66 
2454	61 
2455	41 
2456	45 
2457	76 
2458	68 
2459	80 
2460	32 
2461	4 
2462	55 
2463	44 
2464	94 
2465	39 
2466	61 
2467	82 
2468	36 
2469	34 
2470	28 
2471	44 
2472	11 
2473	92 
2474	8 
2475	32 
2476	24 
2477	17 
2478	37 
2479	44 
2480	14 
2481	24 
2482	19 
2483	97 
2484	96 
2485	5 
2486	6 
2487	68 
2488	11 
2489	30 
2490	8 
2491	44 
2492	9 
2493	3 
2494	66 
2495	37 
2496	11 
2497	79 
2498	20 
2499	11 
2500	47 
2501	32 
2502	97 
2503	71 
2504	106 
2505	78 
2506	47 
2507	14 
2508	78 
2509	98 
2510	59 
2511	71 
2512	69 
2513	4 
2514	43 
2515	20 
2516	13 
2517	85 
2518	80 
2519	7 
2520	78 
2521	103 
2522	8 
2523	100 
2524	94 
2525	72 
2526	76 
2527	13 
2528	70 
2529	23 
2530	103 
2531	9 
2532	39 
2533	40 
2534	64 
2535	100 
2536	82 
2537	14 
2538	91 
2539	21 
2540	1 
2541	94 
2542	58 
2543	66 
2544	71 
2545	90 
2546	79 
2547	41 
2548	101 
2549	23 
2550	7 
2551	95 
2552	59 
2553	47 
2554	68 
2555	60 
2556	12 
2557	78 
2558	10 
2559	76 
2560	67 
2561	10 
2562	37 
2563	4 
2564	96 
2565	25 
2566	69 
2567	53 
2568	90 
2569	88 
2570	43 
2571	14 
2572	100 
2573	91 
2574	100 
2575	100 
2576	6 
2577	6 
2578	31 
2579	65 
2580	27 
2581	90 
2582	47 
2583	68 
2584	6 
2585	66 
2586	34 
2587	63 
2588	105 
2589	23 
2590	45 
2591	81 
2592	1 
2593	20 
2594	105 
2595	66 
2596	95 
2597	6 
2598	63 
2599	88 
2600	4 
2601	10 
2602	15 
2603	23 
2604	82 
2605	95 
2606	6 
2607	36 
2608	42 
2609	26 
2610	7 
2611	35 
2612	86 
2613	38 
2614	2 
2615	72 
2616	43 
2617	7 
2618	43 
2619	94 
2620	89 
2621	11 
2622	6 
2623	21 
2624	71 
2625	5 
2626	22 
2627	54 
2628	85 
2629	20 
2630	9 
2631	50 
2632	12 
2633	18 
2634	65 
2635	19 
2636	27 
2637	10 
2638	66 
2639	3 
2640	60 
2641	4 
2642	45 
2643	2 
2644	48 
2645	14 
2646	34 
2647	48 
2648	32 
2649	15 
2650	83 
2651	92 
2652	59 
2653	64 
2654	95 
2655	47 
2656	4 
2657	11 
2658	73 
2659	62 
2660	10 
2661	57 
2662	14 
2663	9 
2664	5 
2665	104 
2666	89 
2667	37 
2668	39 
2669	2 
2670	103 
2671	66 
2672	51 
2673	14 
2674	63 
2675	71 
2676	54 
2677	6 
2678	79 
2679	69 
2680	54 
2681	71 
2682	57 
2683	70 
2684	43 
2685	104 
2686	59 
2687	66 
2688	45 
2689	2 
2690	90 
2691	6 
2692	77 
2693	80 
2694	4 
2695	84 
2696	67 
2697	41 
2698	66 
2699	26 
2700	69 
2701	69 
2702	92 
2703	88 
2704	14 
2705	68 
2706	23 
2707	87 
2708	66 
2709	11 
2710	61 
2711	52 
2712	65 
2713	2 
2714	103 
2715	64 
2716	92 
2717	61 
2718	76 
2719	65 
2720	94 
2721	19 
2722	59 
2723	4 
2724	53 
2725	83 
2726	11 
2727	42 
2728	48 
2729	38 
2730	26 
2731	69 
2732	14 
2733	7 
2734	56 
2735	12 
2736	66 
2737	27 
2738	89 
2739	22 
2740	47 
2741	36 
2742	66 
2743	82 
2744	96 
2745	1 
2746	38 
2747	57 
2748	66 
2749	101 
2750	63 
2751	74 
2752	63 
2753	104 
2754	101 
2755	9 
2756	106 
2757	71 
2758	40 
2759	75 
2760	90 
2761	32 
2762	74 
2763	14 
2764	83 
2765	23 
2766	44 
2767	18 
2768	73 
2769	21 
2770	17 
2771	39 
2772	32 
2773	6 
2774	83 
2775	4 
2776	105 
2777	6 
2778	19 
2779	90 
2780	104 
2781	42 
2782	87 
2783	29 
2784	66 
2785	89 
2786	72 
2787	2 
2788	4 
2789	68 
2790	71 
2791	27 
2792	58 
2793	37 
2794	79 
2795	28 
2796	103 
2797	51 
2798	61 
2799	104 
2800	100 
2801	49 
2802	40 
2803	70 
2804	89 
2805	60 
2806	102 
2807	63 
2808	20 
2809	105 
2810	79 
2811	39 
2812	67 
2813	10 
2814	15 
2815	4 
2816	63 
2817	87 
2818	23 
2819	88 
2820	69 
2821	82 
2822	31 
2823	79 
2824	65 
2825	26 
2826	15 
2827	71 
2828	98 
2829	19 
2830	18 
2831	69 
2832	64 
2833	11 
2834	73 
2835	4 
2836	82 
2837	19 
2838	71 
2839	57 
2840	87 
2841	82 
2842	57 
2843	14 
2844	26 
2845	62 
2846	89 
2847	34 
2848	35 
2849	65 
2850	2 
2851	40 
2852	1 
2853	10 
2854	40 
2855	4 
2856	10 
2857	63 
2858	28 
2859	68 
2860	62 
2861	7 
2862	31 
2863	13 
2864	58 
2865	46 
2866	27 
2867	46 
2868	86 
2869	40 
2870	34 
2871	92 
2872	86 
2873	37 
2874	32 
2875	31 
2876	106 
2877	60 
2878	27 
2879	4 
2880	14 
2881	77 
2882	63 
2883	102 
2884	68 
2885	6 
2886	26 
2887	15 
2888	88 
2889	23 
2890	86 
2891	103 
2892	84 
2893	69 
2894	69 
2895	86 
2896	87 
2897	96 
2898	100 
2899	60 
2900	64 
2901	9 
2902	76 
2903	68 
2904	68 
2905	92 
2906	94 
2907	86 
2908	8 
2909	64 
2910	18 
2911	98 
2912	26 
2913	70 
2914	103 
2915	34 
2916	79 
2917	39 
2918	53 
2919	58 
2920	60 
2921	41 
2922	63 
2923	43 
2924	32 
2925	37 
2926	106 
2927	59 
2928	65 
2929	82 
2930	59 
2931	43 
2932	37 
2933	106 
2934	97 
2935	71 
2936	75 
2937	54 
2938	84 
2939	78 
2940	89 
2941	77 
2942	66 
2943	84 
2944	33 
2945	106 
2946	10 
2947	26 
2948	106 
2949	49 
2950	98 
2951	10 
2952	64 
2953	39 
2954	84 
2955	63 
2956	34 
2957	18 
2958	94 
2959	40 
2960	9 
2961	65 
2962	37 
2963	74 
2964	64 
2965	21 
2966	8 
2967	104 
2968	66 
2969	62 
2970	9 
2971	24 
2972	48 
2973	99 
2974	71 
2975	20 
2976	106 
2977	78 
2978	37 
2979	75 
2980	39 
2981	38 
2982	33 
2983	54 
2984	106 
2985	55 
2986	6 
2987	51 
2988	55 
2989	35 
2990	19 
2991	11 
2992	23 
2993	14 
2994	8 
2995	11 
2996	40 
2997	24 
2998	76 
2999	9 
3000	8 
3001	37 
3002	1 
3003	85 
3004	10 
3005	32 
3006	29 
3007	87 
3008	103 
3009	75 
3010	59 
3011	9 
3012	10 
3013	26 
3014	98 
3015	84 
3016	54 
3017	89 
3018	83 
3019	26 
3020	56 
3021	96 
3022	60 
3023	75 
3024	62 
3025	28 
3026	79 
3027	77 
3028	104 
3029	40 
3030	103 
3031	30 
3032	18 
3033	35 
3034	104 
3035	80 
3036	18 
3037	40 
3038	98 
3039	65 
3040	40 
3041	91 
3042	100 
3043	85 
3044	64 
3045	70 
3046	48 
3047	15 
3048	16 
3049	79 
3050	96 
3051	49 
3052	62 
3053	36 
3054	78 
3055	32 
3056	43 
3057	103 
3058	95 
3059	94 
3060	63 
3061	74 
3062	22 
3063	79 
3064	31 
3065	2 
3066	89 
3067	88 
3068	88 
3069	69 
3070	90 
3071	95 
3072	66 
3073	103 
3074	23 
3075	75 
3076	66 
3077	37 
3078	28 
3079	23 
3080	3 
3081	51 
3082	28 
3083	96 
3084	43 
3085	19 
3086	14 
3087	76 
3088	10 
3089	50 
3090	38 
3091	11 
3092	39 
3093	4 
3094	21 
3095	100 
3096	43 
3097	20 
3098	43 
3099	66 
3100	14 
3101	76 
3102	71 
3103	70 
3104	78 
3105	64 
3106	11 
3107	71 
3108	9 
3109	87 
3110	62 
3111	54 
3112	60 
3113	69 
3114	64 
3115	37 
3116	71 
3117	29 
3118	70 
3119	14 
3120	13 
3121	88 
3122	24 
3123	34 
3124	15 
3125	19 
3126	90 
3127	67 
3128	103 
3129	61 
3130	24 
3131	47 
3132	30 
3133	61 
3134	52 
3135	61 
3136	14 
3137	1 
3138	20 
3139	43 
3140	103 
3141	84 
3142	26 
3143	34 
3144	23 
3145	87 
3146	60 
3147	44 
3148	19 
3149	15 
3150	103 
3151	42 
3152	76 
3153	21 
3154	89 
3155	90 
3156	93 
3157	69 
3158	40 
3159	40 
3160	80 
3161	47 
3162	17 
3163	5 
3164	10 
3165	83 
3166	22 
3167	67 
3168	15 
3169	100 
3170	27 
3171	40 
3172	90 
3173	2 
3174	79 
3175	4 
3176	23 
3177	62 
3178	83 
3179	62 
3180	69 
3181	43 
3182	75 
3183	95 
3184	92 
3185	72 
3186	59 
3187	10 
3188	71 
3189	95 
3190	40 
3191	26 
3192	44 
3193	28 
3194	6 
3195	43 
3196	17 
3197	14 
3198	100 
3199	24 
3200	90 
3201	28 
3202	53 
3203	88 
3204	60 
3205	3 
3206	104 
3207	60 
3208	103 
3209	50 
3210	73 
3211	9 
3212	27 
3213	12 
3214	9 
3215	37 
3216	100 
3217	22 
3218	30 
3219	4 
3220	78 
3221	40 
3222	53 
3223	95 
3224	43 
3225	23 
3226	60 
3227	71 
3228	81 
3229	24 
3230	20 
3231	81 
3232	22 
3233	104 
3234	58 
3235	5 
3236	43 
3237	96 
3238	103 
3239	35 
3240	3 
3241	20 
3242	30 
3243	52 
3244	55 
3245	94 
3246	11 
3247	93 
3248	44 
3249	15 
3250	80 
3251	66 
3252	94 
3253	100 
3254	63 
3255	61 
3256	79 
3257	32 
3258	62 
3259	72 
3260	100 
3261	100 
3262	75 
3263	73 
3264	38 
3265	21 
3266	37 
3267	48 
3268	38 
3269	90 
3270	20 
3271	91 
3272	98 
3273	23 
3274	4 
3275	66 
3276	72 
3277	69 
3278	96 
3279	24 
3280	6 
3281	99 
3282	64 
3283	103 
3284	60 
3285	103 
3286	101 
3287	45 
3288	91 
3289	98 
3290	3 
3291	61 
3292	32 
3293	61 
3294	47 
3295	64 
3296	68 
3297	54 
3298	99 
3299	26 
3300	32 
3301	43 
3302	14 
3303	81 
3304	21 
3305	6 
3306	44 
3307	83 
3308	41 
3309	69 
3310	83 
3311	61 
3312	16 
3313	23 
3314	4 
3315	76 
3316	4 
3317	48 
3318	44 
3319	37 
3320	39 
3321	87 
3322	62 
3323	101 
3324	103 
3325	9 
3326	74 
3327	63 
3328	97 
3329	64 
3330	87 
3331	86 
3332	8 
3333	11 
3334	32 
3335	98 
3336	19 
3337	33 
3338	1 
3339	9 
3340	76 
3341	38 
3342	20 
3343	98 
3344	80 
3345	54 
3346	1 
3347	4 
3348	80 
3349	64 
3350	34 
3351	31 
3352	70 
3353	17 
3354	59 
3355	62 
3356	14 
3357	88 
3358	5 
3359	25 
3360	104 
3361	66 
3362	61 
3363	105 
3364	57 
3365	11 
3366	69 
3367	66 
3368	78 
3369	43 
3370	103 
3371	45 
3372	4 
3373	23 
3374	100 
3375	27 
3376	14 
3377	23 
3378	75 
3379	67 
3380	58 
3381	100 
3382	76 
3383	82 
3384	79 
3385	54 
3386	17 
3387	7 
3388	58 
3389	13 
3390	52 
3391	51 
3392	63 
3393	48 
3394	64 
3395	15 
3396	86 
3397	76 
3398	26 
3399	63 
3400	11 
3401	78 
3402	71 
3403	51 
3404	101 
3405	50 
3406	9 
3407	19 
3408	104 
3409	92 
3410	73 
3411	47 
3412	85 
3413	94 
3414	69 
3415	92 
3416	66 
3417	20 
3418	44 
3419	87 
3420	42 
3421	17 
3422	33 
3423	7 
3424	66 
3425	72 
3426	90 
3427	96 
3428	69 
3429	14 
3430	4 
3431	43 
3432	62 
3433	53 
3434	16 
3435	90 
3436	78 
3437	44 
3438	66 
3439	33 
3440	26 
3441	70 
3442	57 
3443	9 
3444	40 
3445	51 
3446	69 
3447	20 
3448	32 
3449	96 
3450	5 
3451	75 
3452	9 
3453	20 
3454	40 
3455	15 
3456	31 
3457	12 
3458	9 
3459	18 
3460	100 
3461	82 
3462	77 
3463	37 
3464	86 
3465	17 
3466	31 
3467	20 
3468	10 
3469	26 
3470	91 
3471	44 
3472	99 
3473	106 
3474	105 
3475	92 
3476	84 
3477	90 
3478	9 
3479	19 
3480	97 
3481	56 
3482	31 
3483	104 
3484	11 
3485	3 
3486	17 
3487	87 
3488	17 
3489	69 
3490	18 
3491	42 
3492	45 
3493	66 
3494	28 
3495	76 
3496	3 
3497	29 
3498	56 
3499	71 
3500	45 
3501	78 
3502	104 
3503	85 
3504	21 
3505	100 
3506	25 
3507	2 
3508	65 
3509	83 
3510	25 
3511	61 
3512	43 
3513	3 
3514	79 
3515	90 
3516	75 
3517	98 
3518	79 
3519	71 
3520	105 
3521	103 
3522	67 
3523	75 
3524	7 
3525	63 
3526	91 
3527	74 
3528	29 
3529	46 
3530	99 
3531	21 
3532	13 
3533	19 
3534	6 
3535	93 
3536	35 
3537	56 
3538	104 
3539	86 
3540	94 
3541	89 
3542	79 
3543	21 
3544	66 
3545	89 
3546	80 
3547	56 
3548	78 
3549	80 
3550	62 
3551	26 
3552	40 
3553	52 
3554	68 
3555	52 
3556	10 
3557	17 
3558	21 
3559	33 
3560	65 
3561	78 
3562	69 
3563	17 
3564	59 
3565	8 
3566	15 
3567	75 
3568	18 
3569	54 
3570	71 
3571	94 
3572	31 
3573	45 
3574	43 
3575	57 
3576	78 
3577	69 
3578	11 
3579	76 
3580	62 
3581	24 
3582	40 
3583	19 
3584	106 
3585	37 
3586	51 
3587	87 
3588	93 
3589	86 
3590	89 
3591	20 
3592	33 
3593	34 
3594	75 
3595	45 
3596	92 
3597	104 
3598	85 
3599	84 
3600	28 
3601	23 
3602	102 
3603	59 
3604	69 
3605	63 
3606	13 
3607	27 
3608	91 
3609	38 
3610	7 
3611	30 
3612	104 
3613	48 
3614	26 
3615	11 
3616	18 
3617	28 
3618	77 
3619	26 
3620	97 
3621	37 
3622	92 
3623	101 
3624	14 
3625	32 
3626	29 
3627	64 
3628	53 
3629	87 
3630	12 
3631	90 
3632	75 
3633	95 
3634	101 
3635	84 
3636	79 
3637	26 
3638	49 
3639	27 
3640	14 
3641	69 
3642	50 
3643	101 
3644	79 
3645	102 
3646	90 
3647	66 
3648	4 
3649	99 
3650	9 
3651	14 
3652	14 
3653	63 
3654	37 
3655	80 
3656	72 
3657	97 
3658	33 
3659	24 
3660	79 
3661	28 
3662	40 
3663	75 
3664	80 
3665	37 
3666	25 
3667	16 
3668	69 
3669	103 
3670	75 
3671	6 
3672	61 
3673	69 
3674	5 
3675	88 
3676	33 
3677	21 
3678	20 
3679	79 
3680	83 
3681	63 
3682	60 
3683	45 
3684	32 
3685	4 
3686	12 
3687	37 
3688	11 
3689	37 
3690	63 
3691	79 
3692	89 
3693	25 
3694	69 
3695	69 
3696	76 
3697	9 
3698	90 
3699	76 
3700	36 
3701	67 
3702	14 
3703	87 
3704	17 
3705	34 
3706	60 
3707	70 
3708	69 
3709	58 
3710	94 
3711	16 
3712	106 
3713	104 
3714	5 
3715	91 
3716	25 
3717	5 
3718	12 
3719	63 
3720	103 
3721	60 
3722	22 
3723	90 
3724	43 
3725	73 
3726	90 
3727	71 
3728	6 
3729	35 
3730	62 
3731	89 
3732	51 
3733	88 
3734	40 
3735	67 
3736	106 
3737	40 
3738	44 
3739	58 
3740	20 
3741	90 
3742	45 
3743	101 
3744	20 
3745	76 
3746	30 
3747	9 
3748	18 
3749	69 
3750	63 
3751	34 
3752	95 
3753	10 
3754	10 
3755	9 
3756	14 
3757	87 
3758	75 
3759	28 
3760	9 
3761	66 
3762	51 
3763	29 
3764	96 
3765	91 
3766	44 
3767	55 
3768	66 
3769	89 
3770	63 
3771	66 
3772	27 
3773	68 
3774	58 
3775	97 
3776	30 
3777	95 
3778	40 
3779	43 
3780	67 
3781	20 
3782	11 
3783	4 
3784	76 
3785	9 
3786	13 
3787	106 
3788	23 
3789	15 
3790	67 
3791	67 
3792	64 
3793	100 
3794	52 
3795	19 
3796	55 
3797	9 
3798	32 
3799	60 
3800	68 
3801	105 
3802	31 
3803	58 
3804	92 
3805	103 
3806	58 
3807	78 
3808	73 
3809	4 
3810	88 
3811	60 
3812	28 
3813	15 
3814	98 
3815	52 
3816	82 
3817	2 
3818	105 
3819	69 
3820	75 
3821	66 
3822	78 
3823	98 
3824	12 
3825	87 
3826	66 
3827	71 
3828	104 
3829	69 
3830	88 
3831	61 
3832	20 
3833	74 
3834	106 
3835	19 
3836	62 
3837	60 
3838	20 
3839	21 
3840	22 
3841	101 
3842	49 
3843	43 
3844	15 
3845	91 
3846	31 
3847	105 
3848	14 
3849	63 
3850	71 
3851	67 
3852	62 
3853	76 
3854	84 
3855	6 
3856	15 
3857	60 
3858	71 
3859	66 
3860	71 
3861	105 
3862	40 
3863	106 
3864	89 
3865	84 
3866	92 
3867	92 
3868	10 
3869	76 
3870	95 
3871	78 
3872	101 
3873	87 
3874	12 
3875	83 
3876	90 
3877	76 
3878	38 
3879	8 
3880	95 
3881	98 
3882	90 
3883	64 
3884	14 
3885	38 
3886	92 
3887	48 
3888	45 
3889	64 
3890	59 
3891	41 
3892	11 
3893	66 
3894	92 
3895	69 
3896	69 
3897	55 
3898	22 
3899	103 
3900	10 
3901	6 
3902	92 
3903	86 
3904	84 
3905	61 
3906	25 
3907	96 
3908	4 
3909	98 
3910	46 
3911	70 
3912	98 
3913	91 
3914	105 
3915	76 
3916	69 
3917	4 
3918	74 
3919	84 
3920	53 
3921	33 
3922	44 
3923	91 
3924	105 
3925	45 
3926	76 
3927	56 
3928	14 
3929	43 
3930	71 
3931	40 
3932	4 
3933	11 
3934	1 
3935	68 
3936	60 
3937	88 
3938	40 
3939	94 
3940	4 
3941	87 
3942	86 
3943	63 
3944	43 
3945	27 
3946	90 
3947	32 
3948	43 
3949	75 
3950	12 
3951	11 
3952	26 
3953	78 
3954	4 
3955	44 
3956	28 
3957	63 
3958	81 
3959	70 
3960	21 
3961	29 
3962	101 
3963	97 
3964	76 
3965	44 
3966	68 
3967	70 
3968	103 
3969	44 
3970	60 
3971	25 
3972	103 
3973	86 
3974	26 
3975	12 
3976	47 
3977	80 
3978	15 
3979	82 
3980	101 
3981	61 
3982	90 
3983	86 
3984	103 
3985	65 
3986	42 
3987	21 
3988	34 
3989	62 
3990	26 
3991	43 
3992	2 
3993	9 
3994	15 
3995	9 
3996	32 
3997	69 
3998	4 
3999	101 
4000	100 
4001	80 
4002	104 
4003	75 
4004	51 
4005	78 
4006	71 
4007	26 
4008	92 
4009	69 
4010	4 
4011	4 
4012	2 
4013	8 
4014	78 
4015	23 
4016	100 
4017	9 
4018	81 
4019	106 
4020	68 
4021	29 
4022	10 
4023	41 
4024	6 
4025	81 
4026	90 
4027	69 
4028	75 
4029	84 
4030	10 
4031	73 
4032	89 
4033	47 
4034	62 
4035	64 
4036	34 
4037	71 
4038	68 
4039	34 
4040	82 
4041	63 
4042	83 
4043	37 
4044	69 
4045	46 
4046	75 
4047	100 
4048	14 
4049	72 
4050	69 
4051	13 
4052	37 
4053	39 
4054	92 
4055	41 
4056	49 
4057	53 
4058	71 
4059	82 
4060	86 
4061	26 
4062	9 
4063	34 
4064	80 
4065	79 
4066	44 
4067	28 
4068	14 
4069	58 
4070	34 
4071	51 
4072	69 
4073	79 
4074	11 
4075	22 
4076	66 
4077	68 
4078	43 
4079	17 
4080	3 
4081	87 
4082	32 
4083	6 
4084	20 
4085	91 
4086	15 
4087	53 
4088	6 
4089	78 
4090	15 
4091	59 
4092	20 
4093	78 
4094	24 
4095	20 
4096	92 
4097	106 
4098	31 
4099	26 
4100	76 
4101	7 
4102	90 
4103	44 
4104	12 
4105	62 
4106	102 
4107	84 
4108	4 
4109	86 
4110	11 
4111	26 
4112	11 
4113	6 
4114	62 
4115	87 
4116	64 
4117	98 
4118	16 
4119	78 
4120	26 
4121	59 
4122	79 
4123	39 
4124	2 
4125	36 
4126	6 
4127	96 
4128	49 
4129	91 
4130	13 
4131	28 
4132	91 
4133	100 
4134	63 
4135	18 
4136	3 
4137	80 
4138	98 
4139	95 
4140	34 
4141	2 
4142	79 
4143	102 
4144	83 
4145	5 
4146	64 
4147	68 
4148	100 
4149	63 
4150	49 
4151	16 
4152	69 
4153	46 
4154	63 
4155	60 
4156	62 
4157	102 
4158	67 
4159	64 
4160	34 
4161	23 
4162	22 
4163	45 
4164	74 
4165	54 
4166	32 
4167	46 
4168	10 
4169	42 
4170	43 
4171	93 
4172	88 
4173	14 
4174	106 
4175	90 
4176	24 
4177	66 
4178	60 
4179	100 
4180	94 
4181	17 
4182	6 
4183	70 
4184	68 
4185	15 
4186	38 
4187	89 
4188	49 
4189	5 
4190	7 
4191	21 
4192	80 
4193	101 
4194	66 
4195	80 
4196	62 
4197	70 
4198	83 
4199	40 
4200	46 
4201	69 
4202	52 
4203	64 
4204	35 
4205	64 
4206	67 
4207	36 
4208	32 
4209	63 
4210	28 
4211	30 
4212	28 
4213	72 
4214	87 
4215	42 
4216	4 
4217	106 
4218	63 
4219	55 
4220	100 
4221	77 
4222	61 
4223	4 
4224	93 
4225	69 
4226	36 
4227	71 
4228	20 
4229	9 
4230	69 
4231	8 
4232	69 
4233	7 
4234	62 
4235	1 
4236	99 
4237	14 
4238	45 
4239	14 
4240	11 
4241	47 
4242	81 
4243	79 
4244	99 
4245	56 
4246	66 
4247	60 
4248	15 
4249	91 
4250	83 
4251	12 
4252	66 
4253	66 
4254	4 
4255	94 
4256	18 
4257	3 
4258	6 
4259	63 
4260	69 
4261	82 
4262	43 
4263	14 
4264	40 
4265	4 
4266	106 
4267	9 
4268	44 
4269	64 
4270	91 
4271	87 
4272	37 
4273	32 
4274	35 
4275	2 
4276	9 
4277	79 
4278	22 
4279	10 
4280	104 
4281	43 
4282	21 
4283	29 
4284	43 
4285	4 
4286	59 
4287	43 
4288	87 
4289	4 
4290	79 
4291	101 
4292	52 
4293	20 
4294	55 
4295	54 
4296	48 
4297	71 
4298	50 
4299	61 
4300	91 
4301	89 
4302	43 
4303	53 
4304	39 
4305	63 
4306	77 
4307	3 
4308	63 
4309	25 
4310	51 
4311	34 
4312	14 
4313	46 
4314	98 
4315	79 
4316	34 
4317	11 
4318	17 
4319	38 
4320	37 
4321	66 
4322	68 
4323	61 
4324	14 
4325	6 
4326	41 
4327	32 
4328	70 
4329	99 
4330	51 
4331	89 
4332	75 
4333	104 
4334	9 
4335	37 
4336	57 
4337	37 
4338	79 
4339	19 
4340	21 
4341	57 
4342	49 
4343	21 
4344	79 
4345	54 
4346	63 
4347	44 
4348	7 
4349	69 
4350	58 
4351	6 
4352	68 
4353	17 
4354	26 
4355	19 
4356	71 
4357	106 
4358	94 
4359	13 
4360	19 
4361	104 
4362	91 
4363	43 
4364	15 
4365	52 
4366	15 
4367	81 
4368	26 
4369	100 
4370	44 
4371	6 
4372	21 
4373	75 
4374	11 
4375	51 
4376	66 
4377	28 
4378	98 
4379	49 
4380	46 
4381	70 
4382	16 
4383	99 
4384	76 
4385	34 
4386	81 
4387	44 
4388	22 
4389	17 
4390	39 
4391	62 
4392	21 
4393	103 
4394	10 
4395	101 
4396	78 
4397	78 
4398	37 
4399	44 
4400	43 
4401	60 
4402	64 
4403	15 
4404	98 
4405	51 
4406	18 
4407	37 
4408	60 
4409	43 
4410	103 
4411	48 
4412	90 
4413	48 
4414	77 
4415	10 
4416	18 
4417	12 
4418	99 
4419	20 
4420	17 
4421	21 
4422	83 
4423	39 
4424	63 
4425	95 
4426	17 
4427	26 
4428	66 
4429	60 
4430	76 
4431	62 
4432	24 
4433	59 
4434	82 
4435	91 
4436	57 
4437	42 
4438	100 
4439	62 
4440	86 
4441	44 
4442	87 
4443	61 
4444	16 
4445	92 
4446	88 
4447	66 
4448	96 
4449	90 
4450	51 
4451	39 
4452	20 
4453	103 
4454	100 
4455	100 
4456	46 
4457	84 
4458	36 
4459	12 
4460	40 
4461	55 
4462	95 
4463	78 
4464	30 
4465	71 
4466	47 
4467	87 
4468	69 
4469	90 
4470	61 
4471	68 
4472	20 
4473	27 
4474	87 
4475	77 
4476	10 
4477	58 
4478	25 
4479	79 
4480	81 
4481	20 
4482	95 
4483	12 
4484	56 
4485	102 
4486	14 
4487	32 
4488	68 
4489	90 
4490	14 
4491	51 
4492	103 
4493	71 
4494	25 
4495	62 
4496	64 
4497	62 
4498	46 
4499	75 
4500	63 
4501	39 
4502	1 
4503	3 
4504	34 
4505	68 
4506	10 
4507	20 
4508	33 
4509	79 
4510	63 
4511	4 
4512	79 
4513	88 
4514	30 
4515	84 
4516	25 
4517	65 
4518	48 
4519	75 
4520	63 
4521	5 
4522	9 
4523	87 
4524	44 
4525	28 
4526	60 
4527	104 
4528	9 
4529	9 
4530	40 
4531	71 
4532	7 
4533	40 
4534	64 
4535	67 
4536	14 
4537	46 
4538	42 
4539	98 
4540	8 
4541	14 
4542	93 
4543	56 
4544	35 
4545	23 
4546	51 
4547	9 
4548	102 
4549	54 
4550	34 
4551	12 
4552	45 
4553	90 
4554	80 
4555	63 
4556	25 
4557	35 
4558	14 
4559	21 
4560	70 
4561	52 
4562	90 
4563	90 
4564	8 
4565	85 
4566	19 
4567	25 
4568	22 
4569	82 
4570	17 
4571	68 
4572	95 
4573	3 
4574	66 
4575	80 
4576	103 
4577	70 
4578	90 
4579	67 
4580	50 
4581	71 
4582	47 
4583	69 
4584	70 
4585	13 
4586	37 
4587	21 
4588	70 
4589	76 
4590	37 
4591	70 
4592	26 
4593	98 
4594	11 
4595	1 
4596	10 
4597	44 
4598	62 
4599	68 
4600	36 
4601	69 
4602	28 
4603	38 
4604	10 
4605	23 
4606	42 
4607	85 
4608	18 
4609	63 
4610	25 
4611	6 
4612	11 
4613	97 
4614	77 
4615	25 
4616	9 
4617	10 
4618	17 
4619	69 
4620	14 
4621	95 
4622	35 
4623	36 
4624	10 
4625	8 
4626	13 
4627	56 
4628	4 
4629	65 
4630	74 
4631	72 
4632	34 
4633	1 
4634	10 
4635	25 
4636	1 
4637	3 
4638	21 
4639	4 
4640	98 
4641	37 
4642	45 
4643	11 
4644	50 
4645	20 
4646	27 
4647	53 
4648	14 
4649	88 
4650	62 
4651	36 
4652	61 
4653	37 
4654	78 
4655	66 
4656	37 
4657	63 
4658	25 
4659	12 
4660	67 
4661	11 
4662	66 
4663	48 
4664	26 
4665	49 
4666	42 
4667	90 
4668	43 
4669	78 
4670	63 
4671	93 
4672	80 
4673	99 
4674	84 
4675	51 
4676	95 
4677	62 
4678	10 
4679	29 
4680	78 
4681	105 
4682	102 
4683	57 
4684	88 
4685	88 
4686	76 
4687	106 
4688	64 
4689	13 
4690	75 
4691	93 
4692	106 
4693	103 
4694	96 
4695	19 
4696	28 
4697	64 
4698	4 
4699	44 
4700	101 
4701	25 
4702	104 
4703	41 
4704	19 
4705	100 
4706	51 
4707	31 
4708	28 
4709	70 
4710	94 
4711	83 
4712	82 
4713	5 
4714	47 
4715	69 
4716	27 
4717	17 
4718	23 
4719	53 
4720	47 
4721	36 
4722	63 
4723	60 
4724	51 
4725	42 
4726	50 
4727	76 
4728	32 
4729	3 
4730	106 
4731	66 
4732	51 
4733	76 
4734	64 
4735	1 
4736	90 
4737	76 
4738	89 
4739	84 
4740	18 
4741	44 
4742	63 
4743	21 
4744	68 
4745	98 
4746	43 
4747	90 
4748	28 
4749	100 
4750	86 
4751	14 
4752	4 
4753	13 
4754	67 
4755	92 
4756	9 
4757	32 
4758	55 
4759	43 
4760	9 
4761	46 
4762	26 
4763	87 
4764	89 
4765	11 
4766	6 
4767	95 
4768	6 
4769	13 
4770	24 
4771	96 
4772	71 
4773	40 
4774	90 
4775	9 
4776	58 
4777	74 
4778	39 
4779	73 
4780	32 
4781	43 
4782	19 
4783	79 
4784	17 
4785	89 
4786	66 
4787	57 
4788	57 
4789	74 
4790	71 
4791	16 
4792	38 
4793	62 
4794	1 
4795	13 
4796	40 
4797	6 
4798	21 
4799	26 
4800	80 
4801	4 
4802	27 
4803	92 
4804	58 
4805	19 
4806	20 
4807	37 
4808	46 
4809	66 
4810	72 
4811	92 
4812	32 
4813	61 
4814	71 
4815	100 
4816	79 
4817	54 
4818	76 
4819	46 
4820	16 
4821	40 
4822	7 
4823	3 
4824	91 
4825	86 
4826	105 
4827	16 
4828	66 
4829	40 
4830	79 
4831	75 
4832	33 
4833	53 
4834	22 
4835	34 
4836	45 
4837	59 
4838	55 
4839	27 
4840	12 
4841	61 
4842	102 
4843	90 
4844	97 
4845	81 
4846	98 
4847	24 
4848	31 
4849	63 
4850	60 
4851	96 
4852	43 
4853	89 
4854	95 
4855	64 
4856	75 
4857	23 
4858	10 
4859	66 
4860	63 
4861	14 
4862	19 
4863	10 
4864	85 
4865	20 
4866	69 
4867	42 
4868	82 
4869	76 
4870	52 
4871	95 
4872	60 
4873	18 
4874	25 
4875	87 
4876	47 
4877	44 
4878	79 
4879	88 
4880	90 
4881	82 
4882	79 
4883	5 
4884	16 
4885	47 
4886	10 
4887	49 
4888	94 
4889	9 
4890	14 
4891	91 
4892	10 
4893	20 
4894	4 
4895	79 
4896	58 
4897	92 
4898	43 
4899	96 
4900	39 
4901	82 
4902	24 
4903	86 
4904	96 
4905	90 
4906	63 
4907	71 
4908	90 
4909	91 
4910	106 
4911	101 
4912	23 
4913	59 
4914	4 
4915	9 
4916	58 
4917	21 
4918	16 
4919	64 
4920	51 
4921	58 
4922	31 
4923	13 
4924	40 
4925	94 
4926	59 
4927	49 
4928	86 
4929	62 
4930	90 
4931	6 
4932	70 
4933	55 
4934	40 
4935	57 
4936	90 
4937	16 
4938	87 
4939	6 
4940	77 
4941	29 
4942	80 
4943	100 
4944	20 
4945	44 
4946	6 
4947	21 
4948	37 
4949	31 
4950	9 
4951	24 
4952	88 
4953	54 
4954	103 
4955	60 
4956	14 
4957	50 
4958	79 
4959	106 
4960	67 
4961	15 
4962	82 
4963	103 
4964	46 
4965	84 
4966	63 
4967	9 
4968	42 
4969	75 
4970	11 
4971	69 
4972	27 
4973	37 
4974	67 
4975	20 
4976	82 
4977	75 
4978	82 
4979	4 
4980	78 
4981	103 
4982	34 
4983	87 
4984	100 
4985	19 
4986	11 
4987	27 
4988	2 
4989	4 
4990	3 
4991	85 
4992	31 
4993	37 
4994	78 
4995	79 
4996	54 
4997	14 
4998	38 
4999	38 
5000	89 
