1	10 
2	75 
3	77 
4	88 
5	77 
6	107 
7	78 
8	38 
9	92 
10	103 
11	65 
12	32 
13	42 
14	64 
15	2 
16	46 
17	57 
18	97 
19	99 
20	20 
21	52 
22	87 
23	98 
24	10 
25	74 
26	54 
27	33 
28	88 
29	25 
30	98 
31	81 
32	32 
33	84 
34	54 
35	35 
36	63 
37	46 
38	60 
39	21 
40	42 
41	5 
42	95 
43	9 
44	76 
45	99 
46	14 
47	8 
48	96 
49	3 
50	25 
51	18 
52	10 
53	87 
54	10 
55	61 
56	80 
57	43 
58	17 
59	34 
60	58 
61	76 
62	64 
63	11 
64	40 
65	86 
66	27 
67	10 
68	92 
69	36 
70	106 
71	52 
72	88 
73	98 
74	13 
75	54 
76	95 
77	3 
78	3 
79	25 
80	46 
81	104 
82	19 
83	73 
84	83 
85	26 
86	103 
87	68 
88	3 
89	69 
90	98 
91	56 
92	70 
93	84 
94	63 
95	91 
96	58 
97	75 
98	92 
99	43 
100	92 
101	27 
102	26 
103	73 
104	64 
105	90 
106	4 
107	49 
108	98 
109	45 
110	75 
111	43 
112	26 
113	68 
114	96 
115	49 
116	69 
117	28 
118	15 
119	53 
120	70 
121	53 
122	10 
123	46 
124	60 
125	5 
126	2 
127	10 
128	43 
129	16 
130	15 
131	83 
132	9 
133	35 
134	71 
135	51 
136	10 
137	51 
138	76 
139	12 
140	91 
141	28 
142	66 
143	51 
144	81 
145	14 
146	84 
147	83 
148	90 
149	107 
150	25 
151	52 
152	4 
153	56 
154	48 
155	3 
156	17 
157	54 
158	33 
159	75 
160	39 
161	23 
162	98 
163	68 
164	4 
165	92 
166	96 
167	82 
168	11 
169	66 
170	8 
171	20 
172	28 
173	63 
174	92 
175	9 
176	107 
177	86 
178	90 
179	80 
180	56 
181	5 
182	67 
183	75 
184	62 
185	45 
186	70 
187	107 
188	70 
189	33 
190	80 
191	41 
192	71 
193	56 
194	14 
195	25 
196	56 
197	53 
198	78 
199	86 
200	21 
201	86 
202	18 
203	102 
204	72 
205	70 
206	88 
207	52 
208	90 
209	84 
210	99 
211	48 
212	8 
213	74 
214	69 
215	51 
216	103 
217	72 
218	96 
219	3 
220	10 
221	10 
222	34 
223	32 
224	41 
225	27 
226	52 
227	89 
228	3 
229	104 
230	60 
231	34 
232	91 
233	61 
234	6 
235	84 
236	1 
237	20 
238	97 
239	37 
240	68 
241	77 
242	97 
243	96 
244	15 
245	101 
246	74 
247	96 
248	94 
249	97 
250	17 
251	3 
252	43 
253	68 
254	88 
255	31 
256	69 
257	58 
258	29 
259	51 
260	103 
261	1 
262	26 
263	90 
264	84 
265	70 
266	68 
267	21 
268	55 
269	103 
270	36 
271	62 
272	30 
273	81 
274	92 
275	83 
276	68 
277	54 
278	98 
279	90 
280	27 
281	102 
282	56 
283	92 
284	70 
285	84 
286	86 
287	12 
288	70 
289	101 
290	3 
291	72 
292	12 
293	9 
294	27 
295	68 
296	97 
297	98 
298	36 
299	71 
300	55 
301	105 
302	83 
303	62 
304	95 
305	72 
306	23 
307	33 
308	77 
309	49 
310	57 
311	86 
312	86 
313	74 
314	27 
315	87 
316	46 
317	21 
318	93 
319	107 
320	22 
321	97 
322	46 
323	45 
324	61 
325	63 
326	42 
327	1 
328	83 
329	104 
330	58 
331	51 
332	56 
333	97 
334	42 
335	48 
336	30 
337	90 
338	14 
339	38 
340	68 
341	97 
342	64 
343	85 
344	4 
345	49 
346	60 
347	83 
348	70 
349	102 
350	84 
351	95 
352	104 
353	68 
354	90 
355	47 
356	76 
357	22 
358	84 
359	92 
360	26 
361	60 
362	19 
363	58 
364	85 
365	35 
366	107 
367	71 
368	48 
369	45 
370	23 
371	55 
372	13 
373	37 
374	68 
375	94 
376	19 
377	100 
378	19 
379	60 
380	66 
381	1 
382	10 
383	5 
384	14 
385	103 
386	65 
387	68 
388	90 
389	42 
390	96 
391	98 
392	88 
393	90 
394	78 
395	86 
396	13 
397	72 
398	76 
399	63 
400	107 
401	19 
402	81 
403	58 
404	25 
405	21 
406	52 
407	100 
408	57 
409	63 
410	92 
411	53 
412	29 
413	29 
414	49 
415	98 
416	98 
417	46 
418	71 
419	17 
420	3 
421	96 
422	4 
423	86 
424	43 
425	97 
426	1 
427	15 
428	43 
429	46 
430	19 
431	60 
432	92 
433	17 
434	54 
435	39 
436	61 
437	18 
438	41 
439	36 
440	105 
441	92 
442	14 
443	99 
444	90 
445	51 
446	107 
447	5 
448	33 
449	77 
450	97 
451	34 
452	12 
453	55 
454	65 
455	48 
456	22 
457	90 
458	49 
459	25 
460	48 
461	5 
462	100 
463	99 
464	22 
465	45 
466	34 
467	63 
468	25 
469	85 
470	64 
471	3 
472	87 
473	56 
474	14 
475	14 
476	26 
477	68 
478	4 
479	38 
480	44 
481	6 
482	97 
483	95 
484	87 
485	2 
486	24 
487	47 
488	18 
489	19 
490	103 
491	56 
492	54 
493	4 
494	99 
495	68 
496	86 
497	46 
498	34 
499	27 
500	9 
501	90 
502	75 
503	78 
504	42 
505	51 
506	41 
507	19 
508	96 
509	58 
510	62 
511	34 
512	104 
513	56 
514	91 
515	30 
516	19 
517	105 
518	97 
519	96 
520	86 
521	87 
522	97 
523	104 
524	27 
525	30 
526	5 
527	103 
528	48 
529	27 
530	45 
531	76 
532	7 
533	107 
534	64 
535	77 
536	67 
537	7 
538	33 
539	9 
540	2 
541	91 
542	55 
543	20 
544	105 
545	33 
546	97 
547	11 
548	53 
549	48 
550	4 
551	96 
552	19 
553	25 
554	78 
555	27 
556	100 
557	85 
558	68 
559	38 
560	24 
561	55 
562	90 
563	42 
564	46 
565	17 
566	38 
567	73 
568	99 
569	72 
570	90 
571	104 
572	53 
573	87 
574	48 
575	86 
576	42 
577	90 
578	101 
579	56 
580	62 
581	26 
582	63 
583	65 
584	88 
585	23 
586	44 
587	52 
588	56 
589	106 
590	91 
591	38 
592	78 
593	27 
594	73 
595	4 
596	61 
597	18 
598	14 
599	61 
600	30 
601	87 
602	23 
603	43 
604	51 
605	34 
606	90 
607	74 
608	46 
609	43 
610	14 
611	104 
612	15 
613	25 
614	63 
615	87 
616	66 
617	102 
618	104 
619	54 
620	57 
621	33 
622	9 
623	74 
624	46 
625	56 
626	44 
627	98 
628	14 
629	27 
630	61 
631	38 
632	105 
633	67 
634	101 
635	86 
636	77 
637	79 
638	56 
639	61 
640	46 
641	39 
642	97 
643	16 
644	106 
645	43 
646	42 
647	63 
648	92 
649	98 
650	25 
651	34 
652	21 
653	98 
654	18 
655	91 
656	100 
657	56 
658	91 
659	10 
660	82 
661	30 
662	58 
663	92 
664	97 
665	9 
666	37 
667	71 
668	23 
669	10 
670	60 
671	8 
672	53 
673	53 
674	50 
675	24 
676	48 
677	27 
678	3 
679	43 
680	43 
681	47 
682	26 
683	84 
684	94 
685	78 
686	15 
687	45 
688	53 
689	17 
690	43 
691	14 
692	3 
693	76 
694	90 
695	45 
696	72 
697	27 
698	88 
699	62 
700	56 
701	62 
702	14 
703	18 
704	65 
705	107 
706	1 
707	44 
708	104 
709	96 
710	14 
711	86 
712	67 
713	63 
714	55 
715	4 
716	55 
717	78 
718	43 
719	23 
720	105 
721	73 
722	25 
723	104 
724	96 
725	57 
726	69 
727	63 
728	80 
729	47 
730	70 
731	44 
732	45 
733	20 
734	22 
735	66 
736	84 
737	4 
738	107 
739	96 
740	43 
741	29 
742	42 
743	90 
744	17 
745	97 
746	72 
747	99 
748	25 
749	33 
750	86 
751	101 
752	42 
753	8 
754	52 
755	43 
756	15 
757	21 
758	59 
759	82 
760	32 
761	97 
762	14 
763	46 
764	62 
765	92 
766	56 
767	103 
768	89 
769	63 
770	42 
771	27 
772	41 
773	51 
774	18 
775	88 
776	33 
777	107 
778	76 
779	94 
780	17 
781	79 
782	91 
783	95 
784	46 
785	96 
786	70 
787	95 
788	86 
789	94 
790	92 
791	60 
792	20 
793	35 
794	57 
795	57 
796	106 
797	42 
798	64 
799	56 
800	77 
801	34 
802	8 
803	48 
804	107 
805	6 
806	38 
807	58 
808	98 
809	45 
810	66 
811	2 
812	56 
813	78 
814	61 
815	10 
816	52 
817	43 
818	106 
819	77 
820	57 
821	48 
822	34 
823	86 
824	42 
825	47 
826	51 
827	70 
828	41 
829	35 
830	14 
831	88 
832	92 
833	33 
834	11 
835	36 
836	86 
837	88 
838	103 
839	23 
840	61 
841	93 
842	58 
843	96 
844	18 
845	13 
846	48 
847	33 
848	103 
849	57 
850	45 
851	31 
852	11 
853	74 
854	107 
855	10 
856	84 
857	56 
858	33 
859	85 
860	100 
861	58 
862	39 
863	34 
864	42 
865	53 
866	105 
867	101 
868	52 
869	52 
870	75 
871	70 
872	86 
873	6 
874	93 
875	92 
876	101 
877	58 
878	47 
879	79 
880	62 
881	61 
882	105 
883	107 
884	62 
885	46 
886	57 
887	59 
888	84 
889	61 
890	25 
891	97 
892	32 
893	4 
894	32 
895	68 
896	83 
897	84 
898	63 
899	101 
900	12 
901	83 
902	86 
903	78 
904	51 
905	35 
906	76 
907	106 
908	74 
909	60 
910	19 
911	11 
912	61 
913	41 
914	43 
915	96 
916	4 
917	42 
918	44 
919	103 
920	36 
921	33 
922	10 
923	43 
924	33 
925	33 
926	3 
927	107 
928	60 
929	72 
930	107 
931	20 
932	56 
933	95 
934	61 
935	17 
936	98 
937	82 
938	70 
939	63 
940	58 
941	3 
942	58 
943	87 
944	90 
945	17 
946	51 
947	70 
948	44 
949	48 
950	56 
951	45 
952	10 
953	2 
954	104 
955	59 
956	18 
957	24 
958	95 
959	103 
960	98 
961	76 
962	105 
963	82 
964	35 
965	101 
966	66 
967	97 
968	92 
969	96 
970	16 
971	52 
972	32 
973	96 
974	90 
975	61 
976	87 
977	38 
978	68 
979	10 
980	48 
981	27 
982	11 
983	44 
984	44 
985	51 
986	36 
987	21 
988	5 
989	51 
990	38 
991	99 
992	48 
993	60 
994	17 
995	14 
996	70 
997	20 
998	11 
999	38 
1000	99 
1001	48 
1002	78 
1003	92 
1004	106 
1005	22 
1006	79 
1007	71 
1008	27 
1009	96 
1010	72 
1011	98 
1012	45 
1013	38 
1014	106 
1015	88 
1016	70 
1017	13 
1018	104 
1019	93 
1020	86 
1021	56 
1022	42 
1023	23 
1024	19 
1025	56 
1026	38 
1027	58 
1028	54 
1029	31 
1030	10 
1031	95 
1032	66 
1033	33 
1034	86 
1035	67 
1036	74 
1037	74 
1038	88 
1039	86 
1040	98 
1041	29 
1042	11 
1043	18 
1044	103 
1045	14 
1046	42 
1047	12 
1048	57 
1049	59 
1050	90 
1051	42 
1052	107 
1053	33 
1054	56 
1055	18 
1056	40 
1057	56 
1058	49 
1059	24 
1060	101 
1061	80 
1062	91 
1063	65 
1064	84 
1065	54 
1066	11 
1067	43 
1068	57 
1069	76 
1070	80 
1071	52 
1072	91 
1073	99 
1074	81 
1075	69 
1076	8 
1077	70 
1078	107 
1079	33 
1080	98 
1081	38 
1082	93 
1083	94 
1084	89 
1085	88 
1086	81 
1087	40 
1088	51 
1089	98 
1090	41 
1091	4 
1092	6 
1093	39 
1094	70 
1095	26 
1096	20 
1097	101 
1098	3 
1099	93 
1100	97 
1101	76 
1102	26 
1103	28 
1104	106 
1105	98 
1106	69 
1107	48 
1108	87 
1109	63 
1110	51 
1111	78 
1112	67 
1113	17 
1114	20 
1115	38 
1116	49 
1117	9 
1118	89 
1119	70 
1120	90 
1121	83 
1122	3 
1123	44 
1124	61 
1125	107 
1126	38 
1127	69 
1128	60 
1129	67 
1130	33 
1131	97 
1132	55 
1133	1 
1134	62 
1135	104 
1136	96 
1137	46 
1138	26 
1139	84 
1140	30 
1141	30 
1142	48 
1143	33 
1144	1 
1145	29 
1146	48 
1147	45 
1148	43 
1149	77 
1150	76 
1151	71 
1152	2 
1153	41 
1154	6 
1155	60 
1156	57 
1157	78 
1158	39 
1159	70 
1160	90 
1161	9 
1162	44 
1163	39 
1164	74 
1165	86 
1166	66 
1167	23 
1168	55 
1169	53 
1170	42 
1171	45 
1172	105 
1173	68 
1174	86 
1175	70 
1176	95 
1177	82 
1178	38 
1179	13 
1180	99 
1181	1 
1182	2 
1183	5 
1184	26 
1185	98 
1186	16 
1187	103 
1188	63 
1189	87 
1190	27 
1191	29 
1192	95 
1193	2 
1194	84 
1195	96 
1196	98 
1197	78 
1198	66 
1199	37 
1200	18 
1201	93 
1202	61 
1203	30 
1204	14 
1205	96 
1206	84 
1207	34 
1208	45 
1209	51 
1210	59 
1211	55 
1212	100 
1213	62 
1214	106 
1215	12 
1216	97 
1217	4 
1218	48 
1219	3 
1220	46 
1221	46 
1222	64 
1223	92 
1224	34 
1225	19 
1226	48 
1227	43 
1228	83 
1229	32 
1230	76 
1231	33 
1232	19 
1233	34 
1234	56 
1235	77 
1236	26 
1237	42 
1238	20 
1239	17 
1240	48 
1241	7 
1242	3 
1243	52 
1244	3 
1245	26 
1246	39 
1247	34 
1248	81 
1249	26 
1250	42 
1251	63 
1252	91 
1253	21 
1254	38 
1255	9 
1256	88 
1257	1 
1258	34 
1259	44 
1260	43 
1261	65 
1262	69 
1263	59 
1264	30 
1265	43 
1266	8 
1267	86 
1268	72 
1269	92 
1270	65 
1271	17 
1272	14 
1273	51 
1274	21 
1275	97 
1276	77 
1277	4 
1278	84 
1279	34 
1280	18 
1281	43 
1282	57 
1283	54 
1284	7 
1285	96 
1286	22 
1287	98 
1288	55 
1289	83 
1290	82 
1291	22 
1292	48 
1293	76 
1294	11 
1295	89 
1296	19 
1297	62 
1298	41 
1299	62 
1300	81 
1301	22 
1302	99 
1303	12 
1304	60 
1305	4 
1306	4 
1307	71 
1308	93 
1309	33 
1310	5 
1311	11 
1312	70 
1313	82 
1314	68 
1315	30 
1316	61 
1317	45 
1318	54 
1319	82 
1320	96 
1321	33 
1322	3 
1323	13 
1324	54 
1325	55 
1326	83 
1327	8 
1328	92 
1329	5 
1330	107 
1331	50 
1332	39 
1333	78 
1334	43 
1335	84 
1336	36 
1337	43 
1338	94 
1339	3 
1340	97 
1341	46 
1342	14 
1343	60 
1344	8 
1345	63 
1346	86 
1347	14 
1348	82 
1349	10 
1350	86 
1351	6 
1352	55 
1353	37 
1354	103 
1355	19 
1356	68 
1357	63 
1358	88 
1359	1 
1360	78 
1361	55 
1362	9 
1363	90 
1364	96 
1365	67 
1366	54 
1367	78 
1368	86 
1369	70 
1370	27 
1371	10 
1372	9 
1373	46 
1374	103 
1375	1 
1376	43 
1377	35 
1378	6 
1379	31 
1380	34 
1381	62 
1382	51 
1383	91 
1384	26 
1385	26 
1386	85 
1387	43 
1388	43 
1389	56 
1390	33 
1391	48 
1392	14 
1393	92 
1394	43 
1395	43 
1396	3 
1397	103 
1398	38 
1399	90 
1400	79 
1401	86 
1402	43 
1403	107 
1404	2 
1405	53 
1406	98 
1407	63 
1408	34 
1409	105 
1410	26 
1411	47 
1412	90 
1413	79 
1414	87 
1415	75 
1416	70 
1417	34 
1418	56 
1419	89 
1420	60 
1421	57 
1422	80 
1423	61 
1424	62 
1425	22 
1426	95 
1427	90 
1428	65 
1429	17 
1430	10 
1431	94 
1432	103 
1433	76 
1434	25 
1435	1 
1436	17 
1437	35 
1438	16 
1439	98 
1440	94 
1441	34 
1442	105 
1443	48 
1444	14 
1445	87 
1446	38 
1447	81 
1448	29 
1449	2 
1450	13 
1451	78 
1452	104 
1453	42 
1454	34 
1455	71 
1456	4 
1457	54 
1458	18 
1459	40 
1460	25 
1461	29 
1462	90 
1463	4 
1464	26 
1465	88 
1466	52 
1467	70 
1468	71 
1469	21 
1470	7 
1471	88 
1472	49 
1473	7 
1474	59 
1475	73 
1476	94 
1477	24 
1478	84 
1479	75 
1480	43 
1481	29 
1482	38 
1483	61 
1484	41 
1485	8 
1486	46 
1487	33 
1488	8 
1489	77 
1490	25 
1491	24 
1492	4 
1493	85 
1494	87 
1495	106 
1496	76 
1497	68 
1498	83 
1499	46 
1500	34 
1501	61 
1502	102 
1503	25 
1504	33 
1505	32 
1506	56 
1507	23 
1508	34 
1509	2 
1510	45 
1511	107 
1512	37 
1513	22 
1514	42 
1515	22 
1516	57 
1517	18 
1518	24 
1519	19 
1520	68 
1521	26 
1522	87 
1523	106 
1524	18 
1525	14 
1526	53 
1527	67 
1528	63 
1529	96 
1530	2 
1531	49 
1532	29 
1533	103 
1534	91 
1535	20 
1536	86 
1537	66 
1538	98 
1539	26 
1540	5 
1541	10 
1542	48 
1543	27 
1544	106 
1545	56 
1546	35 
1547	17 
1548	97 
1549	42 
1550	4 
1551	103 
1552	20 
1553	95 
1554	4 
1555	19 
1556	96 
1557	3 
1558	68 
1559	13 
1560	36 
1561	33 
1562	69 
1563	49 
1564	50 
1565	30 
1566	42 
1567	78 
1568	70 
1569	10 
1570	68 
1571	57 
1572	34 
1573	66 
1574	20 
1575	58 
1576	90 
1577	98 
1578	56 
1579	96 
1580	10 
1581	77 
1582	64 
1583	83 
1584	90 
1585	17 
1586	63 
1587	70 
1588	68 
1589	8 
1590	31 
1591	38 
1592	51 
1593	56 
1594	28 
1595	69 
1596	8 
1597	51 
1598	67 
1599	20 
1600	106 
1601	86 
1602	62 
1603	72 
1604	59 
1605	58 
1606	19 
1607	23 
1608	48 
1609	86 
1610	93 
1611	30 
1612	8 
1613	41 
1614	11 
1615	62 
1616	96 
1617	84 
1618	28 
1619	20 
1620	43 
1621	21 
1622	76 
1623	3 
1624	41 
1625	61 
1626	38 
1627	49 
1628	46 
1629	76 
1630	59 
1631	87 
1632	46 
1633	103 
1634	76 
1635	88 
1636	17 
1637	45 
1638	20 
1639	17 
1640	14 
1641	70 
1642	7 
1643	77 
1644	10 
1645	19 
1646	91 
1647	87 
1648	72 
1649	104 
1650	31 
1651	66 
1652	78 
1653	69 
1654	69 
1655	48 
1656	32 
1657	96 
1658	10 
1659	57 
1660	90 
1661	20 
1662	101 
1663	4 
1664	54 
1665	70 
1666	43 
1667	80 
1668	30 
1669	5 
1670	71 
1671	70 
1672	100 
1673	59 
1674	62 
1675	86 
1676	81 
1677	22 
1678	46 
1679	91 
1680	72 
1681	68 
1682	83 
1683	78 
1684	48 
1685	27 
1686	76 
1687	50 
1688	45 
1689	69 
1690	83 
1691	93 
1692	33 
1693	77 
1694	99 
1695	40 
1696	4 
1697	6 
1698	46 
1699	99 
1700	26 
1701	68 
1702	11 
1703	50 
1704	95 
1705	95 
1706	3 
1707	17 
1708	97 
1709	75 
1710	23 
1711	57 
1712	43 
1713	77 
1714	17 
1715	77 
1716	87 
1717	64 
1718	88 
1719	37 
1720	28 
1721	90 
1722	56 
1723	97 
1724	57 
1725	16 
1726	71 
1727	61 
1728	92 
1729	79 
1730	77 
1731	95 
1732	46 
1733	79 
1734	27 
1735	84 
1736	30 
1737	7 
1738	74 
1739	69 
1740	26 
1741	54 
1742	52 
1743	42 
1744	77 
1745	26 
1746	12 
1747	107 
1748	20 
1749	51 
1750	64 
1751	17 
1752	78 
1753	90 
1754	43 
1755	41 
1756	72 
1757	86 
1758	26 
1759	99 
1760	28 
1761	59 
1762	30 
1763	103 
1764	30 
1765	64 
1766	86 
1767	3 
1768	57 
1769	3 
1770	106 
1771	88 
1772	48 
1773	27 
1774	5 
1775	21 
1776	44 
1777	25 
1778	58 
1779	97 
1780	49 
1781	34 
1782	25 
1783	17 
1784	107 
1785	26 
1786	87 
1787	107 
1788	7 
1789	95 
1790	46 
1791	44 
1792	63 
1793	68 
1794	65 
1795	26 
1796	61 
1797	96 
1798	99 
1799	63 
1800	7 
1801	56 
1802	80 
1803	26 
1804	52 
1805	42 
1806	10 
1807	10 
1808	90 
1809	83 
1810	87 
1811	103 
1812	86 
1813	12 
1814	5 
1815	92 
1816	46 
1817	4 
1818	83 
1819	101 
1820	34 
1821	19 
1822	52 
1823	40 
1824	30 
1825	63 
1826	97 
1827	8 
1828	3 
1829	56 
1830	34 
1831	26 
1832	14 
1833	18 
1834	80 
1835	10 
1836	84 
1837	32 
1838	61 
1839	57 
1840	26 
1841	3 
1842	99 
1843	63 
1844	23 
1845	5 
1846	19 
1847	74 
1848	97 
1849	85 
1850	60 
1851	62 
1852	86 
1853	102 
1854	28 
1855	103 
1856	51 
1857	14 
1858	60 
1859	19 
1860	42 
1861	8 
1862	70 
1863	45 
1864	39 
1865	27 
1866	61 
1867	97 
1868	42 
1869	62 
1870	95 
1871	84 
1872	92 
1873	24 
1874	98 
1875	52 
1876	72 
1877	42 
1878	100 
1879	107 
1880	90 
1881	33 
1882	91 
1883	91 
1884	72 
1885	31 
1886	34 
1887	7 
1888	49 
1889	38 
1890	70 
1891	77 
1892	53 
1893	59 
1894	91 
1895	44 
1896	8 
1897	102 
1898	48 
1899	33 
1900	89 
1901	44 
1902	34 
1903	16 
1904	89 
1905	4 
1906	100 
1907	35 
1908	71 
1909	10 
1910	96 
1911	52 
1912	61 
1913	36 
1914	82 
1915	61 
1916	37 
1917	104 
1918	54 
1919	3 
1920	88 
1921	61 
1922	72 
1923	42 
1924	71 
1925	83 
1926	4 
1927	96 
1928	2 
1929	77 
1930	81 
1931	88 
1932	95 
1933	62 
1934	7 
1935	78 
1936	39 
1937	2 
1938	28 
1939	88 
1940	4 
1941	96 
1942	31 
1943	56 
1944	103 
1945	67 
1946	85 
1947	88 
1948	34 
1949	33 
1950	105 
1951	107 
1952	64 
1953	35 
1954	22 
1955	97 
1956	39 
1957	65 
1958	88 
1959	54 
1960	83 
1961	18 
1962	59 
1963	86 
1964	29 
1965	35 
1966	9 
1967	80 
1968	96 
1969	53 
1970	45 
1971	23 
1972	95 
1973	60 
1974	10 
1975	30 
1976	67 
1977	50 
1978	6 
1979	8 
1980	56 
1981	78 
1982	70 
1983	44 
1984	36 
1985	83 
1986	76 
1987	107 
1988	102 
1989	70 
1990	19 
1991	20 
1992	51 
1993	10 
1994	72 
1995	88 
1996	74 
1997	46 
1998	3 
1999	68 
2000	3 
2001	38 
2002	57 
2003	57 
2004	35 
2005	53 
2006	29 
2007	2 
2008	95 
2009	3 
2010	84 
2011	72 
2012	23 
2013	3 
2014	50 
2015	93 
2016	92 
2017	85 
2018	8 
2019	51 
2020	6 
2021	23 
2022	95 
2023	95 
2024	41 
2025	103 
2026	87 
2027	61 
2028	46 
2029	97 
2030	104 
2031	30 
2032	3 
2033	92 
2034	70 
2035	52 
2036	40 
2037	32 
2038	66 
2039	20 
2040	105 
2041	71 
2042	46 
2043	65 
2044	60 
2045	38 
2046	48 
2047	107 
2048	88 
2049	14 
2050	96 
2051	5 
2052	97 
2053	42 
2054	98 
2055	4 
2056	2 
2057	68 
2058	24 
2059	86 
2060	76 
2061	18 
2062	9 
2063	9 
2064	20 
2065	38 
2066	25 
2067	21 
2068	72 
2069	26 
2070	75 
2071	45 
2072	53 
2073	46 
2074	46 
2075	42 
2076	14 
2077	4 
2078	42 
2079	87 
2080	80 
2081	90 
2082	42 
2083	88 
2084	33 
2085	18 
2086	33 
2087	61 
2088	51 
2089	107 
2090	86 
2091	72 
2092	86 
2093	1 
2094	10 
2095	46 
2096	27 
2097	97 
2098	74 
2099	30 
2100	97 
2101	95 
2102	4 
2103	27 
2104	68 
2105	73 
2106	2 
2107	73 
2108	79 
2109	72 
2110	57 
2111	44 
2112	19 
2113	19 
2114	35 
2115	10 
2116	66 
2117	52 
2118	43 
2119	11 
2120	71 
2121	103 
2122	52 
2123	78 
2124	19 
2125	85 
2126	51 
2127	2 
2128	14 
2129	79 
2130	33 
2131	77 
2132	15 
2133	90 
2134	34 
2135	90 
2136	38 
2137	56 
2138	16 
2139	39 
2140	83 
2141	81 
2142	70 
2143	34 
2144	1 
2145	18 
2146	36 
2147	25 
2148	53 
2149	86 
2150	13 
2151	46 
2152	72 
2153	43 
2154	22 
2155	63 
2156	70 
2157	71 
2158	37 
2159	25 
2160	91 
2161	45 
2162	93 
2163	76 
2164	38 
2165	14 
2166	34 
2167	38 
2168	80 
2169	98 
2170	3 
2171	77 
2172	64 
2173	95 
2174	4 
2175	78 
2176	52 
2177	43 
2178	75 
2179	25 
2180	19 
2181	64 
2182	72 
2183	54 
2184	31 
2185	36 
2186	42 
2187	48 
2188	105 
2189	94 
2190	51 
2191	87 
2192	86 
2193	51 
2194	23 
2195	63 
2196	20 
2197	26 
2198	38 
2199	16 
2200	50 
2201	77 
2202	107 
2203	71 
2204	19 
2205	3 
2206	26 
2207	26 
2208	68 
2209	4 
2210	98 
2211	76 
2212	107 
2213	93 
2214	103 
2215	67 
2216	34 
2217	31 
2218	18 
2219	2 
2220	76 
2221	26 
2222	26 
2223	51 
2224	96 
2225	10 
2226	64 
2227	71 
2228	34 
2229	52 
2230	97 
2231	70 
2232	61 
2233	23 
2234	92 
2235	61 
2236	53 
2237	23 
2238	1 
2239	89 
2240	62 
2241	79 
2242	56 
2243	66 
2244	48 
2245	98 
2246	107 
2247	75 
2248	20 
2249	64 
2250	81 
2251	97 
2252	10 
2253	97 
2254	107 
2255	20 
2256	46 
2257	54 
2258	26 
2259	33 
2260	63 
2261	95 
2262	68 
2263	97 
2264	107 
2265	92 
2266	94 
2267	2 
2268	37 
2269	29 
2270	46 
2271	16 
2272	19 
2273	32 
2274	33 
2275	70 
2276	54 
2277	25 
2278	95 
2279	24 
2280	9 
2281	55 
2282	49 
2283	103 
2284	43 
2285	106 
2286	18 
2287	34 
2288	75 
2289	103 
2290	51 
2291	56 
2292	91 
2293	27 
2294	21 
2295	36 
2296	26 
2297	40 
2298	62 
2299	89 
2300	14 
2301	57 
2302	85 
2303	3 
2304	25 
2305	106 
2306	47 
2307	7 
2308	92 
2309	52 
2310	51 
2311	69 
2312	46 
2313	26 
2314	38 
2315	24 
2316	69 
2317	24 
2318	107 
2319	7 
2320	63 
2321	68 
2322	42 
2323	77 
2324	50 
2325	15 
2326	87 
2327	34 
2328	87 
2329	63 
2330	18 
2331	91 
2332	38 
2333	4 
2334	61 
2335	97 
2336	33 
2337	33 
2338	10 
2339	18 
2340	63 
2341	90 
2342	30 
2343	9 
2344	33 
2345	52 
2346	83 
2347	97 
2348	102 
2349	43 
2350	68 
2351	3 
2352	68 
2353	77 
2354	80 
2355	46 
2356	90 
2357	104 
2358	55 
2359	86 
2360	68 
2361	32 
2362	30 
2363	38 
2364	56 
2365	46 
2366	2 
2367	47 
2368	70 
2369	66 
2370	97 
2371	10 
2372	102 
2373	19 
2374	30 
2375	73 
2376	57 
2377	70 
2378	76 
2379	76 
2380	3 
2381	72 
2382	92 
2383	70 
2384	86 
2385	14 
2386	100 
2387	107 
2388	103 
2389	58 
2390	64 
2391	23 
2392	86 
2393	20 
2394	50 
2395	19 
2396	56 
2397	28 
2398	55 
2399	92 
2400	99 
2401	62 
2402	25 
2403	64 
2404	15 
2405	26 
2406	63 
2407	27 
2408	50 
2409	36 
2410	72 
2411	51 
2412	96 
2413	86 
2414	28 
2415	71 
2416	70 
2417	54 
2418	38 
2419	78 
2420	10 
2421	97 
2422	64 
2423	7 
2424	89 
2425	90 
2426	54 
2427	36 
2428	81 
2429	40 
2430	57 
2431	46 
2432	100 
2433	86 
2434	68 
2435	51 
2436	59 
2437	84 
2438	102 
2439	102 
2440	92 
2441	56 
2442	57 
2443	6 
2444	87 
2445	27 
2446	56 
2447	80 
2448	21 
2449	97 
2450	26 
2451	49 
2452	5 
2453	20 
2454	87 
2455	8 
2456	34 
2457	37 
2458	62 
2459	61 
2460	92 
2461	52 
2462	18 
2463	10 
2464	3 
2465	87 
2466	38 
2467	15 
2468	97 
2469	27 
2470	44 
2471	18 
2472	53 
2473	27 
2474	13 
2475	42 
2476	25 
2477	96 
2478	27 
2479	44 
2480	60 
2481	62 
2482	43 
2483	95 
2484	34 
2485	46 
2486	45 
2487	88 
2488	41 
2489	104 
2490	67 
2491	43 
2492	92 
2493	74 
2494	72 
2495	104 
2496	105 
2497	13 
2498	92 
2499	90 
2500	93 
2501	33 
2502	88 
2503	101 
2504	29 
2505	57 
2506	58 
2507	83 
2508	17 
2509	57 
2510	87 
2511	24 
2512	45 
2513	10 
2514	106 
2515	2 
2516	43 
2517	59 
2518	6 
2519	94 
2520	34 
2521	72 
2522	26 
2523	40 
2524	83 
2525	43 
2526	15 
2527	49 
2528	25 
2529	61 
2530	33 
2531	58 
2532	95 
2533	46 
2534	16 
2535	18 
2536	40 
2537	38 
2538	27 
2539	3 
2540	28 
2541	85 
2542	9 
2543	26 
2544	5 
2545	92 
2546	12 
2547	6 
2548	25 
2549	78 
2550	58 
2551	70 
2552	86 
2553	34 
2554	44 
2555	21 
2556	95 
2557	26 
2558	88 
2559	68 
2560	84 
2561	77 
2562	77 
2563	107 
2564	27 
2565	63 
2566	71 
2567	47 
2568	64 
2569	27 
2570	38 
2571	48 
2572	14 
2573	96 
2574	88 
2575	107 
2576	50 
2577	59 
2578	22 
2579	13 
2580	99 
2581	85 
2582	92 
2583	64 
2584	6 
2585	53 
2586	54 
2587	48 
2588	62 
2589	33 
2590	1 
2591	46 
2592	107 
2593	72 
2594	49 
2595	48 
2596	34 
2597	78 
2598	89 
2599	34 
2600	74 
2601	7 
2602	83 
2603	106 
2604	12 
2605	84 
2606	66 
2607	81 
2608	18 
2609	74 
2610	102 
2611	86 
2612	104 
2613	72 
2614	107 
2615	61 
2616	51 
2617	43 
2618	87 
2619	52 
2620	88 
2621	58 
2622	93 
2623	5 
2624	60 
2625	62 
2626	21 
2627	43 
2628	61 
2629	41 
2630	44 
2631	102 
2632	30 
2633	57 
2634	7 
2635	74 
2636	41 
2637	23 
2638	51 
2639	38 
2640	58 
2641	31 
2642	56 
2643	8 
2644	56 
2645	70 
2646	71 
2647	26 
2648	38 
2649	38 
2650	107 
2651	73 
2652	84 
2653	43 
2654	79 
2655	35 
2656	22 
2657	37 
2658	47 
2659	96 
2660	103 
2661	106 
2662	31 
2663	6 
2664	18 
2665	107 
2666	42 
2667	37 
2668	23 
2669	72 
2670	3 
2671	98 
2672	53 
2673	8 
2674	1 
2675	51 
2676	104 
2677	18 
2678	20 
2679	54 
2680	54 
2681	96 
2682	98 
2683	65 
2684	10 
2685	87 
2686	100 
2687	9 
2688	84 
2689	22 
2690	52 
2691	66 
2692	92 
2693	23 
2694	12 
2695	31 
2696	84 
2697	5 
2698	10 
2699	34 
2700	63 
2701	92 
2702	3 
2703	41 
2704	86 
2705	80 
2706	81 
2707	5 
2708	67 
2709	95 
2710	63 
2711	100 
2712	50 
2713	85 
2714	88 
2715	77 
2716	103 
2717	27 
2718	57 
2719	63 
2720	99 
2721	47 
2722	41 
2723	2 
2724	80 
2725	40 
2726	34 
2727	4 
2728	38 
2729	6 
2730	62 
2731	41 
2732	72 
2733	76 
2734	61 
2735	35 
2736	64 
2737	52 
2738	33 
2739	71 
2740	10 
2741	86 
2742	69 
2743	59 
2744	84 
2745	27 
2746	103 
2747	17 
2748	87 
2749	55 
2750	43 
2751	71 
2752	64 
2753	93 
2754	103 
2755	72 
2756	19 
2757	26 
2758	63 
2759	18 
2760	87 
2761	63 
2762	101 
2763	56 
2764	79 
2765	65 
2766	43 
2767	72 
2768	87 
2769	44 
2770	49 
2771	2 
2772	33 
2773	12 
2774	69 
2775	79 
2776	46 
2777	48 
2778	68 
2779	18 
2780	47 
2781	85 
2782	19 
2783	17 
2784	33 
2785	97 
2786	63 
2787	26 
2788	18 
2789	78 
2790	52 
2791	86 
2792	54 
2793	92 
2794	14 
2795	79 
2796	77 
2797	95 
2798	8 
2799	98 
2800	85 
2801	84 
2802	105 
2803	103 
2804	60 
2805	33 
2806	48 
2807	41 
2808	20 
2809	27 
2810	9 
2811	70 
2812	90 
2813	14 
2814	3 
2815	34 
2816	107 
2817	95 
2818	64 
2819	25 
2820	33 
2821	76 
2822	26 
2823	37 
2824	2 
2825	6 
2826	103 
2827	71 
2828	60 
2829	12 
2830	50 
2831	46 
2832	25 
2833	23 
2834	41 
2835	55 
2836	68 
2837	38 
2838	18 
2839	45 
2840	3 
2841	55 
2842	38 
2843	44 
2844	23 
2845	16 
2846	14 
2847	40 
2848	24 
2849	107 
2850	46 
2851	28 
2852	54 
2853	56 
2854	29 
2855	10 
2856	17 
2857	66 
2858	65 
2859	99 
2860	83 
2861	43 
2862	106 
2863	102 
2864	96 
2865	42 
2866	88 
2867	51 
2868	19 
2869	68 
2870	87 
2871	84 
2872	40 
2873	64 
2874	98 
2875	45 
2876	34 
2877	99 
2878	34 
2879	9 
2880	46 
2881	42 
2882	53 
2883	19 
2884	30 
2885	71 
2886	33 
2887	26 
2888	88 
2889	69 
2890	4 
2891	5 
2892	42 
2893	105 
2894	80 
2895	100 
2896	61 
2897	71 
2898	16 
2899	17 
2900	94 
2901	65 
2902	87 
2903	28 
2904	98 
2905	42 
2906	76 
2907	14 
2908	92 
2909	107 
2910	49 
2911	71 
2912	37 
2913	57 
2914	68 
2915	77 
2916	25 
2917	64 
2918	6 
2919	37 
2920	15 
2921	22 
2922	49 
2923	13 
2924	107 
2925	89 
2926	27 
2927	62 
2928	53 
2929	14 
2930	63 
2931	18 
2932	33 
2933	71 
2934	31 
2935	88 
2936	4 
2937	74 
2938	16 
2939	57 
2940	34 
2941	87 
2942	38 
2943	65 
2944	34 
2945	79 
2946	92 
2947	29 
2948	97 
2949	66 
2950	43 
2951	5 
2952	36 
2953	39 
2954	84 
2955	55 
2956	2 
2957	43 
2958	21 
2959	66 
2960	38 
2961	22 
2962	57 
2963	36 
2964	67 
2965	49 
2966	47 
2967	22 
2968	57 
2969	40 
2970	42 
2971	31 
2972	101 
2973	88 
2974	78 
2975	15 
2976	80 
2977	59 
2978	34 
2979	105 
2980	41 
2981	66 
2982	27 
2983	26 
2984	25 
2985	48 
2986	28 
2987	18 
2988	8 
2989	58 
2990	24 
2991	16 
2992	11 
2993	56 
2994	104 
2995	46 
2996	51 
2997	90 
2998	5 
2999	99 
3000	100 
3001	90 
3002	107 
3003	102 
3004	4 
3005	9 
3006	53 
3007	78 
3008	93 
3009	59 
3010	29 
3011	33 
3012	31 
3013	62 
3014	34 
3015	92 
3016	45 
3017	62 
3018	72 
3019	85 
3020	90 
3021	90 
3022	4 
3023	63 
3024	27 
3025	55 
3026	19 
3027	81 
3028	100 
3029	34 
3030	97 
3031	102 
3032	42 
3033	23 
3034	6 
3035	103 
3036	32 
3037	14 
3038	104 
3039	18 
3040	76 
3041	103 
3042	24 
3043	3 
3044	52 
3045	43 
3046	48 
3047	76 
3048	58 
3049	32 
3050	29 
3051	22 
3052	71 
3053	53 
3054	87 
3055	53 
3056	45 
3057	45 
3058	37 
3059	35 
3060	74 
3061	18 
3062	36 
3063	41 
3064	54 
3065	107 
3066	87 
3067	53 
3068	19 
3069	91 
3070	77 
3071	98 
3072	52 
3073	4 
3074	10 
3075	88 
3076	16 
3077	35 
3078	70 
3079	74 
3080	45 
3081	19 
3082	16 
3083	24 
3084	5 
3085	101 
3086	81 
3087	42 
3088	4 
3089	29 
3090	55 
3091	65 
3092	86 
3093	34 
3094	38 
3095	65 
3096	42 
3097	25 
3098	3 
3099	107 
3100	19 
3101	52 
3102	63 
3103	63 
3104	16 
3105	45 
3106	21 
3107	36 
3108	76 
3109	103 
3110	20 
3111	44 
3112	67 
3113	68 
3114	15 
3115	21 
3116	35 
3117	85 
3118	76 
3119	78 
3120	7 
3121	107 
3122	97 
3123	19 
3124	91 
3125	67 
3126	83 
3127	24 
3128	66 
3129	2 
3130	46 
3131	2 
3132	49 
3133	56 
3134	20 
3135	72 
3136	53 
3137	21 
3138	11 
3139	56 
3140	3 
3141	45 
3142	19 
3143	14 
3144	104 
3145	43 
3146	23 
3147	48 
3148	98 
3149	23 
3150	87 
3151	46 
3152	14 
3153	101 
3154	57 
3155	8 
3156	20 
3157	83 
3158	64 
3159	14 
3160	95 
3161	55 
3162	107 
3163	84 
3164	58 
3165	86 
3166	88 
3167	1 
3168	90 
3169	14 
3170	19 
3171	44 
3172	77 
3173	97 
3174	67 
3175	103 
3176	84 
3177	23 
3178	21 
3179	19 
3180	60 
3181	104 
3182	50 
3183	62 
3184	52 
3185	28 
3186	41 
3187	86 
3188	60 
3189	106 
3190	61 
3191	92 
3192	102 
3193	107 
3194	86 
3195	2 
3196	63 
3197	53 
3198	8 
3199	21 
3200	68 
3201	88 
3202	34 
3203	104 
3204	95 
3205	48 
3206	74 
3207	19 
3208	3 
3209	102 
3210	15 
3211	67 
3212	2 
3213	12 
3214	17 
3215	39 
3216	107 
3217	30 
3218	27 
3219	19 
3220	5 
3221	67 
3222	48 
3223	88 
3224	34 
3225	14 
3226	33 
3227	76 
3228	86 
3229	91 
3230	71 
3231	88 
3232	48 
3233	61 
3234	90 
3235	103 
3236	38 
3237	38 
3238	29 
3239	67 
3240	28 
3241	14 
3242	60 
3243	87 
3244	7 
3245	83 
3246	20 
3247	93 
3248	94 
3249	29 
3250	7 
3251	101 
3252	53 
3253	37 
3254	47 
3255	34 
3256	26 
3257	49 
3258	53 
3259	2 
3260	66 
3261	2 
3262	87 
3263	79 
3264	61 
3265	43 
3266	33 
3267	10 
3268	82 
3269	56 
3270	70 
3271	25 
3272	103 
3273	103 
3274	73 
3275	18 
3276	92 
3277	52 
3278	91 
3279	44 
3280	107 
3281	60 
3282	3 
3283	96 
3284	49 
3285	60 
3286	92 
3287	18 
3288	23 
3289	2 
3290	51 
3291	45 
3292	22 
3293	98 
3294	65 
3295	43 
3296	14 
3297	26 
3298	19 
3299	60 
3300	20 
3301	107 
3302	75 
3303	49 
3304	63 
3305	30 
3306	4 
3307	8 
3308	84 
3309	71 
3310	24 
3311	82 
3312	107 
3313	48 
3314	77 
3315	46 
3316	20 
3317	84 
3318	21 
3319	1 
3320	46 
3321	40 
3322	84 
3323	57 
3324	33 
3325	48 
3326	61 
3327	86 
3328	22 
3329	91 
3330	18 
3331	43 
3332	82 
3333	89 
3334	90 
3335	54 
3336	10 
3337	59 
3338	22 
3339	61 
3340	107 
3341	15 
3342	65 
3343	42 
3344	34 
3345	32 
3346	14 
3347	44 
3348	59 
3349	14 
3350	66 
3351	81 
3352	43 
3353	46 
3354	84 
3355	42 
3356	99 
3357	18 
3358	79 
3359	84 
3360	78 
3361	88 
3362	60 
3363	68 
3364	39 
3365	57 
3366	17 
3367	32 
3368	52 
3369	83 
3370	86 
3371	84 
3372	34 
3373	68 
3374	103 
3375	15 
3376	82 
3377	98 
3378	46 
3379	63 
3380	78 
3381	61 
3382	103 
3383	80 
3384	65 
3385	92 
3386	62 
3387	96 
3388	10 
3389	97 
3390	9 
3391	46 
3392	62 
3393	88 
3394	79 
3395	97 
3396	57 
3397	2 
3398	104 
3399	45 
3400	107 
3401	38 
3402	36 
3403	3 
3404	3 
3405	33 
3406	51 
3407	4 
3408	7 
3409	56 
3410	1 
3411	4 
3412	90 
3413	64 
3414	8 
3415	97 
3416	100 
3417	25 
3418	65 
3419	7 
3420	92 
3421	83 
3422	51 
3423	15 
3424	53 
3425	98 
3426	63 
3427	71 
3428	30 
3429	46 
3430	49 
3431	3 
3432	92 
3433	23 
3434	38 
3435	95 
3436	103 
3437	36 
3438	69 
3439	96 
3440	26 
3441	3 
3442	54 
3443	76 
3444	35 
3445	11 
3446	43 
3447	12 
3448	24 
3449	26 
3450	31 
3451	53 
3452	44 
3453	78 
3454	5 
3455	63 
3456	99 
3457	41 
3458	68 
3459	59 
3460	66 
3461	72 
3462	43 
3463	51 
3464	43 
3465	16 
3466	90 
3467	98 
3468	36 
3469	85 
3470	84 
3471	73 
3472	46 
3473	66 
3474	35 
3475	22 
3476	96 
3477	33 
3478	54 
3479	3 
3480	103 
3481	68 
3482	3 
3483	17 
3484	19 
3485	56 
3486	9 
3487	53 
3488	40 
3489	27 
3490	50 
3491	51 
3492	71 
3493	96 
3494	17 
3495	107 
3496	8 
3497	3 
3498	68 
3499	78 
3500	83 
3501	79 
3502	91 
3503	103 
3504	63 
3505	84 
3506	19 
3507	63 
3508	48 
3509	38 
3510	106 
3511	100 
3512	86 
3513	70 
3514	63 
3515	35 
3516	18 
3517	48 
3518	49 
3519	55 
3520	17 
3521	35 
3522	95 
3523	76 
3524	19 
3525	10 
3526	27 
3527	5 
3528	84 
3529	17 
3530	56 
3531	15 
3532	21 
3533	19 
3534	80 
3535	4 
3536	42 
3537	54 
3538	38 
3539	55 
3540	3 
3541	94 
3542	15 
3543	40 
3544	102 
3545	4 
3546	86 
3547	86 
3548	7 
3549	34 
3550	73 
3551	101 
3552	107 
3553	104 
3554	8 
3555	105 
3556	97 
3557	10 
3558	27 
3559	106 
3560	14 
3561	104 
3562	106 
3563	6 
3564	34 
3565	62 
3566	22 
3567	73 
3568	98 
3569	34 
3570	46 
3571	107 
3572	85 
3573	72 
3574	88 
3575	52 
3576	59 
3577	61 
3578	62 
3579	45 
3580	54 
3581	107 
3582	3 
3583	81 
3584	107 
3585	33 
3586	34 
3587	44 
3588	102 
3589	86 
3590	76 
3591	41 
3592	60 
3593	15 
3594	8 
3595	8 
3596	53 
3597	85 
3598	51 
3599	57 
3600	34 
3601	96 
3602	26 
3603	107 
3604	105 
3605	81 
3606	79 
3607	53 
3608	22 
3609	38 
3610	72 
3611	104 
3612	55 
3613	56 
3614	47 
3615	62 
3616	60 
3617	26 
3618	88 
3619	30 
3620	22 
3621	69 
3622	48 
3623	48 
3624	16 
3625	96 
3626	25 
3627	106 
3628	11 
3629	1 
3630	91 
3631	54 
3632	22 
3633	21 
3634	96 
3635	41 
3636	107 
3637	67 
3638	86 
3639	36 
3640	92 
3641	33 
3642	33 
3643	45 
3644	74 
3645	28 
3646	88 
3647	31 
3648	62 
3649	55 
3650	89 
3651	76 
3652	4 
3653	97 
3654	21 
3655	95 
3656	99 
3657	45 
3658	67 
3659	89 
3660	14 
3661	3 
3662	92 
3663	12 
3664	33 
3665	57 
3666	65 
3667	9 
3668	106 
3669	65 
3670	48 
3671	33 
3672	14 
3673	19 
3674	99 
3675	96 
3676	46 
3677	50 
3678	63 
3679	67 
3680	29 
3681	45 
3682	81 
3683	20 
3684	14 
3685	84 
3686	90 
3687	22 
3688	3 
3689	28 
3690	4 
3691	75 
3692	20 
3693	99 
3694	77 
3695	47 
3696	8 
3697	46 
3698	63 
3699	7 
3700	61 
3701	83 
3702	63 
3703	5 
3704	34 
3705	27 
3706	79 
3707	2 
3708	90 
3709	52 
3710	33 
3711	97 
3712	62 
3713	7 
3714	77 
3715	68 
3716	10 
3717	54 
3718	10 
3719	47 
3720	93 
3721	82 
3722	84 
3723	56 
3724	78 
3725	53 
3726	107 
3727	31 
3728	61 
3729	46 
3730	6 
3731	88 
3732	38 
3733	17 
3734	37 
3735	30 
3736	37 
3737	25 
3738	17 
3739	20 
3740	46 
3741	7 
3742	106 
3743	92 
3744	75 
3745	1 
3746	30 
3747	86 
3748	41 
3749	4 
3750	17 
3751	68 
3752	33 
3753	102 
3754	73 
3755	65 
3756	57 
3757	1 
3758	34 
3759	52 
3760	100 
3761	27 
3762	86 
3763	46 
3764	47 
3765	41 
3766	78 
3767	36 
3768	46 
3769	38 
3770	3 
3771	23 
3772	21 
3773	36 
3774	10 
3775	84 
3776	84 
3777	64 
3778	66 
3779	97 
3780	51 
3781	64 
3782	101 
3783	82 
3784	51 
3785	72 
3786	28 
3787	67 
3788	7 
3789	74 
3790	7 
3791	89 
3792	32 
3793	44 
3794	31 
3795	57 
3796	4 
3797	3 
3798	60 
3799	99 
3800	19 
3801	38 
3802	51 
3803	64 
3804	59 
3805	63 
3806	25 
3807	18 
3808	91 
3809	103 
3810	92 
3811	34 
3812	90 
3813	60 
3814	71 
3815	87 
3816	59 
3817	61 
3818	12 
3819	30 
3820	64 
3821	12 
3822	40 
3823	73 
3824	46 
3825	5 
3826	24 
3827	26 
3828	98 
3829	10 
3830	58 
3831	86 
3832	105 
3833	19 
3834	46 
3835	19 
3836	92 
3837	14 
3838	39 
3839	92 
3840	97 
3841	55 
3842	23 
3843	63 
3844	58 
3845	97 
3846	83 
3847	52 
3848	60 
3849	7 
3850	24 
3851	103 
3852	36 
3853	82 
3854	20 
3855	10 
3856	42 
3857	40 
3858	58 
3859	43 
3860	103 
3861	79 
3862	97 
3863	27 
3864	101 
3865	101 
3866	22 
3867	61 
3868	30 
3869	37 
3870	56 
3871	53 
3872	87 
3873	70 
3874	63 
3875	57 
3876	84 
3877	60 
3878	84 
3879	52 
3880	68 
3881	73 
3882	88 
3883	83 
3884	87 
3885	68 
3886	92 
3887	83 
3888	80 
3889	21 
3890	37 
3891	88 
3892	71 
3893	51 
3894	72 
3895	39 
3896	60 
3897	91 
3898	14 
3899	76 
3900	64 
3901	52 
3902	19 
3903	15 
3904	4 
3905	90 
3906	44 
3907	8 
3908	62 
3909	42 
3910	10 
3911	42 
3912	91 
3913	36 
3914	88 
3915	96 
3916	68 
3917	6 
3918	30 
3919	90 
3920	18 
3921	5 
3922	5 
3923	26 
3924	78 
3925	54 
3926	84 
3927	91 
3928	67 
3929	2 
3930	48 
3931	92 
3932	12 
3933	63 
3934	8 
3935	71 
3936	10 
3937	65 
3938	10 
3939	63 
3940	92 
3941	3 
3942	80 
3943	6 
3944	42 
3945	64 
3946	16 
3947	42 
3948	87 
3949	26 
3950	104 
3951	95 
3952	103 
3953	42 
3954	50 
3955	43 
3956	56 
3957	82 
3958	3 
3959	62 
3960	71 
3961	22 
3962	26 
3963	18 
3964	95 
3965	46 
3966	17 
3967	56 
3968	51 
3969	64 
3970	31 
3971	107 
3972	16 
3973	60 
3974	21 
3975	85 
3976	44 
3977	26 
3978	10 
3979	103 
3980	21 
3981	64 
3982	48 
3983	43 
3984	96 
3985	104 
3986	75 
3987	18 
3988	16 
3989	11 
3990	31 
3991	31 
3992	68 
3993	4 
3994	1 
3995	29 
3996	51 
3997	95 
3998	10 
3999	42 
4000	96 
4001	54 
4002	86 
4003	44 
4004	35 
4005	36 
4006	70 
4007	56 
4008	96 
4009	51 
4010	10 
4011	2 
4012	64 
4013	14 
4014	68 
4015	78 
4016	84 
4017	87 
4018	92 
4019	96 
4020	27 
4021	87 
4022	37 
4023	67 
4024	89 
4025	7 
4026	38 
4027	38 
4028	81 
4029	57 
4030	98 
4031	82 
4032	48 
4033	21 
4034	70 
4035	50 
4036	37 
4037	6 
4038	99 
4039	25 
4040	4 
4041	32 
4042	35 
4043	81 
4044	26 
4045	17 
4046	19 
4047	18 
4048	30 
4049	34 
4050	42 
4051	25 
4052	58 
4053	14 
4054	55 
4055	55 
4056	7 
4057	88 
4058	59 
4059	91 
4060	2 
4061	95 
4062	90 
4063	36 
4064	13 
4065	107 
4066	86 
4067	75 
4068	106 
4069	47 
4070	78 
4071	17 
4072	60 
4073	40 
4074	84 
4075	3 
4076	78 
4077	88 
4078	3 
4079	5 
4080	24 
4081	96 
4082	8 
4083	86 
4084	19 
4085	54 
4086	88 
4087	3 
4088	14 
4089	10 
4090	90 
4091	97 
4092	71 
4093	77 
4094	76 
4095	98 
4096	75 
4097	52 
4098	55 
4099	103 
4100	1 
4101	68 
4102	99 
4103	18 
4104	12 
4105	19 
4106	81 
4107	96 
4108	15 
4109	13 
4110	84 
4111	72 
4112	25 
4113	107 
4114	95 
4115	90 
4116	90 
4117	57 
4118	20 
4119	45 
4120	79 
4121	107 
4122	43 
4123	23 
4124	76 
4125	6 
4126	89 
4127	67 
4128	68 
4129	60 
4130	81 
4131	71 
4132	61 
4133	52 
4134	34 
4135	8 
4136	43 
4137	57 
4138	95 
4139	103 
4140	64 
4141	57 
4142	101 
4143	62 
4144	107 
4145	77 
4146	18 
4147	28 
4148	29 
4149	93 
4150	86 
4151	107 
4152	23 
4153	97 
4154	78 
4155	107 
4156	12 
4157	13 
4158	62 
4159	100 
4160	70 
4161	40 
4162	102 
4163	58 
4164	46 
4165	29 
4166	34 
4167	33 
4168	90 
4169	57 
4170	24 
4171	76 
4172	46 
4173	96 
4174	20 
4175	5 
4176	57 
4177	30 
4178	27 
4179	46 
4180	91 
4181	74 
4182	11 
4183	87 
4184	68 
4185	53 
4186	2 
4187	3 
4188	71 
4189	103 
4190	83 
4191	103 
4192	76 
4193	95 
4194	53 
4195	107 
4196	54 
4197	15 
4198	52 
4199	84 
4200	45 
4201	77 
4202	51 
4203	78 
4204	4 
4205	94 
4206	76 
4207	46 
4208	55 
4209	57 
4210	61 
4211	97 
4212	74 
4213	90 
4214	38 
4215	107 
4216	8 
4217	105 
4218	14 
4219	52 
4220	11 
4221	53 
4222	39 
4223	46 
4224	97 
4225	70 
4226	10 
4227	54 
4228	66 
4229	87 
4230	97 
4231	36 
4232	43 
4233	6 
4234	79 
4235	104 
4236	30 
4237	17 
4238	30 
4239	8 
4240	107 
4241	10 
4242	67 
4243	27 
4244	26 
4245	101 
4246	60 
4247	87 
4248	101 
4249	85 
4250	14 
4251	49 
4252	56 
4253	84 
4254	107 
4255	40 
4256	86 
4257	6 
4258	17 
4259	84 
4260	50 
4261	98 
4262	97 
4263	18 
4264	18 
4265	39 
4266	54 
4267	19 
4268	54 
4269	84 
4270	72 
4271	42 
4272	69 
4273	6 
4274	50 
4275	25 
4276	101 
4277	4 
4278	62 
4279	18 
4280	80 
4281	2 
4282	51 
4283	86 
4284	47 
4285	76 
4286	26 
4287	55 
4288	15 
4289	19 
4290	11 
4291	19 
4292	96 
4293	85 
4294	81 
4295	87 
4296	10 
4297	67 
4298	6 
4299	8 
4300	72 
4301	10 
4302	96 
4303	27 
4304	92 
4305	43 
4306	93 
4307	63 
4308	78 
4309	83 
4310	91 
4311	99 
4312	50 
4313	4 
4314	69 
4315	36 
4316	29 
4317	19 
4318	20 
4319	92 
4320	52 
4321	37 
4322	29 
4323	89 
4324	22 
4325	96 
4326	104 
4327	57 
4328	13 
4329	63 
4330	53 
4331	103 
4332	57 
4333	72 
4334	8 
4335	10 
4336	101 
4337	63 
4338	70 
4339	106 
4340	9 
4341	68 
4342	46 
4343	4 
4344	51 
4345	14 
4346	66 
4347	62 
4348	18 
4349	52 
4350	67 
4351	30 
4352	7 
4353	107 
4354	64 
4355	6 
4356	20 
4357	37 
4358	52 
4359	51 
4360	88 
4361	29 
4362	14 
4363	104 
4364	22 
4365	103 
4366	22 
4367	25 
4368	47 
4369	63 
4370	57 
4371	84 
4372	6 
4373	70 
4374	21 
4375	26 
4376	85 
4377	6 
4378	66 
4379	94 
4380	86 
4381	98 
4382	86 
4383	25 
4384	40 
4385	90 
4386	68 
4387	106 
4388	88 
4389	72 
4390	10 
4391	104 
4392	32 
4393	12 
4394	83 
4395	48 
4396	85 
4397	23 
4398	4 
4399	55 
4400	104 
4401	46 
4402	14 
4403	90 
4404	85 
4405	48 
4406	3 
4407	18 
4408	59 
4409	106 
4410	97 
4411	72 
4412	34 
4413	46 
4414	92 
4415	11 
4416	10 
4417	104 
4418	68 
4419	8 
4420	38 
4421	104 
4422	13 
4423	88 
4424	44 
4425	8 
4426	17 
4427	30 
4428	45 
4429	82 
4430	4 
4431	90 
4432	78 
4433	69 
4434	22 
4435	41 
4436	63 
4437	96 
4438	37 
4439	30 
4440	70 
4441	52 
4442	3 
4443	106 
4444	1 
4445	43 
4446	46 
4447	42 
4448	74 
4449	52 
4450	26 
4451	30 
4452	54 
4453	47 
4454	43 
4455	57 
4456	58 
4457	61 
4458	30 
4459	5 
4460	88 
4461	86 
4462	97 
4463	75 
4464	62 
4465	85 
4466	4 
4467	73 
4468	10 
4469	58 
4470	18 
4471	72 
4472	23 
4473	75 
4474	54 
4475	86 
4476	30 
4477	57 
4478	48 
4479	98 
4480	52 
4481	42 
4482	13 
4483	74 
4484	3 
4485	103 
4486	106 
4487	97 
4488	67 
4489	57 
4490	76 
4491	96 
4492	88 
4493	26 
4494	26 
4495	9 
4496	102 
4497	48 
4498	69 
4499	54 
4500	10 
4501	36 
4502	72 
4503	80 
4504	90 
4505	61 
4506	84 
4507	90 
4508	26 
4509	61 
4510	95 
4511	100 
4512	67 
4513	85 
4514	40 
4515	88 
4516	50 
4517	41 
4518	56 
4519	8 
4520	55 
4521	10 
4522	1 
4523	87 
4524	26 
4525	3 
4526	98 
4527	30 
4528	107 
4529	77 
4530	51 
4531	72 
4532	18 
4533	95 
4534	10 
4535	51 
4536	101 
4537	101 
4538	107 
4539	33 
4540	107 
4541	33 
4542	43 
4543	103 
4544	3 
4545	38 
4546	23 
4547	30 
4548	88 
4549	70 
4550	28 
4551	22 
4552	40 
4553	102 
4554	58 
4555	86 
4556	9 
4557	61 
4558	30 
4559	80 
4560	22 
4561	61 
4562	74 
4563	49 
4564	32 
4565	8 
4566	19 
4567	61 
4568	19 
4569	72 
4570	1 
4571	57 
4572	58 
4573	34 
4574	60 
4575	91 
4576	29 
4577	45 
4578	58 
4579	107 
4580	53 
4581	24 
4582	56 
4583	19 
4584	48 
4585	54 
4586	52 
4587	46 
4588	58 
4589	13 
4590	97 
4591	1 
4592	4 
4593	18 
4594	38 
4595	53 
4596	25 
4597	56 
4598	92 
4599	1 
4600	96 
4601	60 
4602	70 
4603	24 
4604	52 
4605	72 
4606	103 
4607	36 
4608	56 
4609	72 
4610	26 
4611	88 
4612	31 
4613	44 
4614	48 
4615	61 
4616	27 
4617	61 
4618	43 
4619	43 
4620	17 
4621	10 
4622	53 
4623	61 
4624	4 
4625	3 
4626	30 
4627	2 
4628	92 
4629	6 
4630	43 
4631	97 
4632	65 
4633	61 
4634	43 
4635	70 
4636	75 
4637	21 
4638	61 
4639	87 
4640	8 
4641	54 
4642	71 
4643	19 
4644	39 
4645	97 
4646	99 
4647	77 
4648	85 
4649	3 
4650	4 
4651	87 
4652	84 
4653	7 
4654	27 
4655	43 
4656	45 
4657	105 
4658	48 
4659	25 
4660	106 
4661	26 
4662	45 
4663	73 
4664	8 
4665	104 
4666	51 
4667	45 
4668	84 
4669	48 
4670	72 
4671	62 
4672	14 
4673	23 
4674	97 
4675	87 
4676	58 
4677	56 
4678	98 
4679	103 
4680	24 
4681	31 
4682	26 
4683	34 
4684	94 
4685	66 
4686	28 
4687	10 
4688	103 
4689	11 
4690	86 
4691	15 
4692	105 
4693	83 
4694	69 
4695	12 
4696	51 
4697	96 
4698	46 
4699	40 
4700	98 
4701	46 
4702	84 
4703	90 
4704	78 
4705	43 
4706	22 
4707	78 
4708	5 
4709	22 
4710	37 
4711	45 
4712	84 
4713	37 
4714	92 
4715	24 
4716	4 
4717	103 
4718	90 
4719	2 
4720	33 
4721	35 
4722	81 
4723	41 
4724	86 
4725	46 
4726	2 
4727	27 
4728	88 
4729	21 
4730	79 
4731	4 
4732	30 
4733	86 
4734	61 
4735	36 
4736	25 
4737	53 
4738	86 
4739	61 
4740	86 
4741	78 
4742	66 
4743	51 
4744	25 
4745	47 
4746	62 
4747	18 
4748	9 
4749	103 
4750	84 
4751	84 
4752	82 
4753	17 
4754	19 
4755	40 
4756	51 
4757	78 
4758	25 
4759	83 
4760	20 
4761	17 
4762	23 
4763	59 
4764	59 
4765	70 
4766	83 
4767	27 
4768	28 
4769	42 
4770	64 
4771	78 
4772	94 
4773	76 
4774	79 
4775	98 
4776	59 
4777	78 
4778	26 
4779	61 
4780	58 
4781	3 
4782	46 
4783	64 
4784	21 
4785	98 
4786	61 
4787	92 
4788	4 
4789	45 
4790	50 
4791	63 
4792	49 
4793	81 
4794	57 
4795	103 
4796	78 
4797	20 
4798	96 
4799	57 
4800	17 
4801	63 
4802	90 
4803	78 
4804	3 
4805	51 
4806	55 
4807	26 
4808	33 
4809	18 
4810	41 
4811	83 
4812	3 
4813	78 
4814	97 
4815	26 
4816	98 
4817	95 
4818	49 
4819	86 
4820	92 
4821	88 
4822	11 
4823	52 
4824	15 
4825	48 
4826	60 
4827	45 
4828	46 
4829	97 
4830	42 
4831	87 
4832	87 
4833	18 
4834	38 
4835	72 
4836	15 
4837	56 
4838	2 
4839	43 
4840	91 
4841	57 
4842	78 
4843	93 
4844	3 
4845	4 
4846	90 
4847	78 
4848	38 
4849	13 
4850	54 
4851	101 
4852	73 
4853	106 
4854	68 
4855	107 
4856	56 
4857	80 
4858	39 
4859	3 
4860	72 
4861	39 
4862	57 
4863	41 
4864	57 
4865	107 
4866	76 
4867	64 
4868	95 
4869	12 
4870	72 
4871	16 
4872	96 
4873	101 
4874	17 
4875	99 
4876	26 
4877	64 
4878	42 
4879	53 
4880	96 
4881	9 
4882	104 
4883	66 
4884	52 
4885	61 
4886	106 
4887	46 
4888	107 
4889	107 
4890	35 
4891	72 
4892	107 
4893	8 
4894	64 
4895	26 
4896	4 
4897	103 
4898	46 
4899	45 
4900	83 
4901	65 
4902	32 
4903	29 
4904	53 
4905	3 
4906	53 
4907	18 
4908	35 
4909	57 
4910	99 
4911	98 
4912	56 
4913	4 
4914	53 
4915	84 
4916	81 
4917	70 
4918	59 
4919	82 
4920	52 
4921	2 
4922	36 
4923	81 
4924	86 
4925	51 
4926	65 
4927	85 
4928	1 
4929	98 
4930	101 
4931	66 
4932	15 
4933	63 
4934	60 
4935	70 
4936	100 
4937	72 
4938	8 
4939	87 
4940	53 
4941	92 
4942	107 
4943	63 
4944	78 
4945	72 
4946	46 
4947	88 
4948	26 
4949	102 
4950	59 
4951	2 
4952	104 
4953	36 
4954	53 
4955	43 
4956	26 
4957	107 
4958	93 
4959	32 
4960	43 
4961	92 
4962	101 
4963	12 
4964	63 
4965	6 
4966	19 
4967	88 
4968	105 
4969	68 
4970	73 
4971	5 
4972	67 
4973	107 
4974	46 
4975	54 
4976	4 
4977	70 
4978	67 
4979	81 
4980	91 
4981	43 
4982	25 
4983	46 
4984	14 
4985	43 
4986	12 
4987	56 
4988	96 
4989	78 
4990	23 
4991	52 
4992	27 
4993	52 
4994	88 
4995	75 
4996	44 
4997	43 
4998	101 
4999	96 
5000	46 
