1	16 
2	41 
3	91 
4	28 
5	94 
6	35 
7	58 
8	28 
9	28 
10	32 
11	29 
12	72 
13	52 
14	27 
15	76 
16	34 
17	46 
18	1 
19	20 
20	55 
21	23 
22	34 
23	87 
24	64 
25	13 
26	28 
27	50 
28	4 
29	11 
30	93 
31	80 
32	80 
33	71 
34	70 
35	8 
36	66 
37	87 
38	70 
39	4 
40	65 
41	46 
42	75 
43	64 
44	25 
45	5 
46	16 
47	31 
48	48 
49	76 
50	43 
51	87 
52	48 
53	7 
54	22 
55	29 
56	24 
57	22 
58	20 
59	31 
60	6 
61	5 
62	6 
63	28 
64	25 
65	55 
66	81 
67	22 
68	39 
69	5 
70	80 
71	65 
72	17 
73	38 
74	47 
75	44 
76	91 
77	34 
78	25 
79	22 
80	78 
81	6 
82	35 
83	32 
84	69 
85	89 
86	41 
87	53 
88	6 
89	48 
90	40 
91	80 
92	47 
93	37 
94	23 
95	2 
96	93 
97	79 
98	3 
99	46 
100	64 
101	10 
102	28 
103	1 
104	22 
105	77 
106	10 
107	60 
108	76 
109	73 
110	56 
111	76 
112	62 
113	24 
114	6 
115	33 
116	87 
117	79 
118	54 
119	14 
120	61 
121	46 
122	26 
123	54 
124	93 
125	92 
126	84 
127	62 
128	40 
129	94 
130	81 
131	86 
132	60 
133	36 
134	21 
135	53 
136	91 
137	70 
138	1 
139	16 
140	8 
141	86 
142	22 
143	27 
144	9 
145	19 
146	75 
147	37 
148	89 
149	90 
150	95 
151	84 
152	18 
153	18 
154	84 
155	65 
156	56 
157	12 
158	90 
159	52 
160	38 
161	5 
162	28 
163	55 
164	27 
165	93 
166	16 
167	75 
168	87 
169	60 
170	86 
171	71 
172	13 
173	22 
174	16 
175	1 
176	1 
177	3 
178	1 
179	53 
180	59 
181	81 
182	75 
183	81 
184	12 
185	68 
186	28 
187	29 
188	13 
189	47 
190	95 
191	64 
192	70 
193	49 
194	79 
195	63 
196	41 
197	13 
198	64 
199	22 
200	64 
201	52 
202	27 
203	87 
204	2 
205	82 
206	87 
207	79 
208	79 
209	31 
210	69 
211	74 
212	49 
213	6 
214	12 
215	55 
216	12 
217	53 
218	48 
219	72 
220	14 
221	16 
222	28 
223	24 
224	16 
225	48 
226	16 
227	66 
228	37 
229	8 
230	55 
231	82 
232	79 
233	46 
234	91 
235	3 
236	55 
237	69 
238	27 
239	30 
240	86 
241	81 
242	54 
243	12 
244	25 
245	95 
246	91 
247	21 
248	51 
249	32 
250	27 
251	50 
252	42 
253	11 
254	85 
255	45 
256	42 
257	90 
258	79 
259	93 
260	12 
261	48 
262	48 
263	63 
264	89 
265	10 
266	56 
267	32 
268	71 
269	79 
270	34 
271	17 
272	2 
273	79 
274	31 
275	62 
276	3 
277	66 
278	56 
279	79 
280	12 
281	62 
282	90 
283	1 
284	6 
285	63 
286	71 
287	13 
288	30 
289	43 
290	95 
291	17 
292	71 
293	60 
294	65 
295	59 
296	75 
297	3 
298	22 
299	89 
300	10 
301	83 
302	24 
303	28 
304	55 
305	64 
306	91 
307	23 
308	26 
309	64 
310	25 
311	67 
312	46 
313	63 
314	63 
315	28 
316	44 
317	94 
318	47 
319	50 
320	60 
321	38 
322	1 
323	85 
324	53 
325	28 
326	28 
327	7 
328	88 
329	17 
330	13 
331	69 
332	38 
333	53 
334	41 
335	28 
336	33 
337	22 
338	41 
339	8 
340	89 
341	27 
342	45 
343	21 
344	78 
345	33 
346	46 
347	18 
348	79 
349	69 
350	31 
351	21 
352	69 
353	20 
354	52 
355	53 
356	64 
357	69 
358	66 
359	27 
360	42 
361	3 
362	2 
363	56 
364	26 
365	9 
366	55 
367	6 
368	52 
369	27 
370	64 
371	3 
372	8 
373	83 
374	83 
375	68 
376	39 
377	23 
378	95 
379	34 
380	6 
381	46 
382	60 
383	9 
384	88 
385	86 
386	56 
387	77 
388	10 
389	17 
390	76 
391	91 
392	8 
393	5 
394	2 
395	34 
396	38 
397	19 
398	59 
399	86 
400	55 
401	28 
402	85 
403	85 
404	2 
405	3 
406	22 
407	5 
408	13 
409	51 
410	47 
411	64 
412	63 
413	67 
414	81 
415	89 
416	52 
417	36 
418	52 
419	9 
420	81 
421	21 
422	83 
423	70 
424	59 
425	7 
426	91 
427	56 
428	80 
429	80 
430	87 
431	48 
432	81 
433	20 
434	38 
435	27 
436	91 
437	73 
438	60 
439	27 
440	86 
441	89 
442	22 
443	8 
444	81 
445	8 
446	91 
447	44 
448	75 
449	2 
450	19 
451	52 
452	48 
453	21 
454	21 
455	34 
456	95 
457	12 
458	8 
459	71 
460	20 
461	4 
462	60 
463	43 
464	71 
465	65 
466	64 
467	41 
468	94 
469	34 
470	55 
471	59 
472	52 
473	9 
474	55 
475	13 
476	16 
477	79 
478	85 
479	21 
480	54 
481	15 
482	18 
483	16 
484	46 
485	30 
486	93 
487	85 
488	50 
489	59 
490	85 
491	85 
492	85 
493	21 
494	56 
495	23 
496	27 
497	63 
498	19 
499	43 
500	93 
501	81 
502	10 
503	53 
504	84 
505	64 
506	47 
507	50 
508	9 
509	27 
510	79 
511	63 
512	12 
513	59 
514	84 
515	21 
516	90 
517	28 
518	25 
519	67 
520	73 
521	36 
522	14 
523	30 
524	60 
525	61 
526	41 
527	48 
528	17 
529	44 
530	52 
531	21 
532	13 
533	15 
534	44 
535	70 
536	67 
537	34 
538	5 
539	93 
540	26 
541	28 
542	79 
543	62 
544	15 
545	56 
546	21 
547	47 
548	17 
549	60 
550	31 
551	48 
552	12 
553	22 
554	73 
555	33 
556	86 
557	25 
558	77 
559	53 
560	17 
561	12 
562	79 
563	73 
564	52 
565	10 
566	34 
567	39 
568	57 
569	36 
570	21 
571	89 
572	79 
573	36 
574	3 
575	33 
576	87 
577	24 
578	90 
579	3 
580	83 
581	82 
582	19 
583	79 
584	71 
585	60 
586	22 
587	27 
588	43 
589	79 
590	29 
591	11 
592	87 
593	87 
594	2 
595	47 
596	5 
597	71 
598	46 
599	5 
600	21 
601	8 
602	17 
603	93 
604	54 
605	12 
606	78 
607	48 
608	95 
609	28 
610	14 
611	89 
612	81 
613	41 
614	65 
615	53 
616	63 
617	88 
618	22 
619	22 
620	46 
621	31 
622	48 
623	15 
624	64 
625	21 
626	81 
627	7 
628	64 
629	60 
630	1 
631	8 
632	81 
633	95 
634	85 
635	89 
636	20 
637	2 
638	26 
639	66 
640	54 
641	81 
642	18 
643	49 
644	16 
645	76 
646	69 
647	30 
648	73 
649	16 
650	95 
651	52 
652	52 
653	48 
654	41 
655	10 
656	82 
657	4 
658	88 
659	34 
660	71 
661	19 
662	11 
663	85 
664	64 
665	39 
666	33 
667	46 
668	55 
669	52 
670	12 
671	48 
672	21 
673	5 
674	25 
675	9 
676	17 
677	27 
678	15 
679	52 
680	2 
681	64 
682	34 
683	91 
684	43 
685	14 
686	8 
687	82 
688	2 
689	87 
690	17 
691	23 
692	22 
693	10 
694	5 
695	5 
696	22 
697	56 
698	74 
699	63 
700	33 
701	19 
702	66 
703	70 
704	33 
705	59 
706	86 
707	52 
708	26 
709	53 
710	36 
711	88 
712	1 
713	27 
714	87 
715	8 
716	13 
717	43 
718	40 
719	42 
720	81 
721	48 
722	59 
723	46 
724	19 
725	22 
726	68 
727	17 
728	73 
729	29 
730	75 
731	28 
732	41 
733	34 
734	20 
735	12 
736	35 
737	60 
738	10 
739	38 
740	2 
741	17 
742	21 
743	16 
744	9 
745	50 
746	95 
747	67 
748	68 
749	87 
750	28 
751	93 
752	10 
753	88 
754	27 
755	77 
756	60 
757	93 
758	85 
759	90 
760	3 
761	34 
762	72 
763	91 
764	70 
765	18 
766	20 
767	60 
768	85 
769	34 
770	43 
771	81 
772	48 
773	34 
774	40 
775	27 
776	34 
777	39 
778	85 
779	37 
780	12 
781	89 
782	80 
783	46 
784	50 
785	13 
786	32 
787	20 
788	72 
789	5 
790	18 
791	41 
792	88 
793	55 
794	91 
795	51 
796	48 
797	28 
798	13 
799	13 
800	34 
801	27 
802	47 
803	12 
804	46 
805	48 
806	26 
807	91 
808	29 
809	72 
810	88 
811	75 
812	26 
813	14 
814	66 
815	16 
816	53 
817	48 
818	20 
819	56 
820	22 
821	13 
822	8 
823	66 
824	17 
825	34 
826	28 
827	22 
828	2 
829	93 
830	6 
831	12 
832	48 
833	5 
834	37 
835	11 
836	87 
837	15 
838	79 
839	89 
840	9 
841	47 
842	45 
843	81 
844	25 
845	72 
846	13 
847	28 
848	34 
849	93 
850	56 
851	63 
852	24 
853	10 
854	45 
855	14 
856	77 
857	74 
858	60 
859	34 
860	19 
861	12 
862	75 
863	73 
864	9 
865	53 
866	88 
867	94 
868	89 
869	30 
870	63 
871	5 
872	15 
873	59 
874	53 
875	64 
876	9 
877	27 
878	41 
879	19 
880	72 
881	16 
882	7 
883	41 
884	22 
885	72 
886	62 
887	39 
888	12 
889	5 
890	60 
891	67 
892	75 
893	41 
894	86 
895	47 
896	2 
897	70 
898	46 
899	60 
900	9 
901	8 
902	93 
903	63 
904	55 
905	3 
906	69 
907	39 
908	13 
909	41 
910	1 
911	57 
912	35 
913	4 
914	48 
915	54 
916	11 
917	53 
918	9 
919	54 
920	13 
921	48 
922	52 
923	60 
924	25 
925	62 
926	91 
927	93 
928	37 
929	87 
930	42 
931	62 
932	27 
933	71 
934	9 
935	9 
936	62 
937	31 
938	50 
939	42 
940	52 
941	12 
942	73 
943	87 
944	41 
945	5 
946	88 
947	59 
948	42 
949	67 
950	61 
951	86 
952	93 
953	7 
954	23 
955	34 
956	43 
957	47 
958	51 
959	27 
960	37 
961	84 
962	7 
963	11 
964	81 
965	72 
966	50 
967	46 
968	25 
969	77 
970	48 
971	19 
972	83 
973	47 
974	1 
975	32 
976	65 
977	64 
978	83 
979	45 
980	4 
981	36 
982	92 
983	29 
984	93 
985	31 
986	14 
987	18 
988	79 
989	60 
990	41 
991	3 
992	52 
993	16 
994	20 
995	50 
996	12 
997	38 
998	12 
999	2 
1000	19 
1001	93 
1002	42 
1003	8 
1004	7 
1005	52 
1006	52 
1007	38 
1008	13 
1009	73 
1010	34 
1011	68 
1012	21 
1013	71 
1014	26 
1015	89 
1016	91 
1017	28 
1018	9 
1019	83 
1020	6 
1021	94 
1022	12 
1023	8 
1024	54 
1025	79 
1026	46 
1027	60 
1028	85 
1029	80 
1030	22 
1031	22 
1032	22 
1033	72 
1034	91 
1035	84 
1036	60 
1037	45 
1038	52 
1039	10 
1040	28 
1041	60 
1042	64 
1043	5 
1044	63 
1045	60 
1046	27 
1047	6 
1048	11 
1049	19 
1050	46 
1051	79 
1052	9 
1053	87 
1054	88 
1055	74 
1056	13 
1057	33 
1058	28 
1059	5 
1060	69 
1061	46 
1062	6 
1063	41 
1064	23 
1065	52 
1066	81 
1067	55 
1068	4 
1069	60 
1070	37 
1071	47 
1072	33 
1073	13 
1074	77 
1075	55 
1076	36 
1077	76 
1078	2 
1079	80 
1080	58 
1081	63 
1082	53 
1083	50 
1084	92 
1085	87 
1086	85 
1087	45 
1088	75 
1089	45 
1090	72 
1091	91 
1092	12 
1093	87 
1094	68 
1095	34 
1096	41 
1097	68 
1098	50 
1099	17 
1100	8 
1101	89 
1102	26 
1103	22 
1104	3 
1105	48 
1106	9 
1107	62 
1108	45 
1109	68 
1110	77 
1111	28 
1112	53 
1113	16 
1114	89 
1115	24 
1116	41 
1117	32 
1118	60 
1119	78 
1120	48 
1121	9 
1122	49 
1123	5 
1124	1 
1125	17 
1126	33 
1127	91 
1128	76 
1129	32 
1130	18 
1131	3 
1132	29 
1133	84 
1134	55 
1135	12 
1136	43 
1137	59 
1138	90 
1139	95 
1140	81 
1141	50 
1142	68 
1143	89 
1144	41 
1145	44 
1146	70 
1147	52 
1148	21 
1149	55 
1150	47 
1151	73 
1152	25 
1153	9 
1154	72 
1155	8 
1156	46 
1157	58 
1158	50 
1159	46 
1160	11 
1161	78 
1162	3 
1163	38 
1164	53 
1165	61 
1166	2 
1167	69 
1168	43 
1169	59 
1170	6 
1171	69 
1172	19 
1173	52 
1174	21 
1175	81 
1176	71 
1177	82 
1178	49 
1179	42 
1180	81 
1181	2 
1182	12 
1183	87 
1184	64 
1185	89 
1186	16 
1187	39 
1188	6 
1189	81 
1190	3 
1191	20 
1192	47 
1193	52 
1194	22 
1195	91 
1196	48 
1197	32 
1198	36 
1199	48 
1200	47 
1201	8 
1202	41 
1203	29 
1204	3 
1205	38 
1206	55 
1207	7 
1208	13 
1209	67 
1210	64 
1211	19 
1212	68 
1213	89 
1214	18 
1215	13 
1216	50 
1217	91 
1218	86 
1219	29 
1220	41 
1221	88 
1222	37 
1223	93 
1224	56 
1225	63 
1226	61 
1227	34 
1228	37 
1229	52 
1230	93 
1231	3 
1232	24 
1233	64 
1234	81 
1235	7 
1236	46 
1237	89 
1238	63 
1239	47 
1240	16 
1241	34 
1242	9 
1243	25 
1244	93 
1245	30 
1246	46 
1247	58 
1248	19 
1249	13 
1250	28 
1251	19 
1252	50 
1253	80 
1254	28 
1255	92 
1256	66 
1257	75 
1258	19 
1259	13 
1260	80 
1261	34 
1262	48 
1263	54 
1264	41 
1265	47 
1266	56 
1267	62 
1268	47 
1269	95 
1270	52 
1271	65 
1272	2 
1273	69 
1274	15 
1275	71 
1276	10 
1277	34 
1278	46 
1279	16 
1280	25 
1281	9 
1282	8 
1283	91 
1284	58 
1285	77 
1286	19 
1287	91 
1288	20 
1289	39 
1290	69 
1291	29 
1292	92 
1293	16 
1294	84 
1295	60 
1296	25 
1297	2 
1298	45 
1299	20 
1300	72 
1301	56 
1302	80 
1303	52 
1304	42 
1305	73 
1306	80 
1307	85 
1308	38 
1309	54 
1310	87 
1311	29 
1312	19 
1313	61 
1314	34 
1315	91 
1316	78 
1317	89 
1318	81 
1319	21 
1320	81 
1321	26 
1322	56 
1323	19 
1324	9 
1325	89 
1326	79 
1327	64 
1328	52 
1329	83 
1330	25 
1331	2 
1332	10 
1333	89 
1334	93 
1335	19 
1336	46 
1337	2 
1338	25 
1339	56 
1340	58 
1341	80 
1342	75 
1343	7 
1344	5 
1345	51 
1346	85 
1347	37 
1348	48 
1349	21 
1350	84 
1351	19 
1352	46 
1353	47 
1354	71 
1355	81 
1356	32 
1357	11 
1358	88 
1359	24 
1360	64 
1361	64 
1362	94 
1363	25 
1364	10 
1365	59 
1366	72 
1367	86 
1368	73 
1369	33 
1370	23 
1371	15 
1372	20 
1373	28 
1374	19 
1375	22 
1376	27 
1377	63 
1378	9 
1379	74 
1380	30 
1381	10 
1382	22 
1383	89 
1384	89 
1385	39 
1386	6 
1387	85 
1388	17 
1389	88 
1390	69 
1391	24 
1392	93 
1393	93 
1394	52 
1395	53 
1396	93 
1397	46 
1398	22 
1399	67 
1400	19 
1401	64 
1402	75 
1403	47 
1404	89 
1405	3 
1406	64 
1407	60 
1408	95 
1409	13 
1410	46 
1411	19 
1412	81 
1413	69 
1414	7 
1415	59 
1416	19 
1417	9 
1418	52 
1419	53 
1420	13 
1421	77 
1422	22 
1423	12 
1424	28 
1425	25 
1426	46 
1427	60 
1428	35 
1429	5 
1430	89 
1431	67 
1432	21 
1433	16 
1434	72 
1435	80 
1436	7 
1437	28 
1438	32 
1439	11 
1440	47 
1441	25 
1442	7 
1443	63 
1444	84 
1445	15 
1446	2 
1447	4 
1448	41 
1449	47 
1450	52 
1451	75 
1452	15 
1453	60 
1454	72 
1455	54 
1456	59 
1457	34 
1458	81 
1459	63 
1460	54 
1461	13 
1462	87 
1463	46 
1464	80 
1465	43 
1466	93 
1467	21 
1468	79 
1469	30 
1470	48 
1471	20 
1472	89 
1473	33 
1474	3 
1475	55 
1476	80 
1477	63 
1478	74 
1479	81 
1480	25 
1481	93 
1482	22 
1483	40 
1484	8 
1485	77 
1486	93 
1487	21 
1488	91 
1489	48 
1490	4 
1491	85 
1492	54 
1493	82 
1494	14 
1495	69 
1496	54 
1497	13 
1498	92 
1499	23 
1500	85 
1501	6 
1502	79 
1503	29 
1504	47 
1505	56 
1506	74 
1507	68 
1508	8 
1509	35 
1510	60 
1511	55 
1512	52 
1513	22 
1514	56 
1515	61 
1516	4 
1517	60 
1518	78 
1519	79 
1520	36 
1521	9 
1522	45 
1523	42 
1524	83 
1525	80 
1526	55 
1527	21 
1528	64 
1529	33 
1530	50 
1531	90 
1532	59 
1533	27 
1534	39 
1535	72 
1536	70 
1537	3 
1538	68 
1539	40 
1540	94 
1541	88 
1542	68 
1543	52 
1544	8 
1545	57 
1546	52 
1547	25 
1548	6 
1549	5 
1550	70 
1551	77 
1552	9 
1553	48 
1554	88 
1555	68 
1556	21 
1557	53 
1558	22 
1559	71 
1560	22 
1561	19 
1562	77 
1563	79 
1564	13 
1565	5 
1566	80 
1567	91 
1568	13 
1569	74 
1570	5 
1571	71 
1572	62 
1573	92 
1574	22 
1575	68 
1576	85 
1577	15 
1578	50 
1579	89 
1580	10 
1581	29 
1582	64 
1583	21 
1584	87 
1585	28 
1586	21 
1587	71 
1588	39 
1589	60 
1590	57 
1591	37 
1592	78 
1593	34 
1594	34 
1595	41 
1596	44 
1597	28 
1598	79 
1599	54 
1600	48 
1601	26 
1602	5 
1603	77 
1604	41 
1605	34 
1606	54 
1607	22 
1608	75 
1609	74 
1610	12 
1611	71 
1612	9 
1613	46 
1614	32 
1615	46 
1616	81 
1617	94 
1618	64 
1619	3 
1620	13 
1621	10 
1622	12 
1623	62 
1624	87 
1625	77 
1626	46 
1627	25 
1628	57 
1629	16 
1630	79 
1631	73 
1632	12 
1633	64 
1634	11 
1635	73 
1636	68 
1637	1 
1638	90 
1639	60 
1640	81 
1641	89 
1642	22 
1643	68 
1644	19 
1645	64 
1646	12 
1647	94 
1648	85 
1649	94 
1650	87 
1651	13 
1652	53 
1653	53 
1654	39 
1655	72 
1656	36 
1657	15 
1658	7 
1659	20 
1660	80 
1661	93 
1662	71 
1663	21 
1664	27 
1665	45 
1666	46 
1667	92 
1668	28 
1669	27 
1670	55 
1671	11 
1672	17 
1673	16 
1674	83 
1675	34 
1676	69 
1677	10 
1678	79 
1679	46 
1680	3 
1681	93 
1682	60 
1683	61 
1684	91 
1685	19 
1686	81 
1687	9 
1688	8 
1689	7 
1690	79 
1691	51 
1692	28 
1693	25 
1694	45 
1695	13 
1696	91 
1697	52 
1698	54 
1699	17 
1700	10 
1701	47 
1702	93 
1703	48 
1704	46 
1705	91 
1706	73 
1707	83 
1708	73 
1709	88 
1710	48 
1711	72 
1712	92 
1713	52 
1714	18 
1715	77 
1716	29 
1717	13 
1718	77 
1719	47 
1720	16 
1721	28 
1722	6 
1723	26 
1724	20 
1725	77 
1726	2 
1727	72 
1728	89 
1729	24 
1730	18 
1731	73 
1732	74 
1733	38 
1734	71 
1735	9 
1736	91 
1737	63 
1738	85 
1739	83 
1740	95 
1741	55 
1742	71 
1743	21 
1744	52 
1745	4 
1746	25 
1747	12 
1748	87 
1749	13 
1750	91 
1751	52 
1752	69 
1753	41 
1754	44 
1755	42 
1756	27 
1757	88 
1758	19 
1759	79 
1760	41 
1761	75 
1762	90 
1763	50 
1764	79 
1765	9 
1766	81 
1767	13 
1768	94 
1769	34 
1770	81 
1771	19 
1772	13 
1773	78 
1774	73 
1775	77 
1776	27 
1777	25 
1778	78 
1779	52 
1780	8 
1781	12 
1782	47 
1783	57 
1784	5 
1785	69 
1786	37 
1787	3 
1788	72 
1789	52 
1790	78 
1791	14 
1792	79 
1793	68 
1794	47 
1795	10 
1796	20 
1797	2 
1798	55 
1799	17 
1800	72 
1801	47 
1802	80 
1803	24 
1804	60 
1805	13 
1806	46 
1807	34 
1808	75 
1809	59 
1810	46 
1811	38 
1812	7 
1813	33 
1814	31 
1815	41 
1816	3 
1817	79 
1818	89 
1819	60 
1820	9 
1821	72 
1822	35 
1823	47 
1824	18 
1825	49 
1826	85 
1827	79 
1828	16 
1829	28 
1830	40 
1831	2 
1832	90 
1833	79 
1834	81 
1835	25 
1836	5 
1837	57 
1838	79 
1839	79 
1840	30 
1841	89 
1842	69 
1843	30 
1844	36 
1845	33 
1846	75 
1847	6 
1848	28 
1849	94 
1850	34 
1851	16 
1852	69 
1853	77 
1854	87 
1855	77 
1856	69 
1857	53 
1858	46 
1859	54 
1860	68 
1861	71 
1862	55 
1863	18 
1864	89 
1865	73 
1866	60 
1867	48 
1868	15 
1869	33 
1870	58 
1871	4 
1872	34 
1873	46 
1874	94 
1875	10 
1876	93 
1877	45 
1878	52 
1879	85 
1880	10 
1881	86 
1882	24 
1883	34 
1884	39 
1885	50 
1886	42 
1887	68 
1888	42 
1889	4 
1890	68 
1891	1 
1892	9 
1893	36 
1894	23 
1895	36 
1896	79 
1897	41 
1898	76 
1899	22 
1900	61 
1901	9 
1902	60 
1903	2 
1904	56 
1905	82 
1906	19 
1907	2 
1908	60 
1909	85 
1910	47 
1911	82 
1912	67 
1913	7 
1914	12 
1915	56 
1916	59 
1917	87 
1918	27 
1919	8 
1920	15 
1921	22 
1922	55 
1923	88 
1924	93 
1925	89 
1926	68 
1927	22 
1928	77 
1929	32 
1930	61 
1931	55 
1932	6 
1933	60 
1934	75 
1935	24 
1936	72 
1937	58 
1938	17 
1939	55 
1940	16 
1941	55 
1942	68 
1943	89 
1944	93 
1945	27 
1946	89 
1947	91 
1948	48 
1949	27 
1950	82 
1951	10 
1952	9 
1953	14 
1954	70 
1955	75 
1956	54 
1957	48 
1958	13 
1959	93 
1960	95 
1961	13 
1962	43 
1963	27 
1964	12 
1965	38 
1966	36 
1967	37 
1968	89 
1969	64 
1970	47 
1971	83 
1972	9 
1973	75 
1974	47 
1975	8 
1976	69 
1977	82 
1978	63 
1979	10 
1980	59 
1981	48 
1982	27 
1983	24 
1984	41 
1985	88 
1986	11 
1987	57 
1988	6 
1989	84 
1990	31 
1991	85 
1992	39 
1993	81 
1994	71 
1995	32 
1996	88 
1997	72 
1998	5 
1999	52 
2000	79 
2001	41 
2002	8 
2003	21 
2004	4 
2005	7 
2006	47 
2007	33 
2008	5 
2009	39 
2010	90 
2011	33 
2012	29 
2013	91 
2014	11 
2015	93 
2016	9 
2017	36 
2018	46 
2019	6 
2020	28 
2021	6 
2022	8 
2023	25 
2024	89 
2025	13 
2026	9 
2027	42 
2028	33 
2029	65 
2030	72 
2031	81 
2032	75 
2033	73 
2034	89 
2035	59 
2036	6 
2037	81 
2038	72 
2039	81 
2040	1 
2041	11 
2042	29 
2043	20 
2044	90 
2045	16 
2046	73 
2047	84 
2048	13 
2049	88 
2050	94 
2051	77 
2052	59 
2053	57 
2054	87 
2055	47 
2056	37 
2057	15 
2058	52 
2059	50 
2060	52 
2061	36 
2062	10 
2063	3 
2064	31 
2065	10 
2066	21 
2067	75 
2068	58 
2069	41 
2070	1 
2071	63 
2072	3 
2073	59 
2074	15 
2075	77 
2076	91 
2077	22 
2078	40 
2079	17 
2080	64 
2081	1 
2082	69 
2083	11 
2084	34 
2085	57 
2086	56 
2087	58 
2088	54 
2089	23 
2090	89 
2091	91 
2092	62 
2093	29 
2094	56 
2095	14 
2096	32 
2097	60 
2098	85 
2099	17 
2100	83 
2101	60 
2102	47 
2103	66 
2104	91 
2105	28 
2106	60 
2107	75 
2108	1 
2109	15 
2110	64 
2111	92 
2112	26 
2113	91 
2114	77 
2115	9 
2116	60 
2117	69 
2118	64 
2119	24 
2120	25 
2121	80 
2122	8 
2123	55 
2124	89 
2125	8 
2126	70 
2127	55 
2128	29 
2129	63 
2130	88 
2131	63 
2132	83 
2133	11 
2134	6 
2135	45 
2136	9 
2137	63 
2138	64 
2139	63 
2140	85 
2141	51 
2142	90 
2143	63 
2144	89 
2145	57 
2146	38 
2147	13 
2148	89 
2149	25 
2150	50 
2151	42 
2152	87 
2153	89 
2154	93 
2155	59 
2156	45 
2157	66 
2158	83 
2159	38 
2160	11 
2161	78 
2162	93 
2163	53 
2164	57 
2165	5 
2166	11 
2167	47 
2168	72 
2169	33 
2170	34 
2171	41 
2172	27 
2173	6 
2174	89 
2175	3 
2176	19 
2177	10 
2178	1 
2179	52 
2180	75 
2181	64 
2182	92 
2183	45 
2184	52 
2185	72 
2186	89 
2187	48 
2188	12 
2189	4 
2190	22 
2191	21 
2192	50 
2193	16 
2194	23 
2195	82 
2196	24 
2197	25 
2198	23 
2199	28 
2200	65 
2201	9 
2202	88 
2203	64 
2204	36 
2205	3 
2206	85 
2207	38 
2208	2 
2209	44 
2210	41 
2211	65 
2212	73 
2213	69 
2214	4 
2215	9 
2216	19 
2217	24 
2218	50 
2219	9 
2220	88 
2221	53 
2222	70 
2223	82 
2224	44 
2225	81 
2226	91 
2227	93 
2228	79 
2229	20 
2230	47 
2231	34 
2232	16 
2233	76 
2234	20 
2235	68 
2236	72 
2237	17 
2238	54 
2239	52 
2240	13 
2241	18 
2242	48 
2243	5 
2244	36 
2245	11 
2246	73 
2247	55 
2248	34 
2249	16 
2250	93 
2251	69 
2252	10 
2253	8 
2254	82 
2255	50 
2256	21 
2257	64 
2258	5 
2259	6 
2260	17 
2261	71 
2262	55 
2263	66 
2264	50 
2265	9 
2266	80 
2267	27 
2268	12 
2269	19 
2270	83 
2271	34 
2272	29 
2273	49 
2274	35 
2275	33 
2276	49 
2277	79 
2278	76 
2279	19 
2280	57 
2281	63 
2282	13 
2283	91 
2284	81 
2285	63 
2286	22 
2287	35 
2288	79 
2289	89 
2290	79 
2291	49 
2292	83 
2293	91 
2294	50 
2295	87 
2296	17 
2297	47 
2298	72 
2299	28 
2300	47 
2301	59 
2302	68 
2303	13 
2304	87 
2305	70 
2306	28 
2307	88 
2308	39 
2309	79 
2310	47 
2311	10 
2312	46 
2313	93 
2314	71 
2315	69 
2316	95 
2317	5 
2318	85 
2319	3 
2320	76 
2321	10 
2322	47 
2323	21 
2324	11 
2325	31 
2326	26 
2327	62 
2328	89 
2329	25 
2330	79 
2331	83 
2332	50 
2333	81 
2334	53 
2335	57 
2336	35 
2337	67 
2338	72 
2339	18 
2340	52 
2341	32 
2342	27 
2343	12 
2344	11 
2345	94 
2346	48 
2347	93 
2348	62 
2349	81 
2350	3 
2351	60 
2352	25 
2353	9 
2354	28 
2355	22 
2356	89 
2357	56 
2358	9 
2359	68 
2360	87 
2361	3 
2362	95 
2363	24 
2364	92 
2365	25 
2366	5 
2367	67 
2368	19 
2369	43 
2370	75 
2371	76 
2372	35 
2373	18 
2374	84 
2375	77 
2376	37 
2377	1 
2378	47 
2379	44 
2380	62 
2381	91 
2382	80 
2383	18 
2384	50 
2385	85 
2386	89 
2387	93 
2388	16 
2389	5 
2390	85 
2391	60 
2392	34 
2393	52 
2394	37 
2395	65 
2396	75 
2397	13 
2398	62 
2399	42 
2400	91 
2401	60 
2402	2 
2403	89 
2404	68 
2405	81 
2406	81 
2407	7 
2408	49 
2409	3 
2410	91 
2411	61 
2412	63 
2413	2 
2414	5 
2415	77 
2416	59 
2417	66 
2418	92 
2419	57 
2420	67 
2421	81 
2422	27 
2423	34 
2424	69 
2425	23 
2426	59 
2427	8 
2428	20 
2429	94 
2430	81 
2431	46 
2432	60 
2433	67 
2434	86 
2435	51 
2436	2 
2437	53 
2438	22 
2439	51 
2440	48 
2441	32 
2442	2 
2443	8 
2444	48 
2445	9 
2446	41 
2447	48 
2448	29 
2449	56 
2450	47 
2451	29 
2452	85 
2453	38 
2454	57 
2455	37 
2456	79 
2457	68 
2458	91 
2459	37 
2460	39 
2461	89 
2462	25 
2463	36 
2464	62 
2465	80 
2466	29 
2467	54 
2468	48 
2469	91 
2470	46 
2471	41 
2472	43 
2473	34 
2474	31 
2475	2 
2476	48 
2477	94 
2478	82 
2479	70 
2480	86 
2481	25 
2482	55 
2483	20 
2484	3 
2485	10 
2486	54 
2487	1 
2488	36 
2489	85 
2490	60 
2491	68 
2492	41 
2493	15 
2494	75 
2495	17 
2496	35 
2497	15 
2498	37 
2499	92 
2500	87 
2501	60 
2502	21 
2503	69 
2504	13 
2505	56 
2506	4 
2507	49 
2508	45 
2509	57 
2510	6 
2511	4 
2512	69 
2513	41 
2514	34 
2515	83 
2516	81 
2517	8 
2518	65 
2519	31 
2520	5 
2521	46 
2522	3 
2523	92 
2524	50 
2525	81 
2526	55 
2527	87 
2528	11 
2529	52 
2530	79 
2531	11 
2532	89 
2533	84 
2534	56 
2535	15 
2536	16 
2537	64 
2538	59 
2539	79 
2540	88 
2541	67 
2542	53 
2543	2 
2544	80 
2545	77 
2546	1 
2547	2 
2548	56 
2549	62 
2550	50 
2551	80 
2552	39 
2553	2 
2554	71 
2555	12 
2556	17 
2557	22 
2558	22 
2559	11 
2560	81 
2561	56 
2562	38 
2563	48 
2564	85 
2565	5 
2566	90 
2567	24 
2568	49 
2569	3 
2570	46 
2571	27 
2572	24 
2573	78 
2574	65 
2575	60 
2576	34 
2577	89 
2578	61 
2579	2 
2580	46 
2581	45 
2582	45 
2583	85 
2584	12 
2585	52 
2586	48 
2587	21 
2588	93 
2589	12 
2590	30 
2591	48 
2592	53 
2593	69 
2594	42 
2595	24 
2596	62 
2597	77 
2598	60 
2599	8 
2600	51 
2601	59 
2602	85 
2603	80 
2604	93 
2605	28 
2606	54 
2607	75 
2608	54 
2609	89 
2610	46 
2611	37 
2612	12 
2613	77 
2614	41 
2615	21 
2616	83 
2617	4 
2618	45 
2619	47 
2620	27 
2621	62 
2622	45 
2623	12 
2624	64 
2625	32 
2626	81 
2627	59 
2628	35 
2629	5 
2630	86 
2631	12 
2632	50 
2633	5 
2634	37 
2635	93 
2636	36 
2637	37 
2638	30 
2639	47 
2640	28 
2641	46 
2642	19 
2643	46 
2644	46 
2645	93 
2646	10 
2647	30 
2648	27 
2649	43 
2650	10 
2651	60 
2652	27 
2653	41 
2654	25 
2655	40 
2656	64 
2657	55 
2658	46 
2659	93 
2660	9 
2661	84 
2662	13 
2663	53 
2664	60 
2665	91 
2666	28 
2667	29 
2668	79 
2669	78 
2670	46 
2671	82 
2672	12 
2673	22 
2674	49 
2675	91 
2676	25 
2677	42 
2678	70 
2679	40 
2680	29 
2681	68 
2682	53 
2683	74 
2684	80 
2685	16 
2686	12 
2687	60 
2688	41 
2689	13 
2690	93 
2691	91 
2692	29 
2693	71 
2694	1 
2695	47 
2696	5 
2697	52 
2698	44 
2699	76 
2700	73 
2701	54 
2702	60 
2703	16 
2704	43 
2705	87 
2706	6 
2707	83 
2708	18 
2709	64 
2710	2 
2711	21 
2712	91 
2713	55 
2714	53 
2715	73 
2716	10 
2717	8 
2718	71 
2719	9 
2720	22 
2721	48 
2722	8 
2723	91 
2724	64 
2725	5 
2726	27 
2727	24 
2728	60 
2729	79 
2730	31 
2731	47 
2732	22 
2733	55 
2734	28 
2735	29 
2736	9 
2737	5 
2738	59 
2739	12 
2740	94 
2741	42 
2742	22 
2743	81 
2744	5 
2745	10 
2746	15 
2747	62 
2748	26 
2749	42 
2750	62 
2751	3 
2752	92 
2753	48 
2754	46 
2755	54 
2756	34 
2757	73 
2758	63 
2759	22 
2760	81 
2761	47 
2762	60 
2763	52 
2764	42 
2765	81 
2766	31 
2767	79 
2768	73 
2769	12 
2770	3 
2771	35 
2772	87 
2773	89 
2774	25 
2775	34 
2776	16 
2777	79 
2778	79 
2779	37 
2780	28 
2781	87 
2782	53 
2783	88 
2784	41 
2785	87 
2786	46 
2787	5 
2788	6 
2789	46 
2790	73 
2791	59 
2792	76 
2793	52 
2794	53 
2795	85 
2796	64 
2797	13 
2798	89 
2799	38 
2800	53 
2801	3 
2802	9 
2803	61 
2804	40 
2805	49 
2806	40 
2807	13 
2808	72 
2809	76 
2810	30 
2811	60 
2812	3 
2813	25 
2814	86 
2815	75 
2816	2 
2817	13 
2818	17 
2819	17 
2820	3 
2821	20 
2822	67 
2823	46 
2824	47 
2825	81 
2826	91 
2827	75 
2828	19 
2829	23 
2830	4 
2831	65 
2832	35 
2833	22 
2834	77 
2835	8 
2836	60 
2837	19 
2838	8 
2839	13 
2840	14 
2841	12 
2842	36 
2843	66 
2844	59 
2845	16 
2846	36 
2847	22 
2848	62 
2849	62 
2850	40 
2851	28 
2852	79 
2853	59 
2854	17 
2855	73 
2856	73 
2857	59 
2858	54 
2859	54 
2860	32 
2861	28 
2862	84 
2863	50 
2864	1 
2865	72 
2866	41 
2867	88 
2868	25 
2869	13 
2870	31 
2871	12 
2872	57 
2873	2 
2874	63 
2875	36 
2876	41 
2877	85 
2878	86 
2879	16 
2880	13 
2881	80 
2882	59 
2883	88 
2884	78 
2885	3 
2886	41 
2887	86 
2888	47 
2889	2 
2890	78 
2891	86 
2892	85 
2893	75 
2894	62 
2895	41 
2896	22 
2897	21 
2898	12 
2899	4 
2900	46 
2901	59 
2902	11 
2903	75 
2904	36 
2905	8 
2906	57 
2907	64 
2908	68 
2909	84 
2910	64 
2911	10 
2912	26 
2913	46 
2914	87 
2915	64 
2916	55 
2917	9 
2918	10 
2919	16 
2920	73 
2921	16 
2922	21 
2923	53 
2924	5 
2925	2 
2926	73 
2927	16 
2928	72 
2929	93 
2930	76 
2931	14 
2932	89 
2933	44 
2934	93 
2935	72 
2936	35 
2937	79 
2938	19 
2939	87 
2940	94 
2941	52 
2942	13 
2943	8 
2944	79 
2945	26 
2946	11 
2947	87 
2948	20 
2949	81 
2950	34 
2951	19 
2952	89 
2953	81 
2954	76 
2955	34 
2956	35 
2957	46 
2958	78 
2959	51 
2960	71 
2961	13 
2962	70 
2963	45 
2964	63 
2965	25 
2966	18 
2967	41 
2968	39 
2969	33 
2970	11 
2971	27 
2972	27 
2973	25 
2974	52 
2975	68 
2976	69 
2977	71 
2978	41 
2979	78 
2980	8 
2981	50 
2982	2 
2983	93 
2984	59 
2985	82 
2986	32 
2987	25 
2988	50 
2989	47 
2990	9 
2991	69 
2992	50 
2993	43 
2994	83 
2995	90 
2996	8 
2997	84 
2998	62 
2999	9 
3000	4 
3001	52 
3002	4 
3003	85 
3004	89 
3005	71 
3006	65 
3007	75 
3008	72 
3009	11 
3010	6 
3011	87 
3012	10 
3013	21 
3014	63 
3015	21 
3016	79 
3017	19 
3018	94 
3019	46 
3020	34 
3021	76 
3022	44 
3023	84 
3024	53 
3025	48 
3026	87 
3027	52 
3028	87 
3029	82 
3030	18 
3031	32 
3032	75 
3033	59 
3034	42 
3035	76 
3036	52 
3037	64 
3038	64 
3039	89 
3040	91 
3041	34 
3042	81 
3043	5 
3044	89 
3045	20 
3046	36 
3047	8 
3048	28 
3049	35 
3050	44 
3051	76 
3052	53 
3053	28 
3054	64 
3055	16 
3056	29 
3057	36 
3058	4 
3059	13 
3060	72 
3061	71 
3062	47 
3063	64 
3064	8 
3065	46 
3066	21 
3067	32 
3068	69 
3069	63 
3070	64 
3071	42 
3072	9 
3073	89 
3074	5 
3075	17 
3076	60 
3077	31 
3078	1 
3079	27 
3080	90 
3081	9 
3082	20 
3083	93 
3084	30 
3085	30 
3086	41 
3087	53 
3088	21 
3089	8 
3090	12 
3091	8 
3092	7 
3093	93 
3094	30 
3095	19 
3096	68 
3097	86 
3098	8 
3099	64 
3100	66 
3101	89 
3102	2 
3103	72 
3104	55 
3105	79 
3106	28 
3107	75 
3108	72 
3109	15 
3110	23 
3111	10 
3112	29 
3113	2 
3114	9 
3115	92 
3116	82 
3117	47 
3118	31 
3119	34 
3120	76 
3121	19 
3122	34 
3123	20 
3124	84 
3125	35 
3126	32 
3127	53 
3128	36 
3129	84 
3130	48 
3131	30 
3132	60 
3133	79 
3134	37 
3135	13 
3136	36 
3137	13 
3138	68 
3139	82 
3140	89 
3141	24 
3142	84 
3143	45 
3144	8 
3145	20 
3146	54 
3147	87 
3148	28 
3149	22 
3150	5 
3151	72 
3152	87 
3153	2 
3154	28 
3155	15 
3156	48 
3157	67 
3158	65 
3159	4 
3160	68 
3161	36 
3162	22 
3163	28 
3164	16 
3165	68 
3166	63 
3167	42 
3168	61 
3169	29 
3170	25 
3171	9 
3172	22 
3173	29 
3174	58 
3175	34 
3176	47 
3177	83 
3178	55 
3179	80 
3180	44 
3181	28 
3182	13 
3183	77 
3184	11 
3185	80 
3186	81 
3187	48 
3188	25 
3189	1 
3190	25 
3191	5 
3192	77 
3193	12 
3194	52 
3195	58 
3196	12 
3197	16 
3198	34 
3199	85 
3200	39 
3201	58 
3202	53 
3203	28 
3204	48 
3205	25 
3206	88 
3207	60 
3208	69 
3209	41 
3210	51 
3211	95 
3212	15 
3213	5 
3214	75 
3215	87 
3216	45 
3217	46 
3218	13 
3219	84 
3220	3 
3221	85 
3222	16 
3223	9 
3224	17 
3225	44 
3226	13 
3227	5 
3228	19 
3229	71 
3230	63 
3231	26 
3232	89 
3233	12 
3234	25 
3235	25 
3236	30 
3237	79 
3238	30 
3239	40 
3240	11 
3241	81 
3242	30 
3243	27 
3244	41 
3245	91 
3246	11 
3247	58 
3248	32 
3249	80 
3250	87 
3251	67 
3252	89 
3253	69 
3254	11 
3255	84 
3256	54 
3257	46 
3258	21 
3259	89 
3260	85 
3261	48 
3262	24 
3263	45 
3264	48 
3265	14 
3266	84 
3267	95 
3268	72 
3269	34 
3270	4 
3271	3 
3272	85 
3273	22 
3274	74 
3275	5 
3276	64 
3277	51 
3278	41 
3279	48 
3280	52 
3281	24 
3282	81 
3283	53 
3284	22 
3285	79 
3286	40 
3287	2 
3288	27 
3289	16 
3290	44 
3291	12 
3292	33 
3293	62 
3294	10 
3295	69 
3296	72 
3297	47 
3298	59 
3299	58 
3300	5 
3301	44 
3302	17 
3303	21 
3304	9 
3305	2 
3306	34 
3307	19 
3308	28 
3309	91 
3310	52 
3311	77 
3312	60 
3313	32 
3314	16 
3315	80 
3316	37 
3317	46 
3318	90 
3319	48 
3320	22 
3321	5 
3322	3 
3323	24 
3324	94 
3325	25 
3326	34 
3327	86 
3328	51 
3329	49 
3330	54 
3331	50 
3332	57 
3333	47 
3334	26 
3335	9 
3336	55 
3337	10 
3338	71 
3339	62 
3340	83 
3341	64 
3342	72 
3343	65 
3344	89 
3345	38 
3346	36 
3347	21 
3348	81 
3349	85 
3350	2 
3351	93 
3352	19 
3353	46 
3354	3 
3355	47 
3356	44 
3357	74 
3358	16 
3359	12 
3360	5 
3361	65 
3362	44 
3363	28 
3364	37 
3365	47 
3366	19 
3367	34 
3368	54 
3369	44 
3370	29 
3371	6 
3372	76 
3373	50 
3374	38 
3375	12 
3376	39 
3377	41 
3378	21 
3379	5 
3380	79 
3381	21 
3382	14 
3383	63 
3384	69 
3385	65 
3386	93 
3387	63 
3388	71 
3389	34 
3390	85 
3391	11 
3392	71 
3393	22 
3394	65 
3395	29 
3396	27 
3397	76 
3398	3 
3399	33 
3400	46 
3401	62 
3402	11 
3403	63 
3404	93 
3405	56 
3406	3 
3407	48 
3408	78 
3409	30 
3410	87 
3411	48 
3412	71 
3413	54 
3414	64 
3415	28 
3416	4 
3417	1 
3418	5 
3419	27 
3420	45 
3421	22 
3422	53 
3423	92 
3424	90 
3425	64 
3426	89 
3427	17 
3428	60 
3429	84 
3430	64 
3431	52 
3432	33 
3433	5 
3434	84 
3435	80 
3436	64 
3437	62 
3438	68 
3439	39 
3440	48 
3441	72 
3442	44 
3443	27 
3444	55 
3445	23 
3446	57 
3447	8 
3448	59 
3449	21 
3450	14 
3451	47 
3452	41 
3453	48 
3454	10 
3455	6 
3456	89 
3457	9 
3458	55 
3459	75 
3460	72 
3461	43 
3462	46 
3463	81 
3464	25 
3465	52 
3466	74 
3467	62 
3468	94 
3469	89 
3470	69 
3471	23 
3472	63 
3473	77 
3474	1 
3475	81 
3476	38 
3477	3 
3478	75 
3479	55 
3480	32 
3481	69 
3482	34 
3483	31 
3484	14 
3485	64 
3486	9 
3487	19 
3488	26 
3489	66 
3490	53 
3491	87 
3492	77 
3493	5 
3494	21 
3495	11 
3496	24 
3497	52 
3498	81 
3499	18 
3500	58 
3501	34 
3502	26 
3503	35 
3504	8 
3505	19 
3506	11 
3507	67 
3508	29 
3509	2 
3510	49 
3511	2 
3512	30 
3513	47 
3514	44 
3515	16 
3516	72 
3517	36 
3518	52 
3519	28 
3520	46 
3521	20 
3522	91 
3523	50 
3524	18 
3525	16 
3526	9 
3527	28 
3528	91 
3529	11 
3530	45 
3531	91 
3532	10 
3533	9 
3534	73 
3535	36 
3536	53 
3537	77 
3538	57 
3539	81 
3540	63 
3541	81 
3542	16 
3543	13 
3544	42 
3545	13 
3546	45 
3547	48 
3548	56 
3549	3 
3550	60 
3551	32 
3552	10 
3553	55 
3554	20 
3555	27 
3556	42 
3557	65 
3558	36 
3559	36 
3560	46 
3561	13 
3562	42 
3563	40 
3564	12 
3565	12 
3566	19 
3567	22 
3568	64 
3569	25 
3570	69 
3571	16 
3572	73 
3573	53 
3574	91 
3575	88 
3576	80 
3577	75 
3578	42 
3579	55 
3580	3 
3581	77 
3582	55 
3583	19 
3584	84 
3585	90 
3586	81 
3587	81 
3588	42 
3589	94 
3590	72 
3591	55 
3592	75 
3593	53 
3594	2 
3595	75 
3596	21 
3597	88 
3598	45 
3599	54 
3600	22 
3601	21 
3602	30 
3603	64 
3604	13 
3605	2 
3606	5 
3607	79 
3608	65 
3609	91 
3610	17 
3611	76 
3612	41 
3613	22 
3614	59 
3615	74 
3616	64 
3617	22 
3618	81 
3619	71 
3620	48 
3621	69 
3622	6 
3623	55 
3624	93 
3625	28 
3626	3 
3627	81 
3628	85 
3629	47 
3630	83 
3631	41 
3632	27 
3633	4 
3634	54 
3635	68 
3636	14 
3637	5 
3638	23 
3639	90 
3640	50 
3641	32 
3642	1 
3643	87 
3644	54 
3645	63 
3646	59 
3647	62 
3648	76 
3649	2 
3650	48 
3651	64 
3652	91 
3653	43 
3654	85 
3655	1 
3656	47 
3657	47 
3658	59 
3659	94 
3660	28 
3661	19 
3662	2 
3663	6 
3664	94 
3665	21 
3666	84 
3667	13 
3668	50 
3669	32 
3670	12 
3671	60 
3672	7 
3673	83 
3674	36 
3675	22 
3676	17 
3677	73 
3678	6 
3679	53 
3680	21 
3681	53 
3682	25 
3683	22 
3684	53 
3685	66 
3686	43 
3687	9 
3688	33 
3689	59 
3690	60 
3691	4 
3692	72 
3693	27 
3694	28 
3695	52 
3696	52 
3697	71 
3698	90 
3699	16 
3700	54 
3701	46 
3702	26 
3703	65 
3704	63 
3705	50 
3706	1 
3707	92 
3708	94 
3709	7 
3710	50 
3711	19 
3712	5 
3713	47 
3714	53 
3715	93 
3716	88 
3717	58 
3718	16 
3719	64 
3720	92 
3721	81 
3722	9 
3723	45 
3724	85 
3725	64 
3726	46 
3727	2 
3728	11 
3729	26 
3730	85 
3731	38 
3732	11 
3733	29 
3734	44 
3735	27 
3736	83 
3737	47 
3738	47 
3739	87 
3740	55 
3741	25 
3742	13 
3743	76 
3744	48 
3745	52 
3746	46 
3747	60 
3748	13 
3749	31 
3750	16 
3751	8 
3752	76 
3753	58 
3754	34 
3755	53 
3756	15 
3757	7 
3758	64 
3759	72 
3760	19 
3761	25 
3762	34 
3763	48 
3764	91 
3765	89 
3766	69 
3767	89 
3768	68 
3769	55 
3770	31 
3771	3 
3772	41 
3773	81 
3774	47 
3775	81 
3776	43 
3777	50 
3778	3 
3779	59 
3780	54 
3781	80 
3782	17 
3783	58 
3784	69 
3785	85 
3786	74 
3787	64 
3788	56 
3789	9 
3790	28 
3791	90 
3792	76 
3793	68 
3794	17 
3795	18 
3796	64 
3797	23 
3798	46 
3799	34 
3800	42 
3801	21 
3802	25 
3803	79 
3804	4 
3805	26 
3806	37 
3807	67 
3808	3 
3809	41 
3810	90 
3811	60 
3812	9 
3813	3 
3814	47 
3815	6 
3816	89 
3817	80 
3818	31 
3819	25 
3820	36 
3821	27 
3822	41 
3823	42 
3824	46 
3825	68 
3826	54 
3827	63 
3828	85 
3829	9 
3830	46 
3831	21 
3832	19 
3833	69 
3834	60 
3835	90 
3836	64 
3837	5 
3838	10 
3839	28 
3840	48 
3841	5 
3842	5 
3843	27 
3844	3 
3845	22 
3846	5 
3847	19 
3848	86 
3849	27 
3850	38 
3851	25 
3852	71 
3853	67 
3854	41 
3855	41 
3856	82 
3857	53 
3858	36 
3859	60 
3860	28 
3861	62 
3862	31 
3863	47 
3864	22 
3865	16 
3866	79 
3867	48 
3868	89 
3869	69 
3870	44 
3871	43 
3872	55 
3873	28 
3874	53 
3875	36 
3876	21 
3877	48 
3878	2 
3879	75 
3880	37 
3881	27 
3882	2 
3883	73 
3884	19 
3885	22 
3886	91 
3887	34 
3888	19 
3889	22 
3890	47 
3891	34 
3892	8 
3893	31 
3894	46 
3895	87 
3896	87 
3897	75 
3898	91 
3899	9 
3900	51 
3901	19 
3902	90 
3903	23 
3904	53 
3905	69 
3906	72 
3907	32 
3908	5 
3909	37 
3910	12 
3911	6 
3912	21 
3913	11 
3914	13 
3915	86 
3916	6 
3917	59 
3918	53 
3919	49 
3920	27 
3921	11 
3922	90 
3923	32 
3924	60 
3925	5 
3926	36 
3927	55 
3928	28 
3929	49 
3930	38 
3931	64 
3932	19 
3933	62 
3934	70 
3935	87 
3936	10 
3937	28 
3938	22 
3939	93 
3940	42 
3941	88 
3942	11 
3943	47 
3944	13 
3945	18 
3946	68 
3947	71 
3948	13 
3949	89 
3950	50 
3951	22 
3952	39 
3953	55 
3954	9 
3955	50 
3956	19 
3957	71 
3958	42 
3959	2 
3960	49 
3961	54 
3962	79 
3963	81 
3964	93 
3965	27 
3966	89 
3967	61 
3968	63 
3969	69 
3970	68 
3971	64 
3972	68 
3973	2 
3974	3 
3975	6 
3976	6 
3977	50 
3978	45 
3979	85 
3980	11 
3981	33 
3982	73 
3983	60 
3984	49 
3985	53 
3986	23 
3987	16 
3988	32 
3989	28 
3990	74 
3991	13 
3992	41 
3993	71 
3994	22 
3995	60 
3996	71 
3997	64 
3998	91 
3999	30 
4000	79 
4001	64 
4002	50 
4003	10 
4004	40 
4005	82 
4006	48 
4007	93 
4008	55 
4009	67 
4010	4 
4011	85 
4012	73 
4013	73 
4014	11 
4015	51 
4016	79 
4017	68 
4018	47 
4019	69 
4020	18 
4021	52 
4022	2 
4023	80 
4024	16 
4025	29 
4026	34 
4027	89 
4028	46 
4029	19 
4030	62 
4031	6 
4032	52 
4033	61 
4034	71 
4035	46 
4036	52 
4037	81 
4038	45 
4039	41 
4040	16 
4041	14 
4042	23 
4043	3 
4044	37 
4045	5 
4046	80 
4047	13 
4048	59 
4049	28 
4050	12 
4051	21 
4052	72 
4053	66 
4054	42 
4055	44 
4056	64 
4057	8 
4058	77 
4059	81 
4060	20 
4061	4 
4062	42 
4063	82 
4064	16 
4065	79 
4066	45 
4067	59 
4068	19 
4069	76 
4070	80 
4071	16 
4072	32 
4073	19 
4074	60 
4075	46 
4076	9 
4077	22 
4078	45 
4079	93 
4080	22 
4081	37 
4082	78 
4083	21 
4084	77 
4085	79 
4086	10 
4087	21 
4088	89 
4089	13 
4090	84 
4091	67 
4092	2 
4093	25 
4094	3 
4095	12 
4096	8 
4097	4 
4098	50 
4099	53 
4100	4 
4101	94 
4102	77 
4103	10 
4104	49 
4105	6 
4106	20 
4107	64 
4108	66 
4109	83 
4110	19 
4111	12 
4112	94 
4113	81 
4114	74 
4115	10 
4116	93 
4117	32 
4118	53 
4119	4 
4120	90 
4121	14 
4122	83 
4123	12 
4124	27 
4125	32 
4126	52 
4127	29 
4128	28 
4129	5 
4130	5 
4131	54 
4132	73 
4133	51 
4134	52 
4135	45 
4136	42 
4137	16 
4138	66 
4139	35 
4140	80 
4141	28 
4142	25 
4143	53 
4144	81 
4145	41 
4146	13 
4147	2 
4148	48 
4149	87 
4150	15 
4151	30 
4152	43 
4153	11 
4154	49 
4155	81 
4156	52 
4157	36 
4158	4 
4159	5 
4160	4 
4161	20 
4162	52 
4163	88 
4164	4 
4165	47 
4166	60 
4167	39 
4168	8 
4169	34 
4170	21 
4171	27 
4172	15 
4173	73 
4174	32 
4175	70 
4176	19 
4177	28 
4178	31 
4179	68 
4180	72 
4181	69 
4182	62 
4183	19 
4184	25 
4185	79 
4186	1 
4187	24 
4188	44 
4189	52 
4190	79 
4191	94 
4192	63 
4193	52 
4194	24 
4195	68 
4196	22 
4197	55 
4198	19 
4199	48 
4200	2 
4201	56 
4202	17 
4203	25 
4204	51 
4205	55 
4206	64 
4207	34 
4208	83 
4209	39 
4210	15 
4211	89 
4212	17 
4213	79 
4214	82 
4215	84 
4216	75 
4217	55 
4218	9 
4219	45 
4220	48 
4221	22 
4222	73 
4223	10 
4224	25 
4225	1 
4226	16 
4227	71 
4228	88 
4229	64 
4230	13 
4231	85 
4232	27 
4233	86 
4234	36 
4235	61 
4236	18 
4237	9 
4238	12 
4239	84 
4240	54 
4241	33 
4242	34 
4243	89 
4244	32 
4245	64 
4246	71 
4247	16 
4248	91 
4249	36 
4250	73 
4251	33 
4252	56 
4253	25 
4254	25 
4255	33 
4256	1 
4257	81 
4258	91 
4259	25 
4260	64 
4261	50 
4262	12 
4263	75 
4264	56 
4265	46 
4266	87 
4267	50 
4268	53 
4269	14 
4270	13 
4271	21 
4272	46 
4273	19 
4274	7 
4275	41 
4276	47 
4277	62 
4278	89 
4279	88 
4280	46 
4281	6 
4282	89 
4283	90 
4284	62 
4285	94 
4286	94 
4287	21 
4288	33 
4289	51 
4290	26 
4291	69 
4292	75 
4293	22 
4294	19 
4295	37 
4296	5 
4297	54 
4298	52 
4299	19 
4300	80 
4301	41 
4302	24 
4303	50 
4304	22 
4305	54 
4306	41 
4307	4 
4308	2 
4309	31 
4310	51 
4311	37 
4312	73 
4313	63 
4314	19 
4315	48 
4316	62 
4317	48 
4318	33 
4319	13 
4320	43 
4321	32 
4322	59 
4323	63 
4324	47 
4325	92 
4326	71 
4327	47 
4328	85 
4329	27 
4330	78 
4331	65 
4332	72 
4333	94 
4334	55 
4335	93 
4336	63 
4337	33 
4338	15 
4339	71 
4340	74 
4341	85 
4342	63 
4343	55 
4344	75 
4345	47 
4346	36 
4347	41 
4348	19 
4349	53 
4350	16 
4351	59 
4352	27 
4353	53 
4354	35 
4355	8 
4356	44 
4357	42 
4358	29 
4359	60 
4360	6 
4361	59 
4362	25 
4363	86 
4364	12 
4365	94 
4366	93 
4367	51 
4368	86 
4369	88 
4370	28 
4371	34 
4372	75 
4373	60 
4374	47 
4375	45 
4376	79 
4377	52 
4378	26 
4379	29 
4380	9 
4381	68 
4382	5 
4383	67 
4384	74 
4385	13 
4386	80 
4387	64 
4388	25 
4389	89 
4390	46 
4391	12 
4392	63 
4393	6 
4394	16 
4395	40 
4396	46 
4397	48 
4398	19 
4399	46 
4400	8 
4401	43 
4402	12 
4403	12 
4404	84 
4405	50 
4406	89 
4407	46 
4408	53 
4409	9 
4410	50 
4411	85 
4412	89 
4413	22 
4414	86 
4415	59 
4416	12 
4417	63 
4418	22 
4419	27 
4420	47 
4421	5 
4422	51 
4423	45 
4424	18 
4425	19 
4426	87 
4427	81 
4428	42 
4429	67 
4430	6 
4431	49 
4432	68 
4433	53 
4434	10 
4435	30 
4436	22 
4437	8 
4438	20 
4439	44 
4440	39 
4441	12 
4442	7 
4443	79 
4444	36 
4445	25 
4446	86 
4447	89 
4448	10 
4449	69 
4450	27 
4451	61 
4452	46 
4453	46 
4454	32 
4455	88 
4456	50 
4457	53 
4458	38 
4459	46 
4460	88 
4461	89 
4462	28 
4463	52 
4464	35 
4465	34 
4466	59 
4467	32 
4468	89 
4469	63 
4470	94 
4471	34 
4472	60 
4473	1 
4474	19 
4475	50 
4476	85 
4477	32 
4478	48 
4479	59 
4480	47 
4481	16 
4482	60 
4483	63 
4484	18 
4485	31 
4486	40 
4487	87 
4488	37 
4489	55 
4490	7 
4491	19 
4492	75 
4493	20 
4494	41 
4495	72 
4496	20 
4497	12 
4498	27 
4499	65 
4500	93 
4501	30 
4502	81 
4503	10 
4504	89 
4505	3 
4506	51 
4507	27 
4508	36 
4509	6 
4510	89 
4511	73 
4512	28 
4513	11 
4514	42 
4515	3 
4516	93 
4517	45 
4518	6 
4519	69 
4520	68 
4521	82 
4522	64 
4523	19 
4524	75 
4525	27 
4526	14 
4527	12 
4528	42 
4529	13 
4530	64 
4531	10 
4532	28 
4533	75 
4534	27 
4535	46 
4536	77 
4537	73 
4538	62 
4539	45 
4540	60 
4541	17 
4542	21 
4543	22 
4544	72 
4545	87 
4546	52 
4547	86 
4548	62 
4549	26 
4550	79 
4551	28 
4552	67 
4553	11 
4554	70 
4555	16 
4556	12 
4557	44 
4558	47 
4559	14 
4560	92 
4561	46 
4562	70 
4563	62 
4564	25 
4565	74 
4566	9 
4567	70 
4568	18 
4569	23 
4570	65 
4571	10 
4572	19 
4573	4 
4574	3 
4575	48 
4576	22 
4577	76 
4578	9 
4579	18 
4580	39 
4581	73 
4582	64 
4583	31 
4584	91 
4585	27 
4586	46 
4587	69 
4588	34 
4589	64 
4590	19 
4591	41 
4592	54 
4593	32 
4594	9 
4595	69 
4596	36 
4597	21 
4598	18 
4599	6 
4600	65 
4601	88 
4602	2 
4603	46 
4604	22 
4605	87 
4606	65 
4607	79 
4608	31 
4609	74 
4610	81 
4611	24 
4612	68 
4613	25 
4614	53 
4615	2 
4616	47 
4617	75 
4618	77 
4619	86 
4620	10 
4621	25 
4622	48 
4623	45 
4624	50 
4625	89 
4626	46 
4627	9 
4628	19 
4629	25 
4630	41 
4631	70 
4632	67 
4633	25 
4634	32 
4635	32 
4636	67 
4637	25 
4638	79 
4639	26 
4640	93 
4641	84 
4642	46 
4643	64 
4644	88 
4645	7 
4646	48 
4647	68 
4648	19 
4649	60 
4650	81 
4651	17 
4652	8 
4653	38 
4654	23 
4655	22 
4656	70 
4657	63 
4658	86 
4659	4 
4660	86 
4661	16 
4662	79 
4663	21 
4664	52 
4665	67 
4666	16 
4667	30 
4668	19 
4669	9 
4670	39 
4671	69 
4672	68 
4673	6 
4674	41 
4675	4 
4676	36 
4677	71 
4678	69 
4679	67 
4680	41 
4681	79 
4682	21 
4683	95 
4684	75 
4685	9 
4686	43 
4687	67 
4688	35 
4689	93 
4690	42 
4691	91 
4692	51 
4693	53 
4694	84 
4695	20 
4696	13 
4697	1 
4698	20 
4699	71 
4700	60 
4701	87 
4702	52 
4703	78 
4704	59 
4705	58 
4706	73 
4707	37 
4708	5 
4709	13 
4710	42 
4711	11 
4712	52 
4713	65 
4714	5 
4715	85 
4716	2 
4717	70 
4718	95 
4719	90 
4720	81 
4721	2 
4722	88 
4723	38 
4724	55 
4725	91 
4726	41 
4727	36 
4728	46 
4729	27 
4730	21 
4731	31 
4732	92 
4733	49 
4734	62 
4735	28 
4736	86 
4737	49 
4738	60 
4739	68 
4740	48 
4741	23 
4742	27 
4743	79 
4744	54 
4745	28 
4746	41 
4747	9 
4748	45 
4749	28 
4750	2 
4751	50 
4752	12 
4753	61 
4754	2 
4755	60 
4756	51 
4757	17 
4758	9 
4759	56 
4760	5 
4761	3 
4762	78 
4763	21 
4764	60 
4765	19 
4766	63 
4767	71 
4768	79 
4769	72 
4770	37 
4771	19 
4772	54 
4773	32 
4774	92 
4775	72 
4776	8 
4777	13 
4778	10 
4779	13 
4780	87 
4781	47 
4782	12 
4783	82 
4784	40 
4785	75 
4786	27 
4787	46 
4788	93 
4789	37 
4790	60 
4791	6 
4792	26 
4793	68 
4794	11 
4795	11 
4796	21 
4797	16 
4798	64 
4799	19 
4800	81 
4801	92 
4802	59 
4803	35 
4804	12 
4805	35 
4806	28 
4807	16 
4808	87 
4809	76 
4810	52 
4811	79 
4812	76 
4813	55 
4814	2 
4815	78 
4816	89 
4817	91 
4818	94 
4819	25 
4820	36 
4821	28 
4822	48 
4823	29 
4824	18 
4825	7 
4826	7 
4827	29 
4828	3 
4829	6 
4830	89 
4831	62 
4832	36 
4833	27 
4834	3 
4835	89 
4836	25 
4837	78 
4838	55 
4839	69 
4840	31 
4841	85 
4842	10 
4843	26 
4844	17 
4845	4 
4846	87 
4847	52 
4848	69 
4849	13 
4850	94 
4851	25 
4852	39 
4853	13 
4854	25 
4855	64 
4856	8 
4857	81 
4858	28 
4859	71 
4860	13 
4861	5 
4862	30 
4863	71 
4864	83 
4865	81 
4866	75 
4867	4 
4868	19 
4869	93 
4870	77 
4871	47 
4872	33 
4873	69 
4874	78 
4875	13 
4876	59 
4877	34 
4878	18 
4879	9 
4880	72 
4881	24 
4882	17 
4883	77 
4884	35 
4885	87 
4886	48 
4887	36 
4888	75 
4889	83 
4890	3 
4891	83 
4892	3 
4893	28 
4894	32 
4895	40 
4896	51 
4897	87 
4898	10 
4899	69 
4900	85 
4901	4 
4902	46 
4903	20 
4904	33 
4905	9 
4906	8 
4907	30 
4908	35 
4909	54 
4910	9 
4911	60 
4912	19 
4913	15 
4914	63 
4915	9 
4916	62 
4917	74 
4918	48 
4919	6 
4920	19 
4921	19 
4922	52 
4923	94 
4924	52 
4925	85 
4926	2 
4927	45 
4928	55 
4929	25 
4930	17 
4931	79 
4932	87 
4933	22 
4934	62 
4935	48 
4936	14 
4937	2 
4938	80 
4939	69 
4940	39 
4941	4 
4942	76 
4943	54 
4944	10 
4945	54 
4946	51 
4947	42 
4948	84 
4949	18 
4950	48 
4951	47 
4952	52 
4953	56 
4954	21 
4955	28 
4956	93 
4957	84 
4958	20 
4959	93 
4960	70 
4961	82 
4962	48 
4963	28 
4964	16 
4965	91 
4966	45 
4967	58 
4968	71 
4969	55 
4970	72 
4971	35 
4972	53 
4973	65 
4974	27 
4975	4 
4976	12 
4977	81 
4978	81 
4979	2 
4980	5 
4981	87 
4982	41 
4983	52 
4984	20 
4985	62 
4986	24 
4987	21 
4988	61 
4989	43 
4990	54 
4991	71 
4992	34 
4993	34 
4994	93 
4995	22 
4996	9 
4997	7 
4998	75 
4999	3 
5000	20 
