1	62 
2	74 
3	84 
4	69 
5	59 
6	54 
7	61 
8	82 
9	22 
10	79 
11	37 
12	4 
13	12 
14	79 
15	44 
16	15 
17	43 
18	63 
19	93 
20	89 
21	22 
22	39 
23	3 
24	44 
25	88 
26	53 
27	29 
28	93 
29	98 
30	92 
31	14 
32	44 
33	37 
34	66 
35	22 
36	2 
37	34 
38	75 
39	44 
40	64 
41	44 
42	66 
43	10 
44	66 
45	47 
46	83 
47	65 
48	40 
49	70 
50	24 
51	35 
52	2 
53	95 
54	47 
55	71 
56	5 
57	61 
58	4 
59	75 
60	23 
61	24 
62	32 
63	95 
64	73 
65	26 
66	16 
67	67 
68	12 
69	46 
70	47 
71	71 
72	60 
73	13 
74	25 
75	43 
76	96 
77	85 
78	80 
79	26 
80	57 
81	9 
82	92 
83	31 
84	35 
85	50 
86	53 
87	32 
88	61 
89	22 
90	54 
91	87 
92	68 
93	59 
94	6 
95	59 
96	79 
97	6 
98	44 
99	75 
100	98 
101	5 
102	92 
103	95 
104	79 
105	6 
106	78 
107	22 
108	42 
109	63 
110	14 
111	58 
112	36 
113	76 
114	59 
115	35 
116	33 
117	58 
118	37 
119	23 
120	54 
121	98 
122	36 
123	71 
124	21 
125	39 
126	55 
127	86 
128	96 
129	93 
130	9 
131	32 
132	63 
133	80 
134	7 
135	93 
136	45 
137	68 
138	7 
139	47 
140	82 
141	11 
142	38 
143	82 
144	47 
145	5 
146	98 
147	58 
148	9 
149	81 
150	26 
151	82 
152	51 
153	86 
154	14 
155	36 
156	37 
157	45 
158	98 
159	9 
160	22 
161	89 
162	44 
163	102 
164	28 
165	45 
166	96 
167	33 
168	90 
169	61 
170	35 
171	71 
172	18 
173	61 
174	93 
175	22 
176	44 
177	37 
178	73 
179	56 
180	22 
181	27 
182	26 
183	2 
184	87 
185	96 
186	7 
187	61 
188	92 
189	44 
190	18 
191	67 
192	70 
193	1 
194	30 
195	78 
196	78 
197	36 
198	15 
199	93 
200	12 
201	23 
202	82 
203	86 
204	58 
205	46 
206	24 
207	71 
208	23 
209	93 
210	95 
211	35 
212	82 
213	86 
214	4 
215	61 
216	10 
217	46 
218	10 
219	18 
220	54 
221	74 
222	23 
223	59 
224	66 
225	71 
226	31 
227	51 
228	17 
229	91 
230	49 
231	26 
232	84 
233	6 
234	21 
235	21 
236	3 
237	76 
238	45 
239	17 
240	89 
241	22 
242	8 
243	7 
244	101 
245	37 
246	72 
247	21 
248	93 
249	92 
250	65 
251	98 
252	56 
253	93 
254	52 
255	95 
256	12 
257	20 
258	88 
259	82 
260	78 
261	99 
262	37 
263	45 
264	70 
265	56 
266	31 
267	5 
268	42 
269	25 
270	25 
271	58 
272	99 
273	41 
274	35 
275	53 
276	99 
277	29 
278	54 
279	98 
280	3 
281	79 
282	86 
283	78 
284	17 
285	45 
286	99 
287	84 
288	17 
289	12 
290	68 
291	46 
292	89 
293	33 
294	80 
295	68 
296	42 
297	51 
298	33 
299	96 
300	37 
301	78 
302	34 
303	50 
304	66 
305	60 
306	73 
307	82 
308	87 
309	84 
310	48 
311	72 
312	35 
313	22 
314	34 
315	77 
316	35 
317	70 
318	7 
319	56 
320	26 
321	25 
322	35 
323	101 
324	4 
325	12 
326	46 
327	91 
328	53 
329	37 
330	21 
331	54 
332	23 
333	18 
334	4 
335	1 
336	96 
337	33 
338	18 
339	98 
340	3 
341	18 
342	30 
343	17 
344	82 
345	61 
346	37 
347	1 
348	8 
349	17 
350	63 
351	98 
352	96 
353	41 
354	64 
355	65 
356	95 
357	1 
358	71 
359	93 
360	16 
361	38 
362	23 
363	10 
364	94 
365	70 
366	49 
367	4 
368	76 
369	17 
370	32 
371	30 
372	17 
373	99 
374	47 
375	56 
376	2 
377	49 
378	37 
379	24 
380	75 
381	21 
382	70 
383	89 
384	82 
385	32 
386	68 
387	15 
388	63 
389	49 
390	84 
391	79 
392	89 
393	92 
394	44 
395	43 
396	51 
397	44 
398	51 
399	98 
400	77 
401	48 
402	7 
403	65 
404	34 
405	68 
406	89 
407	36 
408	63 
409	8 
410	96 
411	82 
412	74 
413	35 
414	84 
415	64 
416	18 
417	67 
418	36 
419	19 
420	61 
421	58 
422	21 
423	75 
424	17 
425	16 
426	98 
427	50 
428	35 
429	66 
430	84 
431	27 
432	64 
433	84 
434	75 
435	15 
436	8 
437	31 
438	5 
439	94 
440	70 
441	51 
442	58 
443	68 
444	30 
445	34 
446	41 
447	4 
448	98 
449	35 
450	28 
451	84 
452	27 
453	48 
454	3 
455	74 
456	79 
457	37 
458	79 
459	86 
460	4 
461	25 
462	36 
463	37 
464	17 
465	8 
466	82 
467	29 
468	59 
469	2 
470	43 
471	40 
472	98 
473	18 
474	95 
475	91 
476	7 
477	34 
478	6 
479	63 
480	48 
481	75 
482	36 
483	99 
484	5 
485	46 
486	8 
487	89 
488	28 
489	16 
490	95 
491	6 
492	87 
493	4 
494	43 
495	70 
496	51 
497	93 
498	2 
499	14 
500	98 
501	98 
502	52 
503	14 
504	17 
505	46 
506	93 
507	87 
508	72 
509	89 
510	37 
511	10 
512	87 
513	59 
514	90 
515	68 
516	68 
517	65 
518	45 
519	87 
520	23 
521	33 
522	86 
523	68 
524	45 
525	59 
526	7 
527	84 
528	18 
529	23 
530	61 
531	83 
532	82 
533	46 
534	2 
535	68 
536	86 
537	75 
538	98 
539	39 
540	94 
541	17 
542	66 
543	42 
544	12 
545	59 
546	35 
547	93 
548	54 
549	69 
550	70 
551	2 
552	58 
553	70 
554	52 
555	101 
556	77 
557	68 
558	27 
559	34 
560	82 
561	39 
562	77 
563	68 
564	96 
565	19 
566	4 
567	68 
568	82 
569	1 
570	46 
571	85 
572	102 
573	44 
574	2 
575	86 
576	17 
577	88 
578	74 
579	16 
580	91 
581	8 
582	11 
583	45 
584	68 
585	37 
586	95 
587	49 
588	25 
589	73 
590	70 
591	86 
592	97 
593	52 
594	51 
595	74 
596	47 
597	40 
598	43 
599	75 
600	18 
601	41 
602	65 
603	71 
604	84 
605	39 
606	46 
607	63 
608	46 
609	9 
610	50 
611	57 
612	43 
613	2 
614	90 
615	96 
616	16 
617	7 
618	85 
619	82 
620	27 
621	97 
622	86 
623	62 
624	70 
625	33 
626	35 
627	23 
628	83 
629	23 
630	5 
631	96 
632	70 
633	43 
634	71 
635	44 
636	35 
637	95 
638	89 
639	36 
640	50 
641	82 
642	35 
643	92 
644	21 
645	47 
646	22 
647	91 
648	37 
649	15 
650	87 
651	51 
652	59 
653	95 
654	47 
655	76 
656	95 
657	14 
658	56 
659	17 
660	57 
661	39 
662	85 
663	6 
664	65 
665	30 
666	13 
667	54 
668	72 
669	99 
670	96 
671	66 
672	85 
673	8 
674	17 
675	39 
676	58 
677	86 
678	46 
679	92 
680	81 
681	96 
682	44 
683	52 
684	72 
685	99 
686	63 
687	61 
688	10 
689	2 
690	62 
691	13 
692	71 
693	95 
694	99 
695	37 
696	2 
697	75 
698	36 
699	95 
700	68 
701	11 
702	71 
703	26 
704	102 
705	26 
706	73 
707	58 
708	96 
709	63 
710	51 
711	101 
712	35 
713	39 
714	31 
715	68 
716	76 
717	99 
718	93 
719	9 
720	13 
721	39 
722	44 
723	39 
724	87 
725	42 
726	95 
727	58 
728	20 
729	70 
730	23 
731	41 
732	91 
733	100 
734	81 
735	22 
736	63 
737	61 
738	86 
739	34 
740	102 
741	91 
742	79 
743	99 
744	79 
745	65 
746	35 
747	39 
748	77 
749	93 
750	98 
751	37 
752	89 
753	22 
754	61 
755	79 
756	16 
757	99 
758	96 
759	53 
760	2 
761	35 
762	38 
763	76 
764	12 
765	6 
766	82 
767	22 
768	13 
769	59 
770	61 
771	33 
772	32 
773	39 
774	87 
775	66 
776	98 
777	2 
778	82 
779	79 
780	66 
781	16 
782	69 
783	7 
784	5 
785	15 
786	50 
787	5 
788	30 
789	39 
790	70 
791	14 
792	100 
793	96 
794	89 
795	40 
796	71 
797	44 
798	92 
799	31 
800	81 
801	35 
802	98 
803	70 
804	12 
805	87 
806	78 
807	2 
808	71 
809	56 
810	84 
811	75 
812	16 
813	64 
814	98 
815	18 
816	54 
817	84 
818	40 
819	29 
820	66 
821	65 
822	96 
823	39 
824	44 
825	82 
826	69 
827	96 
828	61 
829	18 
830	93 
831	3 
832	64 
833	15 
834	95 
835	7 
836	55 
837	89 
838	38 
839	24 
840	73 
841	41 
842	97 
843	71 
844	49 
845	51 
846	35 
847	58 
848	18 
849	76 
850	13 
851	36 
852	17 
853	89 
854	90 
855	43 
856	98 
857	17 
858	55 
859	63 
860	87 
861	23 
862	91 
863	77 
864	32 
865	52 
866	28 
867	25 
868	96 
869	40 
870	82 
871	63 
872	75 
873	33 
874	98 
875	46 
876	31 
877	34 
878	35 
879	4 
880	10 
881	69 
882	43 
883	23 
884	39 
885	32 
886	68 
887	96 
888	42 
889	12 
890	33 
891	54 
892	6 
893	68 
894	12 
895	34 
896	82 
897	57 
898	17 
899	87 
900	70 
901	68 
902	23 
903	35 
904	5 
905	5 
906	17 
907	98 
908	66 
909	12 
910	33 
911	71 
912	93 
913	62 
914	99 
915	66 
916	34 
917	72 
918	22 
919	63 
920	90 
921	96 
922	63 
923	72 
924	14 
925	30 
926	28 
927	59 
928	66 
929	37 
930	6 
931	15 
932	65 
933	6 
934	55 
935	35 
936	41 
937	30 
938	18 
939	1 
940	41 
941	2 
942	48 
943	102 
944	95 
945	63 
946	16 
947	5 
948	66 
949	2 
950	13 
951	91 
952	82 
953	40 
954	7 
955	85 
956	93 
957	83 
958	88 
959	3 
960	2 
961	22 
962	46 
963	33 
964	83 
965	98 
966	92 
967	44 
968	98 
969	56 
970	69 
971	22 
972	62 
973	10 
974	35 
975	2 
976	84 
977	25 
978	86 
979	86 
980	89 
981	10 
982	77 
983	98 
984	63 
985	23 
986	47 
987	69 
988	24 
989	82 
990	44 
991	44 
992	2 
993	20 
994	83 
995	98 
996	30 
997	40 
998	58 
999	2 
1000	92 
1001	91 
1002	26 
1003	22 
1004	5 
1005	35 
1006	64 
1007	95 
1008	1 
1009	34 
1010	74 
1011	86 
1012	37 
1013	49 
1014	95 
1015	41 
1016	86 
1017	3 
1018	54 
1019	88 
1020	84 
1021	47 
1022	18 
1023	91 
1024	45 
1025	46 
1026	72 
1027	91 
1028	49 
1029	45 
1030	18 
1031	98 
1032	39 
1033	48 
1034	84 
1035	28 
1036	93 
1037	31 
1038	44 
1039	98 
1040	2 
1041	79 
1042	37 
1043	10 
1044	52 
1045	32 
1046	91 
1047	1 
1048	23 
1049	1 
1050	22 
1051	2 
1052	86 
1053	26 
1054	38 
1055	61 
1056	84 
1057	25 
1058	54 
1059	45 
1060	79 
1061	22 
1062	33 
1063	89 
1064	91 
1065	69 
1066	44 
1067	82 
1068	37 
1069	70 
1070	2 
1071	5 
1072	61 
1073	89 
1074	36 
1075	25 
1076	96 
1077	92 
1078	68 
1079	18 
1080	81 
1081	91 
1082	58 
1083	59 
1084	15 
1085	51 
1086	96 
1087	58 
1088	95 
1089	96 
1090	13 
1091	22 
1092	86 
1093	77 
1094	40 
1095	42 
1096	27 
1097	64 
1098	86 
1099	59 
1100	64 
1101	84 
1102	91 
1103	100 
1104	86 
1105	84 
1106	45 
1107	5 
1108	66 
1109	35 
1110	63 
1111	64 
1112	48 
1113	51 
1114	71 
1115	82 
1116	99 
1117	77 
1118	15 
1119	7 
1120	76 
1121	63 
1122	35 
1123	60 
1124	7 
1125	25 
1126	74 
1127	17 
1128	70 
1129	18 
1130	58 
1131	35 
1132	2 
1133	82 
1134	64 
1135	26 
1136	54 
1137	61 
1138	58 
1139	33 
1140	91 
1141	65 
1142	1 
1143	55 
1144	5 
1145	98 
1146	9 
1147	67 
1148	71 
1149	91 
1150	36 
1151	24 
1152	14 
1153	68 
1154	13 
1155	29 
1156	82 
1157	63 
1158	54 
1159	7 
1160	91 
1161	45 
1162	4 
1163	3 
1164	10 
1165	58 
1166	96 
1167	32 
1168	2 
1169	79 
1170	28 
1171	85 
1172	36 
1173	61 
1174	71 
1175	36 
1176	37 
1177	101 
1178	17 
1179	22 
1180	71 
1181	50 
1182	49 
1183	45 
1184	16 
1185	22 
1186	54 
1187	97 
1188	27 
1189	31 
1190	51 
1191	5 
1192	17 
1193	4 
1194	36 
1195	58 
1196	35 
1197	62 
1198	27 
1199	16 
1200	7 
1201	92 
1202	37 
1203	99 
1204	60 
1205	70 
1206	63 
1207	44 
1208	44 
1209	36 
1210	45 
1211	68 
1212	40 
1213	53 
1214	26 
1215	57 
1216	84 
1217	7 
1218	4 
1219	95 
1220	3 
1221	102 
1222	22 
1223	81 
1224	96 
1225	49 
1226	51 
1227	70 
1228	73 
1229	68 
1230	83 
1231	99 
1232	61 
1233	13 
1234	75 
1235	70 
1236	14 
1237	47 
1238	91 
1239	98 
1240	97 
1241	39 
1242	39 
1243	93 
1244	33 
1245	39 
1246	29 
1247	89 
1248	26 
1249	85 
1250	66 
1251	15 
1252	58 
1253	18 
1254	62 
1255	98 
1256	48 
1257	19 
1258	31 
1259	46 
1260	16 
1261	86 
1262	56 
1263	63 
1264	19 
1265	97 
1266	26 
1267	64 
1268	10 
1269	46 
1270	19 
1271	30 
1272	98 
1273	54 
1274	70 
1275	49 
1276	54 
1277	72 
1278	33 
1279	77 
1280	49 
1281	29 
1282	64 
1283	61 
1284	25 
1285	4 
1286	47 
1287	75 
1288	67 
1289	86 
1290	35 
1291	81 
1292	59 
1293	26 
1294	92 
1295	2 
1296	62 
1297	71 
1298	68 
1299	71 
1300	35 
1301	70 
1302	77 
1303	66 
1304	1 
1305	26 
1306	32 
1307	70 
1308	60 
1309	75 
1310	17 
1311	60 
1312	2 
1313	19 
1314	80 
1315	64 
1316	17 
1317	13 
1318	6 
1319	33 
1320	92 
1321	10 
1322	5 
1323	96 
1324	35 
1325	26 
1326	66 
1327	70 
1328	63 
1329	9 
1330	6 
1331	46 
1332	95 
1333	69 
1334	89 
1335	36 
1336	13 
1337	51 
1338	97 
1339	25 
1340	63 
1341	36 
1342	96 
1343	12 
1344	68 
1345	79 
1346	5 
1347	12 
1348	49 
1349	11 
1350	62 
1351	28 
1352	81 
1353	61 
1354	59 
1355	16 
1356	2 
1357	35 
1358	33 
1359	89 
1360	82 
1361	65 
1362	36 
1363	16 
1364	97 
1365	33 
1366	93 
1367	24 
1368	13 
1369	95 
1370	37 
1371	32 
1372	71 
1373	54 
1374	47 
1375	69 
1376	10 
1377	92 
1378	19 
1379	35 
1380	35 
1381	78 
1382	26 
1383	98 
1384	27 
1385	25 
1386	68 
1387	84 
1388	77 
1389	37 
1390	65 
1391	71 
1392	52 
1393	64 
1394	26 
1395	42 
1396	21 
1397	91 
1398	97 
1399	43 
1400	64 
1401	96 
1402	95 
1403	99 
1404	85 
1405	96 
1406	89 
1407	35 
1408	86 
1409	22 
1410	23 
1411	13 
1412	95 
1413	26 
1414	79 
1415	92 
1416	26 
1417	87 
1418	36 
1419	13 
1420	36 
1421	95 
1422	62 
1423	62 
1424	44 
1425	55 
1426	99 
1427	82 
1428	31 
1429	26 
1430	49 
1431	45 
1432	10 
1433	89 
1434	61 
1435	9 
1436	54 
1437	66 
1438	86 
1439	35 
1440	81 
1441	45 
1442	63 
1443	101 
1444	39 
1445	7 
1446	47 
1447	61 
1448	59 
1449	89 
1450	1 
1451	22 
1452	57 
1453	30 
1454	75 
1455	33 
1456	3 
1457	98 
1458	53 
1459	21 
1460	26 
1461	20 
1462	5 
1463	98 
1464	91 
1465	36 
1466	2 
1467	16 
1468	58 
1469	22 
1470	89 
1471	81 
1472	85 
1473	32 
1474	10 
1475	17 
1476	68 
1477	48 
1478	36 
1479	22 
1480	73 
1481	25 
1482	101 
1483	16 
1484	46 
1485	61 
1486	52 
1487	79 
1488	29 
1489	63 
1490	79 
1491	71 
1492	92 
1493	39 
1494	95 
1495	99 
1496	68 
1497	54 
1498	42 
1499	34 
1500	29 
1501	82 
1502	99 
1503	44 
1504	2 
1505	52 
1506	61 
1507	58 
1508	63 
1509	10 
1510	3 
1511	95 
1512	41 
1513	54 
1514	22 
1515	40 
1516	86 
1517	86 
1518	98 
1519	46 
1520	32 
1521	45 
1522	99 
1523	68 
1524	59 
1525	64 
1526	36 
1527	94 
1528	94 
1529	3 
1530	76 
1531	39 
1532	22 
1533	22 
1534	98 
1535	39 
1536	75 
1537	54 
1538	79 
1539	70 
1540	56 
1541	13 
1542	77 
1543	76 
1544	86 
1545	71 
1546	67 
1547	68 
1548	57 
1549	37 
1550	32 
1551	32 
1552	86 
1553	93 
1554	70 
1555	25 
1556	64 
1557	70 
1558	51 
1559	67 
1560	91 
1561	72 
1562	71 
1563	63 
1564	58 
1565	54 
1566	43 
1567	69 
1568	63 
1569	99 
1570	95 
1571	98 
1572	71 
1573	45 
1574	79 
1575	48 
1576	22 
1577	14 
1578	18 
1579	37 
1580	35 
1581	97 
1582	65 
1583	5 
1584	48 
1585	7 
1586	9 
1587	6 
1588	37 
1589	48 
1590	46 
1591	54 
1592	35 
1593	99 
1594	21 
1595	40 
1596	91 
1597	18 
1598	99 
1599	51 
1600	2 
1601	45 
1602	7 
1603	54 
1604	70 
1605	45 
1606	44 
1607	2 
1608	78 
1609	29 
1610	40 
1611	27 
1612	66 
1613	58 
1614	45 
1615	98 
1616	102 
1617	62 
1618	24 
1619	84 
1620	89 
1621	22 
1622	64 
1623	18 
1624	24 
1625	21 
1626	74 
1627	58 
1628	95 
1629	93 
1630	34 
1631	87 
1632	3 
1633	83 
1634	98 
1635	99 
1636	95 
1637	86 
1638	68 
1639	71 
1640	69 
1641	84 
1642	92 
1643	15 
1644	28 
1645	34 
1646	2 
1647	61 
1648	7 
1649	58 
1650	35 
1651	73 
1652	7 
1653	36 
1654	17 
1655	100 
1656	75 
1657	45 
1658	102 
1659	23 
1660	58 
1661	44 
1662	90 
1663	47 
1664	79 
1665	5 
1666	22 
1667	80 
1668	82 
1669	7 
1670	26 
1671	16 
1672	96 
1673	68 
1674	47 
1675	45 
1676	98 
1677	47 
1678	18 
1679	10 
1680	68 
1681	33 
1682	18 
1683	63 
1684	20 
1685	31 
1686	84 
1687	93 
1688	41 
1689	5 
1690	63 
1691	49 
1692	37 
1693	50 
1694	72 
1695	77 
1696	72 
1697	92 
1698	45 
1699	76 
1700	27 
1701	41 
1702	91 
1703	84 
1704	68 
1705	4 
1706	84 
1707	66 
1708	90 
1709	22 
1710	66 
1711	4 
1712	59 
1713	70 
1714	61 
1715	66 
1716	52 
1717	12 
1718	87 
1719	71 
1720	23 
1721	65 
1722	7 
1723	58 
1724	6 
1725	92 
1726	22 
1727	37 
1728	24 
1729	15 
1730	60 
1731	93 
1732	90 
1733	64 
1734	39 
1735	22 
1736	65 
1737	22 
1738	95 
1739	63 
1740	56 
1741	68 
1742	98 
1743	6 
1744	88 
1745	61 
1746	54 
1747	7 
1748	10 
1749	42 
1750	34 
1751	85 
1752	54 
1753	26 
1754	63 
1755	70 
1756	36 
1757	47 
1758	102 
1759	5 
1760	4 
1761	24 
1762	22 
1763	46 
1764	96 
1765	17 
1766	82 
1767	98 
1768	96 
1769	16 
1770	9 
1771	64 
1772	46 
1773	52 
1774	27 
1775	36 
1776	2 
1777	29 
1778	96 
1779	80 
1780	5 
1781	86 
1782	37 
1783	70 
1784	29 
1785	11 
1786	27 
1787	45 
1788	7 
1789	80 
1790	90 
1791	14 
1792	82 
1793	18 
1794	1 
1795	44 
1796	77 
1797	89 
1798	86 
1799	94 
1800	89 
1801	54 
1802	58 
1803	33 
1804	93 
1805	54 
1806	44 
1807	79 
1808	93 
1809	49 
1810	30 
1811	102 
1812	55 
1813	68 
1814	17 
1815	99 
1816	96 
1817	47 
1818	80 
1819	69 
1820	59 
1821	96 
1822	41 
1823	35 
1824	47 
1825	86 
1826	87 
1827	23 
1828	41 
1829	21 
1830	73 
1831	18 
1832	7 
1833	69 
1834	71 
1835	33 
1836	16 
1837	54 
1838	63 
1839	63 
1840	47 
1841	76 
1842	41 
1843	58 
1844	53 
1845	53 
1846	2 
1847	46 
1848	76 
1849	24 
1850	41 
1851	31 
1852	1 
1853	57 
1854	33 
1855	80 
1856	68 
1857	49 
1858	25 
1859	58 
1860	7 
1861	96 
1862	54 
1863	41 
1864	100 
1865	17 
1866	54 
1867	68 
1868	45 
1869	75 
1870	58 
1871	68 
1872	51 
1873	92 
1874	28 
1875	77 
1876	36 
1877	82 
1878	89 
1879	84 
1880	6 
1881	36 
1882	96 
1883	99 
1884	87 
1885	95 
1886	63 
1887	22 
1888	79 
1889	61 
1890	44 
1891	40 
1892	13 
1893	68 
1894	10 
1895	39 
1896	15 
1897	61 
1898	76 
1899	97 
1900	47 
1901	94 
1902	46 
1903	24 
1904	47 
1905	68 
1906	18 
1907	82 
1908	90 
1909	101 
1910	48 
1911	55 
1912	24 
1913	33 
1914	30 
1915	26 
1916	4 
1917	7 
1918	61 
1919	100 
1920	63 
1921	14 
1922	34 
1923	79 
1924	7 
1925	99 
1926	37 
1927	66 
1928	46 
1929	38 
1930	37 
1931	22 
1932	37 
1933	22 
1934	7 
1935	90 
1936	73 
1937	68 
1938	11 
1939	102 
1940	28 
1941	3 
1942	70 
1943	82 
1944	36 
1945	73 
1946	5 
1947	64 
1948	33 
1949	65 
1950	84 
1951	98 
1952	10 
1953	98 
1954	81 
1955	27 
1956	8 
1957	32 
1958	44 
1959	26 
1960	82 
1961	17 
1962	2 
1963	31 
1964	61 
1965	79 
1966	93 
1967	23 
1968	70 
1969	54 
1970	23 
1971	50 
1972	92 
1973	69 
1974	2 
1975	71 
1976	13 
1977	86 
1978	66 
1979	95 
1980	26 
1981	39 
1982	2 
1983	96 
1984	63 
1985	31 
1986	75 
1987	46 
1988	102 
1989	62 
1990	26 
1991	58 
1992	10 
1993	74 
1994	63 
1995	96 
1996	99 
1997	10 
1998	52 
1999	23 
2000	1 
2001	62 
2002	85 
2003	81 
2004	87 
2005	6 
2006	87 
2007	21 
2008	36 
2009	18 
2010	10 
2011	82 
2012	7 
2013	11 
2014	51 
2015	3 
2016	84 
2017	70 
2018	63 
2019	83 
2020	40 
2021	47 
2022	18 
2023	59 
2024	22 
2025	98 
2026	16 
2027	39 
2028	37 
2029	27 
2030	11 
2031	27 
2032	22 
2033	10 
2034	37 
2035	7 
2036	58 
2037	86 
2038	66 
2039	51 
2040	14 
2041	98 
2042	1 
2043	68 
2044	31 
2045	34 
2046	44 
2047	58 
2048	92 
2049	58 
2050	17 
2051	2 
2052	45 
2053	45 
2054	92 
2055	51 
2056	13 
2057	51 
2058	94 
2059	40 
2060	79 
2061	41 
2062	16 
2063	89 
2064	30 
2065	84 
2066	77 
2067	66 
2068	8 
2069	93 
2070	77 
2071	36 
2072	45 
2073	51 
2074	25 
2075	34 
2076	4 
2077	88 
2078	75 
2079	45 
2080	92 
2081	69 
2082	17 
2083	40 
2084	59 
2085	4 
2086	97 
2087	23 
2088	54 
2089	70 
2090	12 
2091	33 
2092	91 
2093	33 
2094	93 
2095	36 
2096	71 
2097	26 
2098	39 
2099	50 
2100	10 
2101	91 
2102	21 
2103	75 
2104	46 
2105	93 
2106	3 
2107	85 
2108	57 
2109	10 
2110	32 
2111	95 
2112	82 
2113	81 
2114	2 
2115	17 
2116	36 
2117	34 
2118	51 
2119	98 
2120	35 
2121	25 
2122	82 
2123	2 
2124	41 
2125	98 
2126	68 
2127	8 
2128	96 
2129	32 
2130	47 
2131	46 
2132	2 
2133	39 
2134	14 
2135	34 
2136	92 
2137	34 
2138	64 
2139	33 
2140	66 
2141	88 
2142	9 
2143	75 
2144	102 
2145	55 
2146	36 
2147	9 
2148	99 
2149	75 
2150	70 
2151	95 
2152	7 
2153	68 
2154	40 
2155	92 
2156	58 
2157	102 
2158	16 
2159	20 
2160	23 
2161	36 
2162	5 
2163	85 
2164	50 
2165	95 
2166	70 
2167	3 
2168	6 
2169	58 
2170	36 
2171	3 
2172	4 
2173	32 
2174	10 
2175	35 
2176	72 
2177	99 
2178	24 
2179	57 
2180	32 
2181	61 
2182	18 
2183	71 
2184	68 
2185	26 
2186	71 
2187	54 
2188	35 
2189	58 
2190	92 
2191	88 
2192	70 
2193	88 
2194	43 
2195	4 
2196	25 
2197	71 
2198	50 
2199	56 
2200	63 
2201	75 
2202	18 
2203	12 
2204	26 
2205	80 
2206	9 
2207	61 
2208	39 
2209	5 
2210	64 
2211	75 
2212	54 
2213	85 
2214	87 
2215	16 
2216	65 
2217	29 
2218	44 
2219	51 
2220	63 
2221	91 
2222	63 
2223	81 
2224	23 
2225	37 
2226	26 
2227	17 
2228	98 
2229	15 
2230	39 
2231	37 
2232	24 
2233	9 
2234	84 
2235	18 
2236	82 
2237	37 
2238	54 
2239	52 
2240	26 
2241	33 
2242	91 
2243	84 
2244	71 
2245	78 
2246	37 
2247	58 
2248	36 
2249	27 
2250	86 
2251	30 
2252	84 
2253	92 
2254	63 
2255	100 
2256	100 
2257	54 
2258	98 
2259	92 
2260	17 
2261	43 
2262	70 
2263	75 
2264	101 
2265	41 
2266	15 
2267	7 
2268	61 
2269	54 
2270	19 
2271	61 
2272	45 
2273	7 
2274	4 
2275	23 
2276	49 
2277	30 
2278	15 
2279	14 
2280	100 
2281	55 
2282	75 
2283	36 
2284	84 
2285	19 
2286	13 
2287	38 
2288	98 
2289	58 
2290	30 
2291	88 
2292	55 
2293	22 
2294	2 
2295	58 
2296	25 
2297	37 
2298	69 
2299	77 
2300	29 
2301	60 
2302	38 
2303	18 
2304	37 
2305	37 
2306	66 
2307	11 
2308	76 
2309	26 
2310	26 
2311	32 
2312	78 
2313	68 
2314	11 
2315	26 
2316	49 
2317	84 
2318	92 
2319	50 
2320	61 
2321	63 
2322	75 
2323	33 
2324	77 
2325	6 
2326	42 
2327	51 
2328	50 
2329	84 
2330	40 
2331	72 
2332	58 
2333	36 
2334	46 
2335	27 
2336	32 
2337	80 
2338	40 
2339	29 
2340	43 
2341	41 
2342	62 
2343	48 
2344	25 
2345	77 
2346	58 
2347	79 
2348	58 
2349	23 
2350	81 
2351	28 
2352	68 
2353	68 
2354	4 
2355	72 
2356	5 
2357	63 
2358	31 
2359	49 
2360	82 
2361	22 
2362	87 
2363	70 
2364	84 
2365	17 
2366	6 
2367	96 
2368	4 
2369	79 
2370	59 
2371	91 
2372	10 
2373	2 
2374	9 
2375	22 
2376	92 
2377	12 
2378	2 
2379	95 
2380	15 
2381	81 
2382	79 
2383	4 
2384	41 
2385	44 
2386	2 
2387	2 
2388	26 
2389	75 
2390	102 
2391	95 
2392	98 
2393	29 
2394	69 
2395	96 
2396	70 
2397	96 
2398	14 
2399	58 
2400	96 
2401	39 
2402	62 
2403	10 
2404	19 
2405	102 
2406	15 
2407	51 
2408	101 
2409	35 
2410	47 
2411	84 
2412	26 
2413	71 
2414	30 
2415	53 
2416	91 
2417	16 
2418	86 
2419	96 
2420	82 
2421	24 
2422	2 
2423	63 
2424	49 
2425	39 
2426	33 
2427	82 
2428	34 
2429	44 
2430	98 
2431	82 
2432	18 
2433	54 
2434	27 
2435	21 
2436	9 
2437	51 
2438	6 
2439	96 
2440	7 
2441	58 
2442	33 
2443	53 
2444	9 
2445	28 
2446	70 
2447	97 
2448	87 
2449	44 
2450	86 
2451	58 
2452	6 
2453	55 
2454	88 
2455	39 
2456	37 
2457	83 
2458	62 
2459	7 
2460	70 
2461	47 
2462	10 
2463	24 
2464	10 
2465	12 
2466	40 
2467	35 
2468	68 
2469	63 
2470	77 
2471	11 
2472	5 
2473	39 
2474	22 
2475	71 
2476	34 
2477	18 
2478	45 
2479	43 
2480	4 
2481	66 
2482	75 
2483	41 
2484	30 
2485	96 
2486	95 
2487	36 
2488	79 
2489	9 
2490	94 
2491	70 
2492	68 
2493	5 
2494	12 
2495	39 
2496	37 
2497	76 
2498	25 
2499	58 
2500	63 
2501	102 
2502	2 
2503	44 
2504	100 
2505	82 
2506	5 
2507	102 
2508	33 
2509	6 
2510	92 
2511	44 
2512	60 
2513	18 
2514	30 
2515	84 
2516	75 
2517	10 
2518	23 
2519	92 
2520	45 
2521	96 
2522	89 
2523	69 
2524	42 
2525	33 
2526	4 
2527	86 
2528	38 
2529	86 
2530	67 
2531	66 
2532	44 
2533	59 
2534	10 
2535	98 
2536	35 
2537	54 
2538	63 
2539	54 
2540	69 
2541	91 
2542	35 
2543	39 
2544	66 
2545	37 
2546	24 
2547	41 
2548	89 
2549	18 
2550	67 
2551	49 
2552	84 
2553	65 
2554	99 
2555	79 
2556	39 
2557	96 
2558	46 
2559	21 
2560	92 
2561	66 
2562	66 
2563	67 
2564	22 
2565	54 
2566	96 
2567	60 
2568	76 
2569	26 
2570	58 
2571	4 
2572	8 
2573	73 
2574	4 
2575	36 
2576	28 
2577	13 
2578	96 
2579	58 
2580	78 
2581	24 
2582	9 
2583	63 
2584	46 
2585	22 
2586	76 
2587	72 
2588	70 
2589	76 
2590	70 
2591	3 
2592	58 
2593	89 
2594	87 
2595	35 
2596	31 
2597	22 
2598	29 
2599	98 
2600	71 
2601	91 
2602	21 
2603	65 
2604	33 
2605	86 
2606	66 
2607	85 
2608	2 
2609	58 
2610	24 
2611	49 
2612	63 
2613	46 
2614	39 
2615	5 
2616	66 
2617	35 
2618	37 
2619	68 
2620	37 
2621	45 
2622	16 
2623	19 
2624	7 
2625	5 
2626	99 
2627	18 
2628	60 
2629	13 
2630	76 
2631	59 
2632	95 
2633	22 
2634	17 
2635	56 
2636	32 
2637	4 
2638	97 
2639	98 
2640	19 
2641	53 
2642	36 
2643	8 
2644	54 
2645	74 
2646	94 
2647	89 
2648	40 
2649	23 
2650	72 
2651	12 
2652	34 
2653	68 
2654	13 
2655	92 
2656	91 
2657	19 
2658	100 
2659	70 
2660	60 
2661	69 
2662	61 
2663	25 
2664	84 
2665	18 
2666	58 
2667	18 
2668	22 
2669	63 
2670	47 
2671	73 
2672	22 
2673	46 
2674	98 
2675	3 
2676	61 
2677	85 
2678	21 
2679	51 
2680	33 
2681	48 
2682	27 
2683	17 
2684	43 
2685	47 
2686	63 
2687	39 
2688	56 
2689	41 
2690	95 
2691	57 
2692	63 
2693	26 
2694	26 
2695	67 
2696	15 
2697	78 
2698	39 
2699	41 
2700	46 
2701	22 
2702	25 
2703	12 
2704	54 
2705	37 
2706	66 
2707	20 
2708	72 
2709	8 
2710	92 
2711	7 
2712	81 
2713	64 
2714	58 
2715	92 
2716	70 
2717	26 
2718	95 
2719	87 
2720	74 
2721	23 
2722	19 
2723	99 
2724	34 
2725	22 
2726	26 
2727	91 
2728	25 
2729	60 
2730	62 
2731	45 
2732	58 
2733	75 
2734	6 
2735	48 
2736	23 
2737	46 
2738	102 
2739	87 
2740	23 
2741	66 
2742	17 
2743	73 
2744	97 
2745	51 
2746	77 
2747	23 
2748	95 
2749	51 
2750	63 
2751	75 
2752	18 
2753	62 
2754	47 
2755	2 
2756	62 
2757	95 
2758	44 
2759	13 
2760	102 
2761	79 
2762	62 
2763	89 
2764	100 
2765	86 
2766	70 
2767	3 
2768	102 
2769	7 
2770	74 
2771	61 
2772	40 
2773	12 
2774	96 
2775	12 
2776	79 
2777	70 
2778	36 
2779	23 
2780	76 
2781	10 
2782	70 
2783	13 
2784	14 
2785	39 
2786	12 
2787	23 
2788	64 
2789	78 
2790	13 
2791	46 
2792	4 
2793	63 
2794	87 
2795	71 
2796	20 
2797	66 
2798	58 
2799	63 
2800	71 
2801	82 
2802	36 
2803	46 
2804	29 
2805	89 
2806	13 
2807	79 
2808	98 
2809	37 
2810	13 
2811	35 
2812	39 
2813	46 
2814	73 
2815	76 
2816	66 
2817	99 
2818	48 
2819	39 
2820	97 
2821	37 
2822	46 
2823	79 
2824	30 
2825	76 
2826	39 
2827	36 
2828	86 
2829	95 
2830	10 
2831	93 
2832	79 
2833	87 
2834	86 
2835	23 
2836	77 
2837	100 
2838	16 
2839	54 
2840	89 
2841	7 
2842	38 
2843	102 
2844	76 
2845	82 
2846	16 
2847	102 
2848	21 
2849	39 
2850	61 
2851	61 
2852	91 
2853	47 
2854	9 
2855	8 
2856	75 
2857	25 
2858	89 
2859	74 
2860	2 
2861	68 
2862	22 
2863	11 
2864	68 
2865	63 
2866	35 
2867	96 
2868	90 
2869	36 
2870	70 
2871	65 
2872	91 
2873	39 
2874	86 
2875	98 
2876	66 
2877	39 
2878	16 
2879	82 
2880	68 
2881	60 
2882	47 
2883	6 
2884	60 
2885	98 
2886	78 
2887	80 
2888	5 
2889	79 
2890	44 
2891	58 
2892	94 
2893	40 
2894	8 
2895	10 
2896	6 
2897	54 
2898	54 
2899	29 
2900	36 
2901	82 
2902	23 
2903	69 
2904	70 
2905	29 
2906	68 
2907	16 
2908	70 
2909	18 
2910	99 
2911	31 
2912	95 
2913	35 
2914	1 
2915	99 
2916	33 
2917	2 
2918	16 
2919	82 
2920	64 
2921	91 
2922	27 
2923	58 
2924	99 
2925	35 
2926	61 
2927	78 
2928	96 
2929	25 
2930	36 
2931	97 
2932	6 
2933	52 
2934	15 
2935	3 
2936	63 
2937	79 
2938	60 
2939	92 
2940	35 
2941	26 
2942	67 
2943	76 
2944	5 
2945	98 
2946	84 
2947	83 
2948	76 
2949	18 
2950	28 
2951	64 
2952	44 
2953	2 
2954	13 
2955	88 
2956	22 
2957	70 
2958	15 
2959	29 
2960	15 
2961	7 
2962	95 
2963	24 
2964	62 
2965	35 
2966	58 
2967	9 
2968	69 
2969	75 
2970	53 
2971	86 
2972	45 
2973	3 
2974	27 
2975	26 
2976	31 
2977	62 
2978	52 
2979	70 
2980	31 
2981	84 
2982	23 
2983	90 
2984	75 
2985	60 
2986	35 
2987	51 
2988	37 
2989	30 
2990	40 
2991	35 
2992	26 
2993	70 
2994	49 
2995	7 
2996	99 
2997	93 
2998	99 
2999	68 
3000	5 
3001	94 
3002	87 
3003	9 
3004	89 
3005	76 
3006	44 
3007	70 
3008	15 
3009	94 
3010	32 
3011	26 
3012	89 
3013	36 
3014	90 
3015	24 
3016	43 
3017	3 
3018	3 
3019	95 
3020	42 
3021	35 
3022	36 
3023	96 
3024	22 
3025	96 
3026	33 
3027	88 
3028	92 
3029	68 
3030	37 
3031	71 
3032	98 
3033	72 
3034	68 
3035	102 
3036	64 
3037	11 
3038	51 
3039	17 
3040	25 
3041	29 
3042	32 
3043	88 
3044	68 
3045	77 
3046	98 
3047	49 
3048	36 
3049	49 
3050	70 
3051	84 
3052	96 
3053	10 
3054	66 
3055	79 
3056	63 
3057	48 
3058	7 
3059	95 
3060	13 
3061	18 
3062	34 
3063	57 
3064	36 
3065	100 
3066	86 
3067	93 
3068	34 
3069	36 
3070	20 
3071	13 
3072	17 
3073	89 
3074	71 
3075	2 
3076	27 
3077	17 
3078	63 
3079	39 
3080	84 
3081	82 
3082	30 
3083	74 
3084	29 
3085	87 
3086	58 
3087	47 
3088	95 
3089	78 
3090	27 
3091	87 
3092	7 
3093	84 
3094	39 
3095	99 
3096	17 
3097	89 
3098	2 
3099	57 
3100	66 
3101	69 
3102	44 
3103	37 
3104	81 
3105	98 
3106	62 
3107	20 
3108	63 
3109	87 
3110	91 
3111	68 
3112	79 
3113	88 
3114	75 
3115	25 
3116	63 
3117	2 
3118	71 
3119	70 
3120	8 
3121	39 
3122	45 
3123	71 
3124	14 
3125	68 
3126	86 
3127	84 
3128	63 
3129	74 
3130	57 
3131	59 
3132	87 
3133	93 
3134	14 
3135	92 
3136	26 
3137	18 
3138	62 
3139	27 
3140	45 
3141	101 
3142	58 
3143	26 
3144	35 
3145	66 
3146	51 
3147	3 
3148	63 
3149	66 
3150	32 
3151	10 
3152	2 
3153	9 
3154	45 
3155	36 
3156	71 
3157	76 
3158	40 
3159	26 
3160	85 
3161	3 
3162	77 
3163	82 
3164	44 
3165	70 
3166	68 
3167	82 
3168	44 
3169	76 
3170	102 
3171	54 
3172	49 
3173	23 
3174	16 
3175	58 
3176	25 
3177	21 
3178	58 
3179	68 
3180	17 
3181	29 
3182	58 
3183	82 
3184	68 
3185	39 
3186	27 
3187	102 
3188	26 
3189	85 
3190	12 
3191	99 
3192	66 
3193	51 
3194	36 
3195	38 
3196	47 
3197	94 
3198	5 
3199	22 
3200	101 
3201	35 
3202	13 
3203	25 
3204	10 
3205	32 
3206	31 
3207	81 
3208	14 
3209	98 
3210	41 
3211	102 
3212	80 
3213	35 
3214	10 
3215	46 
3216	60 
3217	17 
3218	23 
3219	73 
3220	17 
3221	40 
3222	14 
3223	25 
3224	19 
3225	58 
3226	75 
3227	65 
3228	14 
3229	54 
3230	63 
3231	12 
3232	11 
3233	2 
3234	93 
3235	35 
3236	1 
3237	15 
3238	61 
3239	37 
3240	35 
3241	30 
3242	84 
3243	89 
3244	2 
3245	82 
3246	29 
3247	75 
3248	70 
3249	66 
3250	17 
3251	52 
3252	44 
3253	102 
3254	37 
3255	30 
3256	95 
3257	32 
3258	4 
3259	15 
3260	22 
3261	39 
3262	68 
3263	44 
3264	44 
3265	32 
3266	97 
3267	63 
3268	6 
3269	58 
3270	96 
3271	72 
3272	58 
3273	96 
3274	13 
3275	33 
3276	17 
3277	82 
3278	66 
3279	77 
3280	17 
3281	44 
3282	96 
3283	91 
3284	36 
3285	20 
3286	70 
3287	36 
3288	10 
3289	69 
3290	33 
3291	35 
3292	7 
3293	84 
3294	10 
3295	62 
3296	71 
3297	68 
3298	10 
3299	2 
3300	24 
3301	35 
3302	93 
3303	14 
3304	61 
3305	7 
3306	52 
3307	62 
3308	36 
3309	61 
3310	77 
3311	4 
3312	87 
3313	45 
3314	46 
3315	22 
3316	29 
3317	90 
3318	66 
3319	85 
3320	86 
3321	2 
3322	32 
3323	25 
3324	85 
3325	17 
3326	86 
3327	56 
3328	89 
3329	44 
3330	19 
3331	100 
3332	38 
3333	40 
3334	22 
3335	19 
3336	50 
3337	92 
3338	40 
3339	58 
3340	52 
3341	43 
3342	88 
3343	3 
3344	22 
3345	9 
3346	84 
3347	37 
3348	83 
3349	85 
3350	5 
3351	35 
3352	98 
3353	2 
3354	6 
3355	89 
3356	12 
3357	2 
3358	71 
3359	46 
3360	8 
3361	40 
3362	2 
3363	94 
3364	30 
3365	71 
3366	63 
3367	39 
3368	64 
3369	81 
3370	21 
3371	62 
3372	22 
3373	6 
3374	74 
3375	25 
3376	5 
3377	68 
3378	39 
3379	41 
3380	62 
3381	76 
3382	6 
3383	82 
3384	3 
3385	98 
3386	64 
3387	38 
3388	78 
3389	72 
3390	35 
3391	2 
3392	33 
3393	40 
3394	99 
3395	52 
3396	57 
3397	87 
3398	2 
3399	32 
3400	41 
3401	33 
3402	43 
3403	100 
3404	58 
3405	19 
3406	75 
3407	2 
3408	18 
3409	39 
3410	4 
3411	45 
3412	10 
3413	68 
3414	14 
3415	67 
3416	97 
3417	61 
3418	70 
3419	92 
3420	82 
3421	23 
3422	2 
3423	78 
3424	7 
3425	86 
3426	62 
3427	75 
3428	17 
3429	86 
3430	71 
3431	100 
3432	30 
3433	20 
3434	82 
3435	76 
3436	63 
3437	91 
3438	63 
3439	11 
3440	13 
3441	34 
3442	71 
3443	40 
3444	89 
3445	58 
3446	52 
3447	52 
3448	79 
3449	70 
3450	13 
3451	86 
3452	92 
3453	23 
3454	75 
3455	55 
3456	79 
3457	54 
3458	84 
3459	15 
3460	59 
3461	89 
3462	26 
3463	61 
3464	35 
3465	28 
3466	25 
3467	68 
3468	24 
3469	77 
3470	51 
3471	68 
3472	77 
3473	102 
3474	10 
3475	29 
3476	63 
3477	14 
3478	71 
3479	28 
3480	36 
3481	23 
3482	71 
3483	25 
3484	89 
3485	87 
3486	89 
3487	70 
3488	10 
3489	16 
3490	96 
3491	24 
3492	70 
3493	70 
3494	98 
3495	72 
3496	44 
3497	19 
3498	15 
3499	45 
3500	51 
3501	102 
3502	93 
3503	5 
3504	101 
3505	14 
3506	96 
3507	36 
3508	70 
3509	20 
3510	57 
3511	54 
3512	71 
3513	100 
3514	37 
3515	36 
3516	7 
3517	58 
3518	70 
3519	35 
3520	33 
3521	36 
3522	71 
3523	64 
3524	45 
3525	13 
3526	6 
3527	44 
3528	4 
3529	46 
3530	87 
3531	95 
3532	58 
3533	84 
3534	63 
3535	18 
3536	7 
3537	28 
3538	84 
3539	89 
3540	12 
3541	63 
3542	97 
3543	36 
3544	3 
3545	25 
3546	87 
3547	74 
3548	91 
3549	77 
3550	66 
3551	87 
3552	95 
3553	49 
3554	39 
3555	6 
3556	84 
3557	66 
3558	22 
3559	84 
3560	61 
3561	45 
3562	6 
3563	73 
3564	5 
3565	18 
3566	26 
3567	16 
3568	70 
3569	56 
3570	57 
3571	64 
3572	5 
3573	54 
3574	64 
3575	95 
3576	14 
3577	91 
3578	98 
3579	17 
3580	89 
3581	66 
3582	75 
3583	2 
3584	86 
3585	55 
3586	52 
3587	50 
3588	24 
3589	67 
3590	54 
3591	77 
3592	100 
3593	9 
3594	58 
3595	65 
3596	90 
3597	28 
3598	38 
3599	84 
3600	32 
3601	87 
3602	49 
3603	23 
3604	92 
3605	94 
3606	38 
3607	70 
3608	17 
3609	40 
3610	46 
3611	95 
3612	20 
3613	13 
3614	96 
3615	5 
3616	91 
3617	20 
3618	50 
3619	98 
3620	98 
3621	12 
3622	18 
3623	64 
3624	54 
3625	91 
3626	26 
3627	79 
3628	95 
3629	73 
3630	95 
3631	62 
3632	64 
3633	9 
3634	37 
3635	54 
3636	26 
3637	67 
3638	79 
3639	51 
3640	35 
3641	72 
3642	95 
3643	19 
3644	54 
3645	84 
3646	66 
3647	75 
3648	90 
3649	17 
3650	100 
3651	2 
3652	5 
3653	101 
3654	14 
3655	63 
3656	68 
3657	70 
3658	45 
3659	64 
3660	58 
3661	71 
3662	70 
3663	76 
3664	69 
3665	63 
3666	92 
3667	75 
3668	71 
3669	7 
3670	7 
3671	79 
3672	15 
3673	63 
3674	39 
3675	95 
3676	91 
3677	36 
3678	79 
3679	25 
3680	33 
3681	54 
3682	5 
3683	69 
3684	68 
3685	22 
3686	45 
3687	33 
3688	89 
3689	44 
3690	82 
3691	64 
3692	44 
3693	95 
3694	83 
3695	18 
3696	22 
3697	73 
3698	15 
3699	61 
3700	89 
3701	43 
3702	44 
3703	54 
3704	76 
3705	76 
3706	58 
3707	56 
3708	99 
3709	27 
3710	94 
3711	10 
3712	36 
3713	46 
3714	48 
3715	75 
3716	69 
3717	26 
3718	36 
3719	46 
3720	92 
3721	72 
3722	21 
3723	91 
3724	69 
3725	59 
3726	37 
3727	17 
3728	78 
3729	25 
3730	47 
3731	68 
3732	37 
3733	58 
3734	76 
3735	37 
3736	31 
3737	98 
3738	44 
3739	62 
3740	13 
3741	49 
3742	47 
3743	11 
3744	7 
3745	36 
3746	86 
3747	27 
3748	99 
3749	57 
3750	4 
3751	88 
3752	22 
3753	76 
3754	31 
3755	86 
3756	95 
3757	2 
3758	101 
3759	68 
3760	10 
3761	35 
3762	63 
3763	73 
3764	49 
3765	85 
3766	48 
3767	91 
3768	13 
3769	91 
3770	51 
3771	57 
3772	89 
3773	79 
3774	91 
3775	44 
3776	76 
3777	2 
3778	17 
3779	64 
3780	51 
3781	41 
3782	74 
3783	83 
3784	26 
3785	52 
3786	2 
3787	23 
3788	54 
3789	17 
3790	54 
3791	23 
3792	70 
3793	54 
3794	95 
3795	12 
3796	13 
3797	91 
3798	12 
3799	13 
3800	16 
3801	23 
3802	23 
3803	46 
3804	61 
3805	74 
3806	84 
3807	13 
3808	95 
3809	36 
3810	24 
3811	51 
3812	97 
3813	39 
3814	85 
3815	77 
3816	9 
3817	25 
3818	95 
3819	51 
3820	14 
3821	66 
3822	79 
3823	16 
3824	46 
3825	5 
3826	99 
3827	72 
3828	75 
3829	73 
3830	17 
3831	29 
3832	49 
3833	23 
3834	95 
3835	5 
3836	19 
3837	16 
3838	89 
3839	32 
3840	66 
3841	85 
3842	61 
3843	3 
3844	101 
3845	39 
3846	95 
3847	39 
3848	37 
3849	34 
3850	68 
3851	41 
3852	2 
3853	39 
3854	57 
3855	80 
3856	25 
3857	54 
3858	32 
3859	89 
3860	51 
3861	54 
3862	36 
3863	45 
3864	94 
3865	45 
3866	35 
3867	68 
3868	43 
3869	37 
3870	68 
3871	84 
3872	27 
3873	26 
3874	101 
3875	36 
3876	2 
3877	57 
3878	39 
3879	44 
3880	5 
3881	98 
3882	24 
3883	14 
3884	63 
3885	20 
3886	79 
3887	93 
3888	30 
3889	35 
3890	18 
3891	37 
3892	98 
3893	43 
3894	22 
3895	25 
3896	61 
3897	74 
3898	23 
3899	10 
3900	33 
3901	2 
3902	7 
3903	86 
3904	82 
3905	23 
3906	25 
3907	17 
3908	90 
3909	62 
3910	23 
3911	98 
3912	48 
3913	4 
3914	90 
3915	98 
3916	39 
3917	40 
3918	91 
3919	76 
3920	70 
3921	84 
3922	91 
3923	66 
3924	77 
3925	39 
3926	17 
3927	75 
3928	30 
3929	20 
3930	7 
3931	10 
3932	89 
3933	52 
3934	71 
3935	93 
3936	71 
3937	63 
3938	94 
3939	69 
3940	99 
3941	14 
3942	45 
3943	40 
3944	93 
3945	10 
3946	95 
3947	99 
3948	83 
3949	87 
3950	10 
3951	100 
3952	98 
3953	81 
3954	95 
3955	37 
3956	23 
3957	5 
3958	24 
3959	71 
3960	64 
3961	36 
3962	76 
3963	79 
3964	23 
3965	22 
3966	22 
3967	78 
3968	66 
3969	50 
3970	58 
3971	38 
3972	26 
3973	54 
3974	62 
3975	22 
3976	102 
3977	22 
3978	59 
3979	36 
3980	33 
3981	22 
3982	95 
3983	22 
3984	24 
3985	57 
3986	83 
3987	84 
3988	82 
3989	32 
3990	52 
3991	18 
3992	71 
3993	57 
3994	22 
3995	29 
3996	87 
3997	9 
3998	68 
3999	59 
4000	86 
4001	98 
4002	99 
4003	2 
4004	61 
4005	25 
4006	26 
4007	59 
4008	98 
4009	42 
4010	98 
4011	3 
4012	89 
4013	33 
4014	95 
4015	35 
4016	19 
4017	44 
4018	45 
4019	66 
4020	26 
4021	35 
4022	99 
4023	83 
4024	10 
4025	64 
4026	70 
4027	58 
4028	2 
4029	73 
4030	81 
4031	67 
4032	15 
4033	54 
4034	27 
4035	39 
4036	25 
4037	87 
4038	70 
4039	7 
4040	22 
4041	35 
4042	52 
4043	37 
4044	47 
4045	97 
4046	75 
4047	80 
4048	99 
4049	16 
4050	39 
4051	96 
4052	24 
4053	3 
4054	1 
4055	2 
4056	95 
4057	15 
4058	68 
4059	15 
4060	92 
4061	2 
4062	71 
4063	71 
4064	8 
4065	100 
4066	3 
4067	24 
4068	71 
4069	68 
4070	19 
4071	40 
4072	71 
4073	102 
4074	44 
4075	37 
4076	22 
4077	91 
4078	72 
4079	37 
4080	40 
4081	70 
4082	3 
4083	59 
4084	47 
4085	76 
4086	47 
4087	99 
4088	14 
4089	70 
4090	72 
4091	98 
4092	32 
4093	46 
4094	67 
4095	59 
4096	69 
4097	93 
4098	61 
4099	93 
4100	98 
4101	88 
4102	37 
4103	14 
4104	92 
4105	61 
4106	36 
4107	26 
4108	3 
4109	70 
4110	90 
4111	38 
4112	44 
4113	3 
4114	61 
4115	70 
4116	80 
4117	99 
4118	53 
4119	95 
4120	75 
4121	17 
4122	26 
4123	39 
4124	21 
4125	97 
4126	54 
4127	42 
4128	13 
4129	39 
4130	44 
4131	55 
4132	23 
4133	52 
4134	82 
4135	8 
4136	31 
4137	24 
4138	98 
4139	80 
4140	14 
4141	70 
4142	71 
4143	37 
4144	91 
4145	100 
4146	68 
4147	79 
4148	39 
4149	14 
4150	42 
4151	81 
4152	23 
4153	98 
4154	5 
4155	2 
4156	17 
4157	76 
4158	4 
4159	58 
4160	64 
4161	99 
4162	43 
4163	66 
4164	32 
4165	33 
4166	55 
4167	22 
4168	85 
4169	58 
4170	62 
4171	47 
4172	68 
4173	44 
4174	17 
4175	24 
4176	89 
4177	1 
4178	96 
4179	98 
4180	86 
4181	79 
4182	44 
4183	29 
4184	36 
4185	26 
4186	93 
4187	24 
4188	60 
4189	64 
4190	36 
4191	4 
4192	44 
4193	3 
4194	82 
4195	98 
4196	83 
4197	90 
4198	18 
4199	76 
4200	74 
4201	7 
4202	25 
4203	4 
4204	54 
4205	20 
4206	97 
4207	27 
4208	63 
4209	37 
4210	92 
4211	85 
4212	23 
4213	45 
4214	68 
4215	52 
4216	39 
4217	55 
4218	100 
4219	89 
4220	91 
4221	54 
4222	50 
4223	44 
4224	50 
4225	100 
4226	68 
4227	80 
4228	61 
4229	5 
4230	36 
4231	24 
4232	92 
4233	50 
4234	47 
4235	10 
4236	64 
4237	86 
4238	35 
4239	41 
4240	93 
4241	63 
4242	97 
4243	94 
4244	55 
4245	86 
4246	95 
4247	82 
4248	48 
4249	62 
4250	78 
4251	7 
4252	26 
4253	95 
4254	68 
4255	51 
4256	22 
4257	99 
4258	95 
4259	71 
4260	1 
4261	68 
4262	14 
4263	23 
4264	47 
4265	18 
4266	22 
4267	35 
4268	59 
4269	2 
4270	37 
4271	48 
4272	84 
4273	71 
4274	86 
4275	72 
4276	65 
4277	90 
4278	100 
4279	11 
4280	10 
4281	23 
4282	53 
4283	100 
4284	86 
4285	28 
4286	2 
4287	21 
4288	75 
4289	22 
4290	39 
4291	52 
4292	58 
4293	68 
4294	41 
4295	86 
4296	5 
4297	98 
4298	56 
4299	61 
4300	98 
4301	30 
4302	65 
4303	50 
4304	22 
4305	75 
4306	66 
4307	24 
4308	24 
4309	6 
4310	22 
4311	79 
4312	75 
4313	63 
4314	79 
4315	36 
4316	13 
4317	70 
4318	18 
4319	86 
4320	100 
4321	4 
4322	49 
4323	13 
4324	96 
4325	10 
4326	6 
4327	79 
4328	69 
4329	46 
4330	15 
4331	22 
4332	89 
4333	84 
4334	23 
4335	44 
4336	26 
4337	77 
4338	96 
4339	87 
4340	57 
4341	62 
4342	42 
4343	64 
4344	26 
4345	97 
4346	85 
4347	95 
4348	58 
4349	101 
4350	15 
4351	87 
4352	86 
4353	26 
4354	84 
4355	48 
4356	84 
4357	66 
4358	28 
4359	66 
4360	44 
4361	89 
4362	84 
4363	39 
4364	93 
4365	62 
4366	91 
4367	77 
4368	68 
4369	89 
4370	76 
4371	86 
4372	20 
4373	12 
4374	1 
4375	77 
4376	47 
4377	91 
4378	13 
4379	58 
4380	6 
4381	40 
4382	23 
4383	91 
4384	5 
4385	83 
4386	33 
4387	92 
4388	84 
4389	51 
4390	79 
4391	38 
4392	22 
4393	4 
4394	63 
4395	56 
4396	15 
4397	63 
4398	24 
4399	66 
4400	71 
4401	73 
4402	93 
4403	58 
4404	68 
4405	2 
4406	59 
4407	44 
4408	95 
4409	10 
4410	23 
4411	56 
4412	75 
4413	18 
4414	23 
4415	23 
4416	44 
4417	84 
4418	95 
4419	85 
4420	18 
4421	26 
4422	7 
4423	96 
4424	36 
4425	82 
4426	13 
4427	17 
4428	71 
4429	82 
4430	47 
4431	82 
4432	47 
4433	63 
4434	98 
4435	16 
4436	3 
4437	22 
4438	98 
4439	41 
4440	15 
4441	46 
4442	14 
4443	13 
4444	13 
4445	38 
4446	40 
4447	37 
4448	7 
4449	80 
4450	86 
4451	2 
4452	71 
4453	13 
4454	61 
4455	47 
4456	4 
4457	47 
4458	18 
4459	16 
4460	86 
4461	13 
4462	69 
4463	39 
4464	5 
4465	63 
4466	71 
4467	26 
4468	99 
4469	25 
4470	7 
4471	89 
4472	61 
4473	45 
4474	89 
4475	88 
4476	45 
4477	95 
4478	33 
4479	74 
4480	82 
4481	66 
4482	24 
4483	92 
4484	87 
4485	89 
4486	84 
4487	64 
4488	39 
4489	31 
4490	10 
4491	63 
4492	76 
4493	21 
4494	5 
4495	86 
4496	51 
4497	49 
4498	26 
4499	71 
4500	4 
4501	7 
4502	53 
4503	87 
4504	71 
4505	47 
4506	54 
4507	74 
4508	45 
4509	58 
4510	98 
4511	95 
4512	34 
4513	35 
4514	7 
4515	72 
4516	31 
4517	89 
4518	19 
4519	70 
4520	98 
4521	93 
4522	10 
4523	37 
4524	100 
4525	12 
4526	3 
4527	97 
4528	32 
4529	7 
4530	65 
4531	26 
4532	89 
4533	71 
4534	100 
4535	23 
4536	22 
4537	82 
4538	68 
4539	80 
4540	24 
4541	64 
4542	52 
4543	42 
4544	4 
4545	16 
4546	99 
4547	18 
4548	93 
4549	82 
4550	79 
4551	68 
4552	2 
4553	98 
4554	13 
4555	82 
4556	69 
4557	11 
4558	91 
4559	25 
4560	2 
4561	2 
4562	39 
4563	13 
4564	63 
4565	23 
4566	98 
4567	44 
4568	94 
4569	34 
4570	12 
4571	7 
4572	4 
4573	77 
4574	93 
4575	28 
4576	22 
4577	95 
4578	39 
4579	80 
4580	51 
4581	47 
4582	95 
4583	7 
4584	68 
4585	52 
4586	48 
4587	86 
4588	23 
4589	62 
4590	94 
4591	26 
4592	47 
4593	16 
4594	23 
4595	63 
4596	46 
4597	88 
4598	74 
4599	36 
4600	67 
4601	46 
4602	11 
4603	96 
4604	30 
4605	37 
4606	17 
4607	82 
4608	26 
4609	35 
4610	10 
4611	35 
4612	82 
4613	69 
4614	72 
4615	17 
4616	90 
4617	32 
4618	27 
4619	63 
4620	44 
4621	75 
4622	51 
4623	39 
4624	72 
4625	79 
4626	84 
4627	86 
4628	23 
4629	54 
4630	53 
4631	37 
4632	89 
4633	95 
4634	61 
4635	37 
4636	98 
4637	61 
4638	14 
4639	38 
4640	39 
4641	33 
4642	74 
4643	74 
4644	2 
4645	58 
4646	3 
4647	81 
4648	80 
4649	36 
4650	51 
4651	22 
4652	44 
4653	75 
4654	23 
4655	10 
4656	98 
4657	64 
4658	95 
4659	62 
4660	70 
4661	46 
4662	6 
4663	14 
4664	14 
4665	5 
4666	70 
4667	23 
4668	20 
4669	95 
4670	23 
4671	54 
4672	58 
4673	91 
4674	47 
4675	55 
4676	51 
4677	9 
4678	52 
4679	54 
4680	62 
4681	4 
4682	55 
4683	42 
4684	34 
4685	1 
4686	5 
4687	47 
4688	54 
4689	92 
4690	75 
4691	74 
4692	86 
4693	102 
4694	45 
4695	84 
4696	20 
4697	67 
4698	45 
4699	56 
4700	60 
4701	75 
4702	10 
4703	17 
4704	19 
4705	74 
4706	3 
4707	86 
4708	6 
4709	50 
4710	83 
4711	101 
4712	86 
4713	75 
4714	37 
4715	47 
4716	58 
4717	10 
4718	59 
4719	40 
4720	61 
4721	60 
4722	39 
4723	32 
4724	77 
4725	55 
4726	82 
4727	52 
4728	42 
4729	46 
4730	51 
4731	3 
4732	11 
4733	13 
4734	81 
4735	54 
4736	10 
4737	51 
4738	70 
4739	69 
4740	82 
4741	9 
4742	95 
4743	51 
4744	90 
4745	84 
4746	79 
4747	44 
4748	37 
4749	37 
4750	53 
4751	44 
4752	38 
4753	5 
4754	39 
4755	23 
4756	22 
4757	23 
4758	67 
4759	70 
4760	101 
4761	46 
4762	29 
4763	53 
4764	91 
4765	87 
4766	75 
4767	44 
4768	27 
4769	19 
4770	9 
4771	70 
4772	82 
4773	99 
4774	8 
4775	95 
4776	25 
4777	35 
4778	5 
4779	44 
4780	4 
4781	34 
4782	52 
4783	94 
4784	54 
4785	54 
4786	46 
4787	76 
4788	53 
4789	54 
4790	100 
4791	62 
4792	44 
4793	39 
4794	94 
4795	96 
4796	97 
4797	84 
4798	19 
4799	10 
4800	69 
4801	21 
4802	100 
4803	15 
4804	46 
4805	28 
4806	75 
4807	61 
4808	23 
4809	74 
4810	7 
4811	93 
4812	9 
4813	10 
4814	24 
4815	66 
4816	16 
4817	76 
4818	75 
4819	62 
4820	36 
4821	2 
4822	10 
4823	72 
4824	87 
4825	17 
4826	23 
4827	39 
4828	17 
4829	23 
4830	85 
4831	10 
4832	69 
4833	58 
4834	30 
4835	7 
4836	51 
4837	87 
4838	98 
4839	15 
4840	13 
4841	46 
4842	51 
4843	37 
4844	21 
4845	47 
4846	5 
4847	54 
4848	70 
4849	82 
4850	41 
4851	68 
4852	95 
4853	17 
4854	52 
4855	77 
4856	83 
4857	94 
4858	86 
4859	27 
4860	77 
4861	32 
4862	34 
4863	54 
4864	101 
4865	10 
4866	32 
4867	96 
4868	9 
4869	36 
4870	44 
4871	77 
4872	36 
4873	74 
4874	44 
4875	65 
4876	77 
4877	59 
4878	89 
4879	45 
4880	72 
4881	55 
4882	58 
4883	31 
4884	3 
4885	82 
4886	44 
4887	33 
4888	36 
4889	19 
4890	57 
4891	84 
4892	96 
4893	31 
4894	68 
4895	51 
4896	93 
4897	54 
4898	73 
4899	92 
4900	74 
4901	73 
4902	13 
4903	23 
4904	92 
4905	39 
4906	100 
4907	66 
4908	68 
4909	95 
4910	45 
4911	7 
4912	18 
4913	52 
4914	26 
4915	88 
4916	2 
4917	4 
4918	9 
4919	10 
4920	52 
4921	5 
4922	7 
4923	54 
4924	58 
4925	74 
4926	82 
4927	93 
4928	25 
4929	62 
4930	68 
4931	22 
4932	23 
4933	36 
4934	11 
4935	86 
4936	89 
4937	46 
4938	94 
4939	64 
4940	32 
4941	63 
4942	22 
4943	58 
4944	90 
4945	91 
4946	70 
4947	5 
4948	23 
4949	13 
4950	25 
4951	19 
4952	12 
4953	35 
4954	41 
4955	30 
4956	10 
4957	99 
4958	71 
4959	92 
4960	54 
4961	96 
4962	1 
4963	47 
4964	34 
4965	94 
4966	17 
4967	10 
4968	6 
4969	23 
4970	4 
4971	47 
4972	100 
4973	74 
4974	98 
4975	100 
4976	69 
4977	97 
4978	63 
4979	10 
4980	10 
4981	102 
4982	44 
4983	44 
4984	26 
4985	86 
4986	92 
4987	74 
4988	75 
4989	26 
4990	47 
4991	76 
4992	9 
4993	91 
4994	5 
4995	63 
4996	47 
4997	7 
4998	75 
4999	49 
5000	91 
