1	100 
2	8 
3	17 
4	91 
5	75 
6	44 
7	12 
8	30 
9	9 
10	96 
11	58 
12	17 96 103 
13	61 
14	8 
15	108 
16	95 
17	118 
18	70 
19	52 
20	79 
21	91 
22	43 
23	13 
24	111 
25	69 
26	70 
27	26 
28	33 82 124 
29	36 
30	52 
31	9 
32	6 
33	13 
34	89 
35	20 
36	113 
37	114 
38	30 
39	33 
40	3 
41	16 51 98 
42	46 
43	87 
44	50 
45	59 
46	111 
47	1 
48	1 
49	52 
50	46 
51	41 
52	10 95 99 
53	40 
54	124 
55	123 
56	111 
57	105 
58	85 
59	31 
60	79 
61	1 
62	64 
63	124 
64	38 
65	54 
66	94 
67	99 
68	41 
69	116 
70	70 
71	2 
72	3 
73	99 
74	16 
75	63 
76	30 
77	87 
78	59 
79	43 
80	37 
81	107 
82	47 
83	98 
84	14 
85	30 
86	3 
87	9 
88	35 
89	108 
90	46 
91	83 
92	19 26 84 
93	71 
94	112 
95	45 65 76 
96	46 
97	119 
98	4 
99	26 
100	106 
101	105 
102	99 
103	104 
104	27 
105	108 
106	11 
107	96 
108	23 
109	10 
110	14 
111	44 
112	34 
113	88 
114	17 
115	27 
116	45 
117	24 
118	119 
119	63 
120	32 
121	58 
122	46 
123	79 
124	80 
125	44 
126	59 
127	51 
128	57 
129	31 
130	101 
131	14 
132	56 82 91 
133	46 
134	109 
135	8 
136	83 
137	48 71 91 
138	123 
139	14 
140	121 
141	24 
142	115 
143	62 
144	31 
145	111 
146	118 
147	73 
148	67 
149	91 
150	97 
151	96 
152	97 
153	59 
154	115 
155	101 
156	58 64 74 
157	25 
158	65 
159	35 
160	46 
161	37 
162	14 
163	74 
164	124 
165	86 
166	115 
167	62 
168	6 
169	21 
170	73 
171	78 
172	50 
173	106 
174	46 
175	97 
176	30 82 90 
177	103 
178	72 
179	27 40 117 
180	82 
181	15 
182	95 
183	109 
184	6 
185	19 
186	77 
187	68 
188	34 
189	111 
190	30 
191	72 
192	103 
193	98 
194	35 37 105 
195	19 
196	74 
197	82 
198	62 
199	72 
200	94 
201	69 
202	51 
203	8 
204	33 
205	100 
206	15 
207	45 
208	97 
209	34 40 54 
210	63 
211	81 
212	89 
213	69 
214	9 
215	103 
216	61 
217	76 
218	83 
219	54 
220	123 
221	116 
222	4 
223	19 
224	52 
225	48 
226	54 
227	59 
228	53 
229	31 
230	30 
231	119 
232	99 
233	3 
234	11 
235	57 
236	19 
237	58 
238	118 
239	5 
240	79 
241	42 
242	39 
243	106 
244	5 
245	73 
246	5 
247	89 
248	84 
249	37 
250	104 
251	56 
252	18 28 42 
253	3 
254	58 
255	92 
256	122 
257	108 
258	2 36 86 
259	38 
260	19 73 85 
261	4 
262	83 
263	119 
264	19 
265	11 
266	33 
267	15 
268	44 
269	92 
270	59 
271	98 
272	15 
273	28 
274	123 
275	115 
276	109 
277	106 
278	103 
279	53 
280	20 
281	35 
282	96 
283	51 
284	31 
285	71 77 79 
286	89 
287	75 
288	5 36 80 
289	26 
290	78 
291	12 
292	70 
293	27 
294	108 
295	10 
296	56 
297	119 
298	19 
299	49 
300	59 
301	57 
302	19 
303	96 
304	121 
305	86 
306	6 
307	67 
308	74 
309	25 38 111 
310	103 
311	14 
312	79 
313	109 
314	19 
315	81 
316	9 
317	3 98 114 
318	47 79 95 
319	7 
320	1 
321	111 
322	98 
323	29 
324	86 
325	88 
326	33 
327	54 
328	49 
329	62 
330	117 
331	90 
332	112 
333	4 
334	71 
335	2 
336	35 
337	61 
338	15 
339	63 
340	3 
341	39 
342	5 
343	108 
344	28 
345	86 
346	52 
347	42 
348	118 
349	80 
350	93 
351	40 
352	1 
353	107 
354	46 
355	18 
356	16 
357	103 
358	19 25 74 
359	19 
360	92 
361	76 103 108 
362	28 
363	36 
364	49 
365	106 
366	98 
367	121 
368	45 
369	21 
370	22 
371	99 
372	109 
373	26 72 96 
374	63 
375	65 
376	78 
377	25 
378	1 35 94 
379	79 
380	38 
381	66 
382	23 31 71 
383	26 
384	5 
385	121 
386	57 
387	15 
388	15 
389	74 
390	5 
391	108 
392	92 
393	117 
394	58 
395	66 
396	115 
397	18 
398	107 
399	92 
400	18 
401	112 
402	111 
403	82 
404	19 96 115 
405	87 
406	94 
407	103 
408	58 
409	113 
410	35 
411	47 
412	41 
413	122 
414	35 
415	63 
416	51 87 109 
417	117 
418	43 
419	74 
420	113 
421	84 
422	59 
423	31 32 47 
424	35 
425	95 
426	1 24 109 
427	86 
428	35 
429	117 
430	123 
431	116 
432	72 
433	121 
434	98 
435	8 14 23 
436	108 
437	26 
438	49 
439	32 69 109 
440	19 
441	115 
442	123 
443	37 39 41 
444	82 
445	46 
446	38 
447	115 
448	75 
449	112 
450	78 
451	25 
452	73 
453	25 
454	119 
455	31 
456	30 
457	67 
458	99 
459	94 
460	88 
461	51 
462	116 
463	36 
464	108 
465	120 
466	89 
467	73 
468	58 
469	29 
470	29 
471	60 
472	7 
473	15 
474	35 
475	97 
476	28 
477	123 
478	20 
479	100 
480	44 
481	11 
482	84 
483	1 
484	31 
485	82 
486	75 
487	72 
488	48 59 121 
489	32 
490	123 
491	56 
492	3 
493	38 
494	59 
495	28 
496	94 
497	13 
498	59 96 98 
499	24 
500	110 
501	35 
502	11 
503	3 
504	57 
505	109 
506	31 35 36 
507	92 
508	96 
509	86 
510	46 98 115 
511	97 
512	50 
513	45 
514	22 
515	74 
516	123 
517	111 
518	70 
519	71 
520	53 
521	38 
522	3 
523	116 
524	1 
525	91 
526	34 
527	18 
528	30 
529	13 
530	26 82 109 
531	15 
532	34 
533	86 
534	95 
535	56 
536	24 
537	43 
538	73 
539	50 
540	32 
541	31 
542	124 
543	17 64 94 
544	24 73 81 
545	71 
546	51 
547	50 
548	39 
549	74 
550	86 
551	12 
552	35 
553	96 
554	94 
555	19 
556	122 
557	26 
558	96 
559	115 
560	3 39 102 
561	69 
562	106 
563	66 95 104 
564	102 
565	113 
566	58 
567	14 77 97 
568	65 
569	67 
570	62 
571	15 
572	46 
573	77 
574	50 
575	18 
576	106 
577	69 80 97 
578	31 
579	29 56 63 
580	20 35 74 
581	90 
582	15 
583	83 
584	54 70 85 
585	103 
586	94 
587	5 
588	31 
589	79 
590	124 
591	11 
592	71 
593	17 
594	61 
595	5 
596	47 
597	14 
598	92 
599	120 
600	123 
601	52 
602	8 
603	55 
604	108 
605	28 56 96 
606	15 36 117 
607	104 106 109 
608	75 
609	106 
610	67 
611	27 
612	102 
613	108 
614	94 
615	50 
616	69 
617	74 
618	26 
619	45 
620	77 
621	81 
622	101 
623	116 
624	98 
625	74 
626	17 
627	103 
628	121 
629	58 
630	118 
631	24 
632	45 
633	3 
634	53 
635	51 
636	43 65 121 
637	28 
638	76 
639	25 
640	70 
641	91 
642	14 15 28 
643	94 
644	104 
645	119 
646	122 
647	35 
648	59 
649	80 
650	59 
651	121 
652	95 
653	112 
654	65 
655	55 
656	57 
657	104 
658	22 43 106 
659	47 
660	25 
661	24 
662	48 
663	97 
664	3 
665	60 
666	6 
667	55 
668	3 14 124 
669	72 
670	112 
671	28 
672	54 
673	98 
674	43 
675	37 
676	84 100 117 
677	82 
678	5 28 96 
679	86 
680	109 
681	68 73 96 
682	18 
683	24 
684	42 
685	28 
686	3 
687	31 
688	14 24 90 
689	89 
690	59 
691	39 67 72 
692	70 
693	56 
694	57 
695	48 
696	73 
697	108 
698	35 
699	121 
700	111 
701	94 
702	17 41 49 
703	30 
704	113 
705	109 
706	28 
707	69 
708	88 
709	68 
710	82 
711	97 
712	88 
713	88 
714	85 
715	33 
716	92 
717	23 
718	12 
719	85 
720	59 
721	33 41 59 
722	24 
723	2 5 39 
724	21 68 82 
725	105 
726	36 
727	108 
728	108 
729	46 
730	79 
731	99 
732	1 
733	11 36 58 
734	74 
735	65 
736	97 
737	60 
738	114 
739	114 
740	124 
741	1 
742	45 
743	112 
744	57 
745	74 
746	45 
747	19 
748	18 
749	12 
750	18 
751	94 
752	105 
753	100 116 124 
754	62 
755	115 
756	20 56 103 
757	7 30 62 
758	97 
759	58 
760	1 
761	87 
762	50 
763	67 
764	46 
765	118 
766	26 
767	79 
768	31 
769	63 
770	76 
771	122 
772	14 58 79 
773	54 
774	66 
775	123 
776	74 
777	57 
778	55 
779	86 
780	124 
781	13 51 77 
782	113 
783	74 
784	12 71 89 
785	46 
786	12 
787	68 
788	73 
789	23 
790	19 
791	47 
792	86 
793	118 
794	87 
795	8 
796	74 
797	124 
798	96 
799	106 
800	112 
801	22 
802	23 
803	81 
804	67 68 70 
805	19 
806	52 
807	5 36 77 
808	121 
809	59 
810	11 
811	81 
812	86 
813	35 
814	122 
815	29 
816	95 
817	75 
818	76 
819	83 
820	13 
821	5 97 112 
822	103 
823	89 
824	79 
825	117 
826	52 
827	18 
828	25 
829	100 
830	63 
831	25 
832	60 
833	89 
834	107 
835	94 
836	7 31 57 
837	77 
838	60 
839	124 
840	29 
841	66 
842	22 
843	4 
844	16 43 74 
845	121 
846	82 
847	12 41 106 
848	105 
849	94 
850	23 30 51 
851	40 
852	99 
853	67 
854	5 94 100 
855	99 
856	28 
857	111 
858	67 
859	35 52 70 
860	124 
861	89 
862	121 
863	120 
864	79 95 108 
865	93 
866	77 
867	17 
868	109 
869	56 59 107 
870	74 
871	111 
872	79 
873	3 
874	13 23 87 
875	20 
876	69 
877	82 
878	50 
879	27 
880	36 
881	19 
882	108 
883	27 66 86 
884	67 
885	6 
886	15 
887	19 
888	47 
889	80 
890	24 
891	109 
892	10 
893	109 
894	73 
895	49 84 114 
896	11 
897	115 
898	60 
899	98 
900	124 
901	25 83 121 
902	49 
903	116 
904	66 
905	63 
906	53 
907	56 
908	79 
909	43 
910	56 
911	85 
912	91 
913	5 
914	94 
915	24 
916	3 30 119 
917	97 
918	94 
919	109 
920	32 
921	97 
922	103 
923	46 
924	86 
925	37 
926	28 
927	26 
928	83 
929	124 
930	103 
931	3 97 110 
932	14 28 52 
933	73 
934	81 88 99 
935	108 
936	103 
937	13 
938	71 
939	112 
940	23 
941	72 
942	94 
943	82 
944	56 
945	119 
946	73 
947	122 
948	67 
949	79 
950	74 
951	55 
952	14 
953	24 
954	75 
955	38 
956	35 
957	33 108 116 
958	13 
959	36 104 118 
960	79 
961	67 
962	13 35 97 
963	24 
964	74 
965	109 
966	87 
967	116 
968	91 
969	47 
970	81 
971	91 
972	121 
973	9 
974	69 
975	24 28 40 
976	26 33 86 
977	3 
978	94 
979	20 
980	36 
981	44 
982	31 46 60 
983	80 
984	24 25 63 
985	75 
986	59 
987	56 
988	75 
989	45 115 124 
990	82 
991	28 74 111 
992	26 85 94 
993	5 56 73 
994	39 70 109 
995	104 
996	81 
997	103 
998	44 
999	18 
1000	3 
1001	123 
1002	63 
1003	77 
1004	96 
1005	34 
1006	30 
1007	65 
1008	78 
1009	28 97 115 
1010	103 
1011	74 
1012	24 
1013	61 
1014	77 
1015	44 
1016	92 
1017	94 
1018	35 
1019	59 
1020	94 
1021	9 
1022	106 
1023	30 71 106 
1024	37 
1025	12 
1026	39 
1027	89 
1028	3 
1029	37 83 114 
1030	111 
1031	4 
1032	59 
1033	83 
1034	14 
1035	31 
1036	15 95 109 
1037	15 
1038	79 
1039	48 
1040	95 
1041	51 
1042	94 
1043	41 
1044	115 
1045	121 
1046	17 
1047	118 
1048	5 47 94 
1049	34 
1050	111 
1051	70 
1052	9 
1053	1 
1054	20 
1055	15 
1056	86 
1057	71 
1058	13 
1059	44 
1060	115 
1061	20 
1062	84 
1063	31 
1064	99 
1065	27 69 98 
1066	41 
1067	45 
1068	31 
1069	28 
1070	56 
1071	42 
1072	106 
1073	115 
1074	106 
1075	28 
1076	101 
1077	65 
1078	98 
1079	8 
1080	58 
1081	23 
1082	54 73 120 
1083	34 
1084	104 
1085	16 
1086	54 
1087	15 47 65 
1088	77 
1089	78 
1090	18 
1091	30 
1092	45 
1093	4 
1094	26 42 117 
1095	36 
1096	21 
1097	49 
1098	35 
1099	114 
1100	80 
1101	68 
1102	94 
1103	49 91 115 
1104	99 
1105	123 
1106	1 19 111 
1107	14 
1108	16 46 73 
1109	21 
1110	77 
1111	64 
1112	72 
1113	7 
1114	4 
1115	94 
1116	12 
1117	77 
1118	29 
1119	24 
1120	91 
1121	54 
1122	73 
1123	109 
1124	83 
1125	54 
1126	42 
1127	83 
1128	118 
1129	39 
1130	96 
1131	18 
1132	95 
1133	67 
1134	71 
1135	65 
1136	79 
1137	3 
1138	121 
1139	28 45 72 
1140	47 
1141	53 
1142	115 
1143	6 
1144	4 71 115 
1145	38 
1146	123 
1147	26 
1148	20 
1149	55 
1150	83 
1151	50 
1152	106 
1153	71 
1154	34 
1155	64 
1156	61 
1157	19 71 94 
1158	2 
1159	35 
1160	115 
1161	94 
1162	3 
1163	43 
1164	31 111 124 
1165	75 
1166	68 
1167	48 
1168	89 
1169	121 
1170	97 
1171	9 
1172	64 
1173	100 123 124 
1174	98 
1175	60 
1176	40 
1177	50 
1178	101 
1179	120 
1180	46 67 85 
1181	18 
1182	55 
1183	111 
1184	88 
1185	74 
1186	19 
1187	67 
1188	58 
1189	87 
1190	87 
1191	74 97 120 
1192	107 
1193	124 
1194	122 
1195	96 
1196	94 
1197	51 
1198	12 
1199	64 
1200	35 
1201	123 
1202	26 106 121 
1203	98 
1204	95 
1205	33 98 99 
1206	1 
1207	19 
1208	59 
1209	57 
1210	65 
1211	101 
1212	41 
1213	32 
1214	99 
1215	45 97 99 
1216	122 
1217	114 
1218	16 
1219	14 
1220	71 
1221	124 
1222	81 
1223	3 
1224	90 
1225	99 
1226	117 
1227	66 
1228	31 
1229	86 
1230	27 
1231	121 
1232	35 
1233	29 
1234	97 
1235	98 
1236	97 
1237	43 
1238	62 
1239	55 
1240	19 
1241	88 
1242	98 
1243	21 
1244	19 
1245	38 111 112 
1246	14 
1247	99 
1248	112 
1249	54 75 99 
1250	2 
1251	88 
1252	20 
1253	30 
1254	19 
1255	72 
1256	119 
1257	121 
1258	109 
1259	5 
1260	56 
1261	54 
1262	91 
1263	79 103 115 
1264	115 
1265	37 
1266	53 
1267	1 
1268	40 
1269	24 49 54 
1270	24 
1271	9 
1272	15 
1273	114 
1274	31 74 96 
1275	15 
1276	13 110 115 
1277	71 
1278	29 31 70 
1279	51 
1280	61 
1281	24 
1282	77 
1283	24 
1284	7 
1285	24 
1286	59 71 98 
1287	73 
1288	38 
1289	54 
1290	118 
1291	73 
1292	22 
1293	72 
1294	27 
1295	69 
1296	115 
1297	70 
1298	31 
1299	6 
1300	81 
1301	60 
1302	12 
1303	37 
1304	24 63 90 
1305	71 94 121 
1306	63 
1307	16 
1308	56 
1309	74 107 121 
1310	121 
1311	30 78 79 
1312	21 
1313	22 
1314	23 101 105 
1315	14 
1316	53 
1317	73 
1318	95 
1319	102 
1320	18 
1321	123 
1322	69 
1323	20 
1324	4 
1325	112 
1326	54 
1327	17 19 73 
1328	8 
1329	66 
1330	46 
1331	74 
1332	96 
1333	15 
1334	96 
1335	112 
1336	65 
1337	74 
1338	58 
1339	14 
1340	24 68 79 
1341	7 
1342	74 
1343	79 
1344	19 52 79 
1345	73 
1346	15 
1347	73 
1348	106 
1349	6 
1350	96 
1351	27 
1352	80 
1353	24 
1354	97 
1355	103 
1356	111 
1357	87 
1358	107 
1359	4 
1360	121 
1361	25 
1362	26 
1363	113 
1364	17 55 111 
1365	24 
1366	114 
1367	41 
1368	41 
1369	3 
1370	34 
1371	6 
1372	55 
1373	5 52 62 
1374	41 
1375	75 
1376	17 
1377	45 
1378	97 
1379	2 54 99 
1380	53 
1381	59 
1382	80 
1383	72 
1384	94 
1385	76 
1386	69 
1387	65 
1388	51 63 108 
1389	31 
1390	57 
1391	10 
1392	106 
1393	35 
1394	113 
1395	82 
1396	13 
1397	110 
1398	6 
1399	34 
1400	69 
1401	57 
1402	63 
1403	44 
1404	94 
1405	25 
1406	112 
1407	38 
1408	123 
1409	40 
1410	47 
1411	76 
1412	111 
1413	103 
1414	108 
1415	83 
1416	37 
1417	8 23 83 
1418	69 
1419	75 
1420	66 
1421	46 
1422	21 
1423	112 
1424	100 
1425	31 
1426	19 
1427	110 
1428	35 
1429	3 
1430	81 
1431	30 
1432	9 
1433	14 
1434	79 
1435	104 
1436	124 
1437	121 
1438	37 
1439	55 
1440	16 29 63 
1441	25 
1442	1 
1443	55 
1444	99 
1445	72 
1446	47 
1447	18 26 103 
1448	111 
1449	123 
1450	49 
1451	113 
1452	12 
1453	100 112 117 
1454	58 
1455	20 24 120 
1456	45 
1457	121 
1458	109 
1459	48 
1460	52 
1461	49 
1462	74 
1463	51 
1464	46 
1465	121 
1466	15 24 73 
1467	67 
1468	75 
1469	65 
1470	3 
1471	119 
1472	103 
1473	48 
1474	15 52 75 
1475	45 54 110 
1476	4 
1477	31 
1478	103 
1479	71 
1480	123 
1481	57 
1482	67 
1483	6 
1484	117 
1485	47 
1486	61 
1487	20 
1488	65 
1489	20 
1490	24 
1491	20 46 60 
1492	83 
1493	49 
1494	61 
1495	28 
1496	115 
1497	12 
1498	45 
1499	112 
1500	114 
1501	98 
1502	52 
1503	99 
1504	69 
1505	76 
1506	78 
1507	26 
1508	26 
1509	53 
1510	48 
1511	124 
1512	53 
1513	8 
1514	35 
1515	115 
1516	45 
1517	124 
1518	81 
1519	97 
1520	90 
1521	20 
1522	65 
1523	83 
1524	47 
1525	41 
1526	15 
1527	94 
1528	122 
1529	120 
1530	97 
1531	18 
1532	80 
1533	98 
1534	34 
1535	9 
1536	54 
1537	94 
1538	4 
1539	109 
1540	118 
1541	106 
1542	106 
1543	12 
1544	66 
1545	2 
1546	110 
1547	47 
1548	79 
1549	105 
1550	60 
1551	62 
1552	35 
1553	10 
1554	83 
1555	5 55 119 
1556	74 
1557	3 
1558	60 
1559	112 
1560	121 
1561	18 
1562	86 
1563	113 
1564	124 
1565	98 
1566	40 
1567	119 
1568	118 
1569	39 
1570	41 
1571	75 
1572	68 
1573	2 75 111 
1574	92 
1575	43 
1576	54 
1577	58 
1578	117 
1579	123 
1580	111 
1581	92 
1582	70 
1583	55 
1584	34 
1585	101 
1586	7 25 77 
1587	40 
1588	111 
1589	58 
1590	65 
1591	48 
1592	91 
1593	98 
1594	70 
1595	31 
1596	54 
1597	70 
1598	101 
1599	16 
1600	46 
1601	103 
1602	94 
1603	52 94 124 
1604	15 
1605	81 
1606	37 
1607	6 
1608	19 
1609	108 
1610	56 
1611	96 
1612	123 
1613	120 
1614	94 
1615	40 95 112 
1616	30 53 115 
1617	65 
1618	106 
1619	33 
1620	16 
1621	46 94 123 
1622	58 
1623	15 
1624	13 
1625	4 
1626	123 
1627	6 
1628	40 
1629	58 
1630	85 
1631	89 
1632	76 
1633	108 
1634	102 
1635	46 
1636	12 36 106 
1637	17 
1638	1 
1639	94 
1640	21 
1641	97 
1642	35 56 85 
1643	29 
1644	54 
1645	28 
1646	98 
1647	70 
1648	15 
1649	33 
1650	115 
1651	108 
1652	86 
1653	80 
1654	96 
1655	25 
1656	28 
1657	89 
1658	45 
1659	55 
1660	114 
1661	115 
1662	19 105 108 
1663	84 
1664	1 
1665	16 46 106 
1666	108 
1667	110 
1668	49 64 74 
1669	94 
1670	83 
1671	59 
1672	121 
1673	13 
1674	17 
1675	20 
1676	1 
1677	2 
1678	3 65 94 
1679	30 
1680	88 
1681	67 
1682	44 
1683	84 
1684	13 
1685	34 
1686	45 
1687	109 
1688	25 
1689	117 
1690	84 
1691	46 
1692	1 40 124 
1693	44 
1694	13 
1695	13 59 70 
1696	28 37 106 
1697	48 
1698	43 
1699	24 56 120 
1700	3 
1701	73 
1702	79 
1703	22 
1704	5 
1705	45 
1706	1 
1707	90 
1708	28 
1709	58 
1710	90 
1711	51 
1712	64 
1713	69 
1714	109 
1715	13 
1716	22 
1717	18 
1718	65 
1719	94 
1720	117 
1721	115 
1722	68 
1723	12 13 63 
1724	117 
1725	99 
1726	22 
1727	124 
1728	121 
1729	35 
1730	25 
1731	12 
1732	84 
1733	1 14 70 
1734	59 
1735	81 
1736	5 
1737	52 74 89 
1738	35 
1739	110 
1740	5 
1741	108 
1742	58 
1743	37 
1744	26 
1745	92 
1746	114 
1747	52 
1748	99 
1749	78 
1750	51 
1751	115 
1752	73 
1753	10 
1754	56 72 81 
1755	98 
1756	31 76 83 
1757	62 
1758	79 
1759	49 
1760	58 71 123 
1761	35 
1762	68 
1763	110 
1764	97 
1765	70 
1766	98 
1767	37 63 118 
1768	69 
1769	46 
1770	58 
1771	35 48 120 
1772	110 
1773	56 
1774	51 
1775	123 
1776	71 
1777	94 
1778	24 
1779	43 72 118 
1780	61 
1781	33 
1782	12 
1783	115 
1784	93 
1785	31 
1786	79 
1787	105 
1788	26 47 90 
1789	24 
1790	99 
1791	85 
1792	67 
1793	83 
1794	84 
1795	36 
1796	115 
1797	13 
1798	96 
1799	108 
1800	4 
1801	51 
1802	65 
1803	26 
1804	72 
1805	108 
1806	48 56 64 
1807	49 104 115 
1808	42 
1809	8 
1810	40 
1811	26 
1812	75 
1813	22 74 115 
1814	62 
1815	102 
1816	5 
1817	19 
1818	74 
1819	97 
1820	80 
1821	94 
1822	92 
1823	120 
1824	77 
1825	70 
1826	47 
1827	123 
1828	49 
1829	65 
1830	98 
1831	69 
1832	12 
1833	5 
1834	62 
1835	105 
1836	116 
1837	121 
1838	45 
1839	95 
1840	28 30 124 
1841	113 
1842	98 
1843	7 
1844	75 
1845	115 
1846	2 
1847	10 
1848	107 
1849	53 
1850	106 
1851	119 
1852	8 34 48 
1853	23 
1854	123 
1855	3 
1856	68 
1857	62 
1858	68 
1859	12 
1860	87 
1861	87 
1862	47 
1863	5 
1864	2 13 58 
1865	37 
1866	42 
1867	79 
1868	19 
1869	30 
1870	106 
1871	52 58 98 
1872	109 
1873	47 
1874	25 
1875	99 
1876	99 
1877	83 
1878	71 
1879	111 
1880	13 26 36 
1881	11 44 55 
1882	74 
1883	98 
1884	120 
1885	73 
1886	76 
1887	123 
1888	88 
1889	4 
1890	122 
1891	111 
1892	49 
1893	120 
1894	115 
1895	18 
1896	29 63 97 
1897	11 
1898	108 
1899	63 76 116 
1900	80 
1901	121 
1902	112 
1903	124 
1904	41 79 121 
1905	75 
1906	89 
1907	14 
1908	2 11 58 
1909	49 
1910	77 
1911	84 
1912	110 
1913	46 
1914	80 
1915	20 
1916	102 
1917	30 
1918	51 
1919	66 
1920	74 
1921	14 
1922	124 
1923	79 
1924	104 
1925	81 
1926	35 
1927	64 
1928	17 
1929	19 
1930	21 
1931	28 
1932	26 
1933	67 72 101 
1934	15 
1935	10 
1936	58 
1937	27 
1938	64 
1939	37 
1940	74 
1941	29 
1942	108 
1943	17 
1944	82 
1945	96 
1946	25 
1947	117 
1948	29 
1949	43 
1950	53 
1951	65 
1952	94 
1953	4 
1954	120 
1955	106 
1956	44 
1957	84 
1958	98 
1959	72 
1960	101 
1961	35 
1962	20 
1963	54 
1964	63 
1965	57 
1966	37 
1967	28 
1968	36 
1969	93 
1970	57 
1971	73 
1972	101 
1973	3 
1974	67 
1975	40 
1976	54 
1977	92 
1978	45 
1979	71 
1980	47 
1981	20 
1982	18 
1983	75 
1984	96 
1985	106 112 124 
1986	5 
1987	79 
1988	102 
1989	111 
1990	47 
1991	15 36 74 
1992	100 
1993	8 
1994	31 
1995	26 
1996	78 
1997	8 49 94 
1998	94 
1999	108 
2000	22 
2001	106 
2002	14 
2003	70 
2004	64 
2005	88 
2006	103 
2007	109 
2008	79 
2009	75 
2010	27 
2011	49 
2012	98 
2013	94 
2014	94 
2015	8 
2016	92 
2017	4 
2018	15 
2019	3 
2020	37 
2021	99 
2022	96 
2023	94 
2024	36 
2025	80 
2026	35 
2027	75 
2028	60 
2029	89 
2030	72 
2031	1 
2032	114 
2033	31 
2034	114 
2035	2 25 121 
2036	111 
2037	33 
2038	44 
2039	109 
2040	102 
2041	33 
2042	74 
2043	83 
2044	43 
2045	70 
2046	45 
2047	3 
2048	2 
2049	102 
2050	42 
2051	111 
2052	104 
2053	54 
2054	5 
2055	79 
2056	23 
2057	99 
2058	123 
2059	5 
2060	65 
2061	104 
2062	25 
2063	123 
2064	25 
2065	75 
2066	20 
2067	10 
2068	106 
2069	120 
2070	83 
2071	79 
2072	25 
2073	56 
2074	19 
2075	99 
2076	37 
2077	32 
2078	45 
2079	30 
2080	18 
2081	121 
2082	54 
2083	88 
2084	46 
2085	14 
2086	112 
2087	13 36 83 
2088	16 65 110 
2089	65 
2090	106 
2091	23 
2092	20 
2093	106 
2094	103 
2095	11 
2096	35 
2097	75 
2098	26 
2099	111 
2100	53 
2101	26 67 79 
2102	40 
2103	14 
2104	106 
2105	59 
2106	95 
2107	54 
2108	114 
2109	104 
2110	79 
2111	79 
2112	46 
2113	6 
2114	37 
2115	44 
2116	98 
2117	124 
2118	28 
2119	98 
2120	91 
2121	97 
2122	31 
2123	79 
2124	85 
2125	6 
2126	79 
2127	17 
2128	96 
2129	100 
2130	56 
2131	90 
2132	2 82 106 
2133	65 
2134	79 
2135	121 
2136	35 
2137	7 
2138	99 
2139	78 
2140	52 
2141	36 
2142	115 
2143	43 
2144	5 
2145	52 
2146	103 
2147	115 
2148	21 
2149	14 35 69 
2150	16 
2151	19 
2152	19 
2153	106 
2154	90 
2155	70 
2156	71 
2157	37 
2158	10 
2159	53 
2160	56 
2161	9 36 39 
2162	57 
2163	19 
2164	36 
2165	116 
2166	106 
2167	43 
2168	42 
2169	17 
2170	48 110 111 
2171	106 
2172	24 
2173	86 
2174	37 
2175	101 
2176	73 
2177	96 
2178	29 
2179	26 
2180	119 
2181	98 
2182	57 
2183	6 
2184	49 
2185	118 
2186	101 
2187	115 
2188	108 
2189	63 
2190	29 
2191	96 
2192	3 
2193	50 
2194	69 
2195	112 
2196	15 
2197	107 
2198	66 
2199	66 75 91 
2200	50 
2201	80 
2202	98 
2203	73 
2204	114 
2205	90 
2206	51 
2207	29 
2208	120 
2209	13 
2210	104 
2211	46 
2212	123 
2213	53 
2214	24 
2215	68 
2216	62 
2217	37 
2218	95 
2219	99 
2220	5 
2221	58 61 89 
2222	108 
2223	98 
2224	103 
2225	35 
2226	27 
2227	5 
2228	71 
2229	37 
2230	26 
2231	7 
2232	1 
2233	62 
2234	122 
2235	98 
2236	121 
2237	110 
2238	32 
2239	112 
2240	54 
2241	83 
2242	84 
2243	56 
2244	71 
2245	15 
2246	10 
2247	44 
2248	34 
2249	37 
2250	91 
2251	59 
2252	45 56 70 
2253	99 
2254	61 
2255	96 
2256	120 
2257	28 
2258	115 
2259	90 
2260	31 
2261	71 
2262	5 
2263	69 
2264	63 
2265	98 
2266	28 
2267	92 
2268	68 
2269	116 
2270	124 
2271	36 70 94 
2272	68 
2273	27 
2274	115 
2275	48 
2276	108 
2277	120 
2278	16 
2279	98 
2280	51 67 77 
2281	48 
2282	121 
2283	79 
2284	58 79 116 
2285	92 
2286	69 
2287	111 
2288	104 
2289	60 
2290	30 
2291	41 
2292	88 
2293	36 51 70 
2294	19 
2295	32 
2296	6 
2297	115 
2298	5 
2299	75 
2300	48 
2301	94 
2302	99 
2303	118 
2304	96 
2305	29 
2306	44 
2307	113 
2308	58 
2309	79 
2310	93 
2311	79 
2312	22 
2313	115 
2314	59 
2315	54 
2316	28 
2317	79 
2318	13 
2319	48 
2320	58 
2321	113 
2322	35 
2323	17 
2324	31 
2325	45 
2326	19 51 92 
2327	105 
2328	66 
2329	83 
2330	8 
2331	106 
2332	30 
2333	10 47 115 
2334	64 
2335	1 
2336	17 
2337	86 
2338	31 
2339	34 
2340	79 
2341	72 
2342	10 
2343	67 
2344	12 
2345	92 
2346	124 
2347	65 
2348	114 
2349	95 
2350	38 
2351	30 
2352	98 
2353	44 
2354	97 
2355	96 
2356	4 
2357	65 69 83 
2358	18 
2359	15 
2360	98 
2361	20 
2362	1 
2363	74 
2364	19 
2365	112 
2366	81 
2367	23 
2368	80 
2369	95 
2370	7 
2371	51 
2372	26 
2373	97 
2374	30 
2375	10 
2376	13 
2377	116 
2378	14 
2379	108 
2380	43 
2381	28 
2382	71 
2383	99 
2384	107 
2385	94 
2386	94 
2387	19 
2388	75 
2389	118 
2390	91 
2391	50 
2392	81 
2393	78 
2394	14 53 98 
2395	108 
2396	59 
2397	81 
2398	106 
2399	78 
2400	34 
2401	22 
2402	75 
2403	82 
2404	28 
2405	35 
2406	27 
2407	35 79 110 
2408	39 
2409	80 
2410	23 
2411	70 
2412	85 
2413	57 83 119 
2414	50 
2415	119 
2416	109 
2417	78 
2418	81 
2419	31 
2420	38 
2421	115 
2422	43 
2423	94 
2424	94 
2425	3 
2426	15 
2427	112 
2428	45 
2429	65 
2430	124 
2431	43 
2432	3 
2433	106 
2434	71 
2435	121 
2436	59 
2437	50 
2438	9 97 122 
2439	104 
2440	67 
2441	103 
2442	11 
2443	3 
2444	115 
2445	124 
2446	46 
2447	94 
2448	95 
2449	67 
2450	98 
2451	48 
2452	55 
2453	97 
2454	37 
2455	74 
2456	10 
2457	24 
2458	28 
2459	30 
2460	106 
2461	44 
2462	77 85 103 
2463	51 
2464	96 
2465	48 
2466	89 
2467	50 
2468	40 
2469	67 
2470	9 
2471	78 
2472	39 
2473	9 
2474	114 
2475	75 
2476	56 96 99 
2477	26 
2478	109 
2479	21 
2480	88 
2481	45 
2482	25 
2483	59 
2484	122 
2485	122 
2486	3 
2487	106 
2488	21 
2489	115 
2490	28 
2491	96 
2492	103 
2493	14 
2494	19 
2495	75 
2496	65 102 124 
2497	24 
2498	16 
2499	13 
2500	5 
2501	69 86 98 
2502	17 54 121 
2503	10 
2504	10 
2505	65 
2506	46 
2507	96 
2508	114 
2509	47 
2510	103 
2511	66 
2512	4 
2513	96 
2514	67 
2515	3 
2516	44 
2517	71 
2518	41 
2519	56 
2520	18 
2521	64 103 110 
2522	76 103 104 
2523	48 
2524	24 
2525	73 
2526	51 
2527	29 
2528	97 
2529	33 
2530	4 33 36 
2531	28 
2532	23 
2533	24 
2534	47 
2535	119 
2536	35 
2537	7 
2538	39 42 114 
2539	105 
2540	79 
2541	90 
2542	45 
2543	102 
2544	114 
2545	18 
2546	97 
2547	22 
2548	16 
2549	51 
2550	7 
2551	50 
2552	106 
2553	106 
2554	52 
2555	21 
2556	25 
2557	19 
2558	99 
2559	88 
2560	80 
2561	97 
2562	29 
2563	62 
2564	114 
2565	74 
2566	30 
2567	97 
2568	117 
2569	46 
2570	82 117 121 
2571	2 46 81 
2572	59 
2573	48 
2574	49 
2575	19 
2576	54 
2577	46 
2578	121 
2579	17 
2580	120 
2581	94 
2582	69 
2583	99 
2584	87 
2585	94 
2586	92 
2587	98 
2588	53 99 117 
2589	37 
2590	53 
2591	52 
2592	30 
2593	61 
2594	106 
2595	35 78 113 
2596	47 
2597	116 
2598	24 
2599	16 
2600	15 48 59 
2601	107 
2602	71 
2603	10 57 109 
2604	99 
2605	93 111 121 
2606	104 
2607	15 71 96 
2608	26 
2609	29 93 97 
2610	24 
2611	59 
2612	124 
2613	93 96 121 
2614	21 
2615	58 
2616	103 
2617	9 19 108 
2618	120 
2619	78 
2620	94 
2621	58 
2622	111 
2623	115 
2624	28 
2625	58 
2626	108 
2627	77 
2628	19 
2629	49 
2630	97 
2631	74 
2632	78 
2633	5 
2634	123 
2635	46 
2636	74 
2637	108 
2638	106 
2639	99 
2640	109 
2641	43 
2642	17 
2643	5 
2644	28 
2645	82 
2646	14 
2647	107 
2648	18 
2649	65 
2650	80 
2651	99 
2652	28 
2653	108 
2654	2 
2655	123 
2656	87 
2657	96 
2658	43 
2659	74 
2660	79 116 121 
2661	3 
2662	69 95 108 
2663	11 
2664	59 
2665	40 
2666	35 98 121 
2667	18 
2668	111 
2669	15 
2670	6 
2671	70 
2672	97 
2673	42 
2674	112 
2675	36 
2676	123 
2677	113 120 124 
2678	14 
2679	79 
2680	99 
2681	102 
2682	95 
2683	50 
2684	57 
2685	65 
2686	100 
2687	40 
2688	54 
2689	36 
2690	123 
2691	47 93 106 
2692	14 
2693	96 
2694	63 81 101 
2695	58 
2696	45 
2697	111 
2698	33 
2699	12 
2700	14 75 120 
2701	48 63 79 
2702	59 
2703	25 
2704	22 25 63 
2705	68 
2706	114 
2707	27 
2708	51 
2709	91 
2710	123 
2711	55 
2712	29 
2713	118 
2714	49 
2715	112 
2716	35 
2717	1 
2718	102 
2719	28 
2720	9 
2721	75 
2722	19 20 68 
2723	93 
2724	26 
2725	93 
2726	48 
2727	114 
2728	120 
2729	80 
2730	73 
2731	88 
2732	104 
2733	60 
2734	19 
2735	81 
2736	67 
2737	59 
2738	109 
2739	124 
2740	49 
2741	111 
2742	106 
2743	40 
2744	51 
2745	75 
2746	26 
2747	96 
2748	53 
2749	3 80 120 
2750	11 
2751	93 
2752	35 
2753	77 
2754	7 46 106 
2755	3 80 90 
2756	67 72 104 
2757	13 
2758	16 68 106 
2759	53 
2760	65 
2761	51 
2762	72 79 107 
2763	95 
2764	62 
2765	88 
2766	35 47 75 
2767	22 32 113 
2768	73 
2769	34 
2770	74 
2771	72 
2772	110 
2773	37 
2774	75 
2775	12 38 114 
2776	64 
2777	20 
2778	37 
2779	19 
2780	62 
2781	33 
2782	23 
2783	22 
2784	100 
2785	60 
2786	96 
2787	7 
2788	3 
2789	3 
2790	92 
2791	56 63 122 
2792	116 
2793	114 
2794	9 
2795	87 
2796	68 
2797	70 
2798	49 
2799	53 80 123 
2800	76 96 97 
2801	26 36 73 
2802	28 
2803	40 
2804	114 
2805	99 
2806	38 
2807	43 
2808	2 
2809	107 
2810	38 
2811	112 
2812	35 
2813	59 
2814	50 
2815	29 95 96 
2816	96 104 112 
2817	49 
2818	107 
2819	35 53 118 
2820	106 
2821	8 
2822	15 
2823	27 32 85 
2824	57 79 96 
2825	58 
2826	42 
2827	109 
2828	55 
2829	94 
2830	73 
2831	51 66 75 
2832	96 
2833	29 
2834	98 
2835	59 
2836	84 
2837	91 
2838	63 
2839	60 
2840	58 
2841	25 42 56 
2842	24 
2843	82 
2844	59 
2845	24 
2846	88 
2847	63 
2848	35 
2849	93 
2850	54 
2851	45 
2852	22 73 97 
2853	19 
2854	36 
2855	122 
2856	57 
2857	15 
2858	108 
2859	63 
2860	25 
2861	19 56 72 
2862	123 
2863	77 
2864	115 
2865	109 
2866	52 
2867	36 59 108 
2868	9 
2869	67 
2870	49 
2871	39 
2872	108 
2873	75 
2874	122 
2875	49 
2876	56 
2877	2 
2878	45 59 77 
2879	56 109 111 
2880	19 24 35 
2881	6 
2882	19 
2883	35 
2884	54 
2885	96 
2886	89 
2887	39 79 82 
2888	6 
2889	109 
2890	96 
2891	47 
2892	51 
2893	3 
2894	102 
2895	90 
2896	48 
2897	75 
2898	46 
2899	43 
2900	59 
2901	23 26 90 
2902	95 
2903	67 
2904	26 
2905	96 
2906	73 
2907	35 
2908	114 
2909	106 
2910	18 
2911	3 
2912	16 
2913	80 
2914	97 
2915	26 
2916	70 
2917	121 
2918	49 
2919	75 
2920	121 
2921	99 
2922	90 
2923	34 
2924	34 37 58 
2925	67 
2926	47 
2927	71 109 121 
2928	64 
2929	68 
2930	41 
2931	96 
2932	20 
2933	115 
2934	36 
2935	15 
2936	50 
2937	61 
2938	98 
2939	99 
2940	17 
2941	13 
2942	17 72 89 
2943	10 
2944	28 
2945	94 
2946	43 
2947	108 
2948	36 
2949	22 
2950	54 58 65 
2951	14 
2952	2 
2953	27 
2954	62 
2955	58 
2956	23 
2957	34 
2958	28 
2959	95 
2960	39 
2961	17 
2962	18 
2963	101 
2964	62 
2965	3 14 33 
2966	19 
2967	123 
2968	32 
2969	25 
2970	70 
2971	41 
2972	66 
2973	13 48 108 
2974	31 
2975	93 
2976	112 
2977	68 
2978	59 
2979	11 
2980	48 
2981	49 
2982	108 
2983	120 
2984	23 
2985	55 
2986	96 
2987	26 74 97 
2988	30 
2989	63 
2990	94 
2991	34 
2992	79 
2993	22 
2994	4 71 87 
2995	88 
2996	82 
2997	52 
2998	11 
2999	107 
3000	49 
3001	9 
3002	96 
3003	118 
3004	91 
3005	88 
3006	90 
3007	25 
3008	109 
3009	15 
3010	59 
3011	109 
3012	54 
3013	112 
3014	3 34 75 
3015	49 
3016	59 
3017	18 
3018	17 
3019	63 
3020	42 
3021	45 
3022	99 
3023	121 
3024	74 
3025	3 
3026	4 
3027	105 
3028	100 
3029	60 
3030	23 
3031	45 
3032	36 44 46 
3033	117 
3034	86 
3035	110 
3036	36 
3037	86 99 114 
3038	21 
3039	74 
3040	19 
3041	75 
3042	116 
3043	31 
3044	102 
3045	104 
3046	18 71 94 
3047	40 
3048	87 
3049	103 
3050	5 
3051	19 
3052	109 112 121 
3053	93 
3054	57 
3055	101 
3056	81 
3057	93 
3058	68 
3059	51 
3060	70 
3061	112 
3062	72 
3063	12 
3064	115 
3065	98 
3066	51 
3067	120 
3068	20 106 115 
3069	100 
3070	10 
3071	111 
3072	37 
3073	110 
3074	65 
3075	53 
3076	3 
3077	83 
3078	78 
3079	49 
3080	76 
3081	83 
3082	7 37 123 
3083	61 
3084	63 
3085	68 
3086	21 
3087	15 97 99 
3088	19 
3089	19 29 31 
3090	107 
3091	35 
3092	75 
3093	18 
3094	68 
3095	100 
3096	40 
3097	58 
3098	45 
3099	49 
3100	111 
3101	77 
3102	67 
3103	12 
3104	74 
3105	73 
3106	23 
3107	105 
3108	39 
3109	54 
3110	65 
3111	85 
3112	76 
3113	24 
3114	115 
3115	44 
3116	11 36 63 
3117	15 
3118	47 
3119	75 
3120	118 
3121	74 103 110 
3122	73 109 112 
3123	17 
3124	71 
3125	51 
3126	44 83 84 
3127	6 
3128	98 
3129	36 
3130	32 
3131	26 
3132	72 
3133	47 
3134	108 
3135	123 
3136	107 
3137	68 
3138	86 
3139	54 
3140	93 
3141	8 
3142	77 
3143	17 
3144	95 
3145	94 
3146	58 
3147	75 
3148	26 
3149	90 
3150	55 
3151	74 
3152	28 
3153	51 
3154	26 
3155	85 
3156	28 53 61 
3157	123 
3158	98 
3159	51 
3160	75 
3161	81 
3162	28 
3163	59 98 105 
3164	97 
3165	80 
3166	7 
3167	58 
3168	9 
3169	121 
3170	104 
3171	2 
3172	42 
3173	56 
3174	86 
3175	14 74 85 
3176	121 
3177	48 
3178	83 
3179	37 116 123 
3180	86 
3181	49 64 113 
3182	99 
3183	28 
3184	36 
3185	99 
3186	40 
3187	99 
3188	42 88 108 
3189	2 
3190	74 
3191	55 
3192	34 
3193	116 
3194	45 
3195	122 
3196	80 
3197	87 
3198	80 
3199	85 
3200	26 
3201	10 
3202	15 
3203	65 
3204	41 
3205	32 
3206	59 
3207	98 
3208	29 
3209	28 
3210	73 
3211	112 
3212	103 
3213	26 
3214	109 
3215	86 
3216	15 
3217	61 73 117 
3218	14 
3219	88 
3220	19 28 84 
3221	85 
3222	11 
3223	53 110 114 
3224	65 
3225	86 
3226	64 
3227	9 
3228	36 
3229	114 
3230	85 
3231	26 
3232	43 
3233	111 
3234	52 
3235	45 
3236	77 
3237	27 
3238	28 
3239	124 
3240	42 
3241	95 
3242	2 
3243	118 
3244	79 
3245	16 19 64 
3246	98 
3247	37 
3248	54 
3249	30 55 101 
3250	118 
3251	19 
3252	50 112 115 
3253	15 
3254	30 
3255	38 
3256	71 
3257	70 
3258	76 
3259	94 
3260	107 
3261	110 
3262	87 
3263	106 
3264	113 
3265	102 
3266	11 
3267	117 
3268	73 
3269	101 
3270	59 
3271	119 
3272	51 
3273	57 
3274	46 
3275	56 
3276	94 
3277	36 41 98 
3278	97 
3279	20 
3280	30 
3281	105 
3282	79 
3283	109 
3284	28 
3285	17 36 94 
3286	37 
3287	49 
3288	82 
3289	82 
3290	8 
3291	72 
3292	96 111 121 
3293	14 24 73 
3294	10 21 28 
3295	48 
3296	26 
3297	60 
3298	32 
3299	30 
3300	65 
3301	85 
3302	71 
3303	52 
3304	69 
3305	111 
3306	89 
3307	106 
3308	46 
3309	3 
3310	119 
3311	79 
3312	115 
3313	3 
3314	37 
3315	113 
3316	97 
3317	39 
3318	101 
3319	84 
3320	91 
3321	46 
3322	98 
3323	46 
3324	8 94 124 
3325	99 
3326	23 
3327	35 
3328	6 
3329	46 
3330	74 
3331	3 
3332	70 98 121 
3333	1 23 57 
3334	34 
3335	82 
3336	90 
3337	19 
3338	107 
3339	116 
3340	69 
3341	24 
3342	68 
3343	62 
3344	108 
3345	31 
3346	59 
3347	87 
3348	54 
3349	15 
3350	20 
3351	79 
3352	75 
3353	62 
3354	31 
3355	36 
3356	70 
3357	33 
3358	73 100 105 
3359	103 
3360	56 
3361	124 
3362	85 
3363	75 
3364	30 
3365	53 
3366	70 
3367	13 73 93 
3368	70 
3369	19 
3370	95 
3371	71 92 96 
3372	19 
3373	54 
3374	124 
3375	43 
3376	124 
3377	31 
3378	110 
3379	108 
3380	109 
3381	73 
3382	64 
3383	10 
3384	52 
3385	77 
3386	51 85 110 
3387	40 
3388	110 
3389	111 
3390	65 
3391	39 
3392	89 
3393	42 
3394	14 
3395	97 
3396	107 
3397	28 
3398	66 
3399	37 
3400	10 14 19 
3401	83 
3402	42 
3403	2 
3404	124 
3405	42 
3406	123 
3407	45 106 113 
3408	124 
3409	34 53 58 
3410	37 
3411	9 
3412	48 61 88 
3413	24 
3414	88 99 108 
3415	28 
3416	8 71 73 
3417	103 
3418	116 
3419	101 
3420	69 
3421	104 
3422	113 
3423	58 
3424	3 
3425	70 
3426	97 
3427	61 
3428	94 
3429	25 
3430	116 
3431	65 
3432	118 
3433	44 82 120 
3434	114 
3435	114 
3436	59 
3437	36 
3438	94 
3439	30 
3440	9 
3441	112 
3442	115 
3443	24 
3444	31 
3445	14 
3446	32 
3447	121 
3448	109 
3449	14 
3450	10 
3451	44 58 95 
3452	22 
3453	95 
3454	23 
3455	92 
3456	14 
3457	93 
3458	18 99 111 
3459	63 
3460	26 
3461	70 
3462	118 
3463	5 62 121 
3464	86 
3465	56 
3466	41 
3467	33 
3468	119 
3469	94 
3470	51 
3471	9 74 75 
3472	117 
3473	49 
3474	54 
3475	45 
3476	1 
3477	41 
3478	15 
3479	34 
3480	50 
3481	49 
3482	102 
3483	18 
3484	23 
3485	20 
3486	99 
3487	35 
3488	39 58 75 
3489	98 
3490	93 
3491	119 
3492	67 
3493	59 
3494	74 
3495	3 26 99 
3496	3 
3497	24 32 54 
3498	2 
3499	96 
3500	66 
3501	3 
3502	69 
3503	45 
3504	29 
3505	25 74 96 
3506	54 
3507	116 
3508	81 
3509	31 
3510	96 
3511	40 
3512	31 43 99 
3513	89 
3514	111 
3515	63 
3516	26 75 108 
3517	120 
3518	72 
3519	10 
3520	24 
3521	89 
3522	26 45 76 
3523	24 
3524	70 
3525	6 
3526	75 
3527	14 
3528	119 
3529	101 
3530	26 
3531	23 
3532	63 
3533	54 
3534	28 
3535	62 
3536	92 
3537	52 
3538	34 
3539	97 
3540	113 
3541	124 
3542	26 
3543	14 49 108 
3544	96 
3545	23 38 121 
3546	118 
3547	36 
3548	79 
3549	84 
3550	10 
3551	114 
3552	4 
3553	26 
3554	25 
3555	20 
3556	25 
3557	40 64 67 
3558	63 
3559	54 
3560	15 
3561	14 
3562	19 
3563	15 
3564	52 
3565	15 
3566	56 
3567	54 
3568	109 
3569	26 79 96 
3570	10 
3571	36 
3572	54 57 103 
3573	3 
3574	26 31 71 
3575	27 
3576	32 
3577	3 20 36 
3578	115 
3579	53 
3580	111 
3581	19 26 31 
3582	3 
3583	8 118 119 
3584	100 
3585	91 
3586	79 
3587	37 
3588	17 
3589	44 
3590	84 
3591	35 
3592	56 
3593	106 
3594	121 
3595	13 
3596	123 
3597	1 
3598	98 
3599	56 
3600	42 
3601	97 
3602	51 
3603	3 33 58 
3604	109 
3605	15 
3606	80 
3607	71 
3608	121 
3609	33 
3610	105 
3611	10 
3612	48 
3613	65 
3614	96 
3615	64 
3616	54 
3617	86 
3618	48 
3619	24 39 69 
3620	77 
3621	47 
3622	67 
3623	3 
3624	19 30 99 
3625	101 
3626	69 
3627	6 
3628	44 
3629	30 
3630	69 
3631	5 36 114 
3632	1 
3633	70 
3634	48 70 75 
3635	35 
3636	37 97 109 
3637	15 
3638	24 
3639	28 
3640	5 32 37 
3641	59 
3642	38 
3643	48 
3644	58 
3645	9 
3646	38 
3647	1 
3648	89 
3649	73 
3650	25 
3651	123 
3652	46 
3653	110 
3654	39 
3655	44 
3656	60 
3657	108 
3658	8 
3659	100 
3660	33 
3661	124 
3662	3 
3663	17 
3664	108 
3665	28 
3666	35 
3667	103 
3668	69 
3669	18 55 119 
3670	118 
3671	101 
3672	59 
3673	24 48 101 
3674	94 
3675	53 
3676	105 
3677	47 
3678	54 
3679	76 
3680	7 
3681	56 
3682	73 
3683	115 
3684	26 
3685	31 
3686	79 
3687	111 
3688	80 
3689	24 28 93 
3690	40 
3691	2 
3692	37 
3693	28 
3694	91 
3695	105 
3696	49 
3697	71 
3698	31 
3699	44 
3700	13 
3701	33 39 59 
3702	108 
3703	24 
3704	83 
3705	38 
3706	24 57 98 
3707	71 
3708	71 
3709	58 67 114 
3710	10 
3711	108 
3712	54 58 124 
3713	27 
3714	116 
3715	44 100 104 
3716	97 
3717	33 
3718	3 21 75 
3719	1 
3720	26 
3721	58 
3722	61 
3723	44 
3724	2 
3725	91 
3726	58 
3727	74 
3728	42 
3729	65 
3730	103 
3731	25 
3732	25 
3733	10 
3734	7 
3735	115 
3736	121 
3737	26 
3738	92 
3739	54 
3740	91 
3741	97 
3742	9 
3743	55 
3744	116 
3745	58 
3746	26 
3747	41 
3748	58 
3749	65 
3750	79 
3751	3 
3752	109 
3753	98 
3754	121 
3755	24 
3756	72 
3757	20 
3758	45 73 108 
3759	120 
3760	82 
3761	121 
3762	37 
3763	124 
3764	98 
3765	44 
3766	58 
3767	15 
3768	20 
3769	18 
3770	102 
3771	37 
3772	123 
3773	87 
3774	111 
3775	28 34 111 
3776	57 
3777	90 
3778	44 
3779	80 
3780	99 
3781	86 
3782	46 
3783	80 
3784	73 
3785	123 
3786	83 99 106 
3787	97 
3788	22 
3789	77 
3790	107 
3791	26 
3792	25 
3793	94 
3794	54 
3795	74 
3796	93 
3797	34 
3798	111 
3799	12 
3800	79 
3801	20 
3802	51 108 118 
3803	74 
3804	36 
3805	110 
3806	47 
3807	28 
3808	38 
3809	16 
3810	40 
3811	108 
3812	94 
3813	23 
3814	23 
3815	106 
3816	102 
3817	104 
3818	49 
3819	14 
3820	19 
3821	19 
3822	37 
3823	2 
3824	37 
3825	99 
3826	98 
3827	68 
3828	88 
3829	75 
3830	63 
3831	86 
3832	98 
3833	108 
3834	101 
3835	71 
3836	35 
3837	102 
3838	106 
3839	94 
3840	70 
3841	105 
3842	18 35 50 
3843	5 
3844	28 
3845	40 
3846	74 
3847	23 
3848	36 
3849	27 
3850	67 
3851	28 
3852	10 
3853	23 
3854	9 
3855	94 
3856	17 
3857	103 
3858	80 
3859	53 92 100 
3860	31 
3861	118 
3862	60 
3863	58 
3864	96 
3865	45 
3866	30 
3867	86 
3868	40 58 124 
3869	109 
3870	106 
3871	8 
3872	104 
3873	22 
3874	63 
3875	19 
3876	74 
3877	14 
3878	74 
3879	81 
3880	114 
3881	31 
3882	7 114 124 
3883	14 43 95 
3884	86 
3885	26 
3886	15 
3887	87 
3888	91 
3889	4 24 110 
3890	114 
3891	63 
3892	29 98 106 
3893	31 
3894	8 22 75 
3895	15 
3896	66 
3897	18 
3898	121 
3899	70 
3900	94 
3901	60 
3902	3 
3903	54 
3904	81 
3905	63 74 94 
3906	104 
3907	59 
3908	47 
3909	110 
3910	28 
3911	99 
3912	63 
3913	99 
3914	111 
3915	120 
3916	104 
3917	87 
3918	41 
3919	84 
3920	28 
3921	48 
3922	31 97 111 
3923	17 68 110 
3924	36 
3925	37 48 119 
3926	6 
3927	37 
3928	97 
3929	22 
3930	4 
3931	37 94 96 
3932	75 
3933	54 
3934	55 
3935	113 
3936	123 
3937	97 
3938	50 
3939	43 
3940	41 
3941	20 
3942	24 
3943	25 
3944	97 
3945	66 76 108 
3946	69 74 111 
3947	77 
3948	117 
3949	71 
3950	49 
3951	56 
3952	107 
3953	117 
3954	69 
3955	107 
3956	113 
3957	56 
3958	95 
3959	121 
3960	42 
3961	34 
3962	40 
3963	91 
3964	25 
3965	106 
3966	99 
3967	124 
3968	114 
3969	110 
3970	29 
3971	5 
3972	71 
3973	44 
3974	85 
3975	65 
3976	103 
3977	42 
3978	66 
3979	31 
3980	72 
3981	82 
3982	109 
3983	62 
3984	12 
3985	108 
3986	114 
3987	69 
3988	27 
3989	15 
3990	39 
3991	87 
3992	97 
3993	112 
3994	99 
3995	85 
3996	6 
3997	82 
3998	124 
3999	119 
4000	104 
4001	10 54 97 
4002	31 
4003	110 
4004	28 
4005	20 
4006	74 
4007	83 
4008	36 
4009	74 
4010	94 
4011	3 23 48 
4012	45 
4013	46 103 111 
4014	9 
4015	72 
4016	113 
4017	115 
4018	117 
4019	28 
4020	109 
4021	44 
4022	47 
4023	94 
4024	58 
4025	121 
4026	25 93 123 
4027	108 
4028	58 
4029	19 
4030	28 
4031	35 
4032	18 
4033	39 
4034	56 
4035	121 
4036	2 
4037	110 
4038	112 
4039	108 
4040	20 46 88 
4041	26 
4042	64 107 118 
4043	2 
4044	111 
4045	84 
4046	43 
4047	20 
4048	50 
4049	81 
4050	47 
4051	33 
4052	15 30 74 
4053	51 
4054	67 
4055	48 
4056	115 
4057	79 
4058	49 
4059	95 
4060	27 
4061	39 
4062	101 
4063	94 
4064	49 
4065	69 
4066	47 
4067	1 
4068	88 
4069	75 
4070	89 
4071	3 
4072	14 
4073	55 
4074	29 
4075	46 
4076	41 
4077	98 
4078	4 
4079	50 
4080	45 
4081	65 
4082	64 
4083	37 86 121 
4084	49 94 98 
4085	30 
4086	40 
4087	74 
4088	111 
4089	35 
4090	60 
4091	47 
4092	82 
4093	56 
4094	18 
4095	83 
4096	120 
4097	108 
4098	58 
4099	84 
4100	48 
4101	10 
4102	91 97 116 
4103	97 
4104	3 
4105	35 
4106	89 
4107	51 
4108	58 
4109	87 
4110	71 
4111	35 
4112	36 
4113	98 
4114	5 
4115	104 
4116	109 
4117	12 50 60 
4118	57 
4119	5 
4120	30 47 73 
4121	2 
4122	8 
4123	75 
4124	73 
4125	53 
4126	15 
4127	29 50 112 
4128	59 
4129	106 
4130	45 
4131	19 
4132	44 
4133	121 
4134	54 
4135	97 
4136	26 
4137	48 
4138	22 
4139	37 
4140	80 
4141	44 
4142	79 
4143	3 
4144	30 
4145	63 
4146	111 
4147	39 51 71 
4148	71 
4149	77 
4150	54 96 106 
4151	114 
4152	92 
4153	101 
4154	112 
4155	66 
4156	56 
4157	15 41 120 
4158	2 
4159	54 
4160	66 
4161	111 
4162	54 
4163	112 
4164	68 
4165	64 
4166	88 
4167	120 
4168	37 
4169	108 
4170	49 
4171	45 
4172	8 
4173	121 
4174	34 
4175	85 
4176	59 
4177	106 
4178	89 
4179	15 54 103 
4180	69 
4181	13 
4182	112 
4183	54 
4184	87 95 107 
4185	24 
4186	15 
4187	111 
4188	35 
4189	89 
4190	115 
4191	28 
4192	8 35 104 
4193	42 
4194	26 
4195	86 
4196	45 
4197	45 
4198	2 
4199	23 
4200	103 
4201	71 
4202	79 
4203	97 
4204	28 
4205	4 
4206	124 
4207	44 
4208	2 74 113 
4209	118 
4210	58 61 112 
4211	42 
4212	79 
4213	101 
4214	56 
4215	118 
4216	23 
4217	110 
4218	50 
4219	73 
4220	106 
4221	35 
4222	79 
4223	63 
4224	10 17 124 
4225	74 
4226	58 
4227	9 
4228	113 
4229	83 
4230	121 
4231	8 
4232	10 
4233	63 
4234	51 
4235	112 
4236	124 
4237	31 
4238	91 
4239	67 
4240	71 96 111 
4241	74 
4242	88 
4243	91 
4244	88 
4245	88 
4246	3 
4247	68 
4248	28 
4249	24 35 69 
4250	1 
4251	37 
4252	81 
4253	28 
4254	31 
4255	84 
4256	96 
4257	65 
4258	57 
4259	26 
4260	58 
4261	112 
4262	111 
4263	59 70 124 
4264	75 
4265	46 
4266	106 
4267	45 
4268	29 34 112 
4269	3 
4270	111 
4271	14 
4272	28 
4273	121 
4274	19 
4275	5 
4276	51 
4277	80 
4278	23 58 94 
4279	15 
4280	54 
4281	111 
4282	68 
4283	115 
4284	33 
4285	124 
4286	109 
4287	24 
4288	24 
4289	98 
4290	12 
4291	88 
4292	13 17 24 
4293	101 
4294	88 
4295	65 
4296	43 
4297	37 
4298	75 
4299	79 
4300	124 
4301	1 
4302	77 
4303	25 
4304	18 
4305	51 
4306	108 
4307	17 29 85 
4308	96 
4309	17 
4310	58 
4311	12 
4312	124 
4313	108 
4314	97 
4315	12 54 106 
4316	84 
4317	35 
4318	3 
4319	31 
4320	40 
4321	31 
4322	2 
4323	110 
4324	68 
4325	17 
4326	121 
4327	81 
4328	81 
4329	26 36 74 
4330	75 
4331	24 
4332	71 98 107 
4333	52 
4334	9 
4335	99 
4336	35 
4337	73 
4338	121 
4339	37 
4340	41 
4341	69 
4342	109 
4343	24 
4344	85 
4345	69 
4346	3 
4347	75 
4348	103 
4349	3 
4350	65 
4351	44 
4352	10 
4353	41 
4354	47 
4355	109 
4356	24 56 106 
4357	53 
4358	2 
4359	36 
4360	120 
4361	118 
4362	35 
4363	39 
4364	35 
4365	9 
4366	115 
4367	35 
4368	49 63 97 
4369	109 
4370	41 
4371	75 
4372	2 
4373	77 
4374	65 
4375	48 
4376	14 
4377	13 
4378	112 
4379	34 44 76 
4380	72 
4381	48 
4382	73 
4383	44 
4384	52 
4385	9 
4386	108 
4387	84 
4388	56 
4389	96 
4390	49 106 124 
4391	36 97 115 
4392	86 
4393	124 
4394	44 
4395	45 
4396	30 
4397	37 
4398	28 
4399	8 
4400	81 
4401	115 
4402	2 
4403	47 
4404	10 
4405	14 
4406	28 
4407	98 
4408	83 
4409	71 
4410	36 
4411	36 
4412	72 
4413	41 
4414	75 
4415	43 
4416	18 
4417	10 
4418	106 
4419	47 
4420	68 
4421	120 
4422	19 
4423	86 
4424	49 
4425	75 
4426	97 
4427	63 
4428	96 
4429	98 
4430	18 73 97 
4431	73 
4432	73 
4433	19 
4434	2 
4435	67 
4436	73 
4437	94 
4438	91 
4439	41 
4440	35 49 122 
4441	12 
4442	104 
4443	83 
4444	58 
4445	55 69 100 
4446	103 
4447	19 77 120 
4448	109 
4449	79 
4450	59 
4451	12 
4452	94 
4453	9 
4454	28 39 101 
4455	75 
4456	19 
4457	18 
4458	47 
4459	52 
4460	23 45 81 
4461	124 
4462	46 69 109 
4463	44 
4464	8 
4465	31 
4466	96 
4467	44 
4468	15 
4469	1 
4470	98 
4471	83 
4472	50 
4473	31 
4474	14 48 108 
4475	39 
4476	91 94 96 
4477	14 
4478	20 
4479	50 
4480	5 
4481	95 
4482	1 
4483	63 
4484	63 
4485	73 
4486	112 
4487	73 
4488	29 
4489	10 
4490	68 
4491	19 
4492	58 
4493	67 
4494	118 
4495	37 
4496	5 
4497	96 
4498	84 
4499	35 
4500	106 
4501	40 
4502	23 
4503	17 
4504	97 
4505	75 
4506	94 
4507	9 
4508	73 
4509	30 
4510	77 
4511	96 
4512	31 
4513	19 
4514	43 
4515	17 
4516	75 
4517	18 
4518	74 
4519	110 
4520	52 
4521	79 
4522	97 
4523	88 
4524	51 
4525	3 
4526	106 
4527	82 
4528	2 
4529	10 36 56 
4530	5 34 79 
4531	83 
4532	73 
4533	84 
4534	69 
4535	35 
4536	111 
4537	54 61 74 
4538	24 
4539	25 
4540	24 
4541	50 70 99 
4542	115 
4543	53 
4544	3 
4545	118 
4546	99 
4547	36 
4548	115 
4549	19 
4550	19 
4551	69 
4552	17 45 82 
4553	26 
4554	13 
4555	5 
4556	106 
4557	26 
4558	58 
4559	54 
4560	54 
4561	95 
4562	67 
4563	16 55 94 
4564	43 
4565	70 
4566	124 
4567	31 
4568	13 
4569	112 
4570	19 23 104 
4571	23 
4572	1 
4573	26 
4574	73 
4575	41 69 122 
4576	121 
4577	77 
4578	50 71 79 
4579	34 
4580	35 
4581	3 
4582	71 
4583	95 
4584	17 
4585	19 
4586	56 
4587	104 
4588	3 
4589	24 
4590	1 
4591	91 
4592	35 
4593	45 
4594	18 103 109 
4595	52 59 99 
4596	23 
4597	97 
4598	15 
4599	77 
4600	17 
4601	35 
4602	19 
4603	5 
4604	97 
4605	26 
4606	47 
4607	112 
4608	98 
4609	123 
4610	3 
4611	73 
4612	26 
4613	30 
4614	47 
4615	99 
4616	86 
4617	20 
4618	31 
4619	51 71 74 
4620	69 84 114 
4621	43 
4622	28 47 73 
4623	12 
4624	52 
4625	106 
4626	114 
4627	37 
4628	108 
4629	83 
4630	54 
4631	96 
4632	97 
4633	72 91 124 
4634	104 
4635	15 
4636	1 
4637	31 
4638	26 86 97 
4639	56 
4640	58 
4641	6 26 73 
4642	26 
4643	75 
4644	121 
4645	23 64 65 
4646	97 
4647	58 
4648	27 28 46 
4649	46 
4650	38 84 110 
4651	106 
4652	104 
4653	5 33 71 
4654	14 
4655	3 
4656	53 
4657	18 
4658	35 
4659	75 
4660	121 
4661	110 
4662	45 
4663	43 
4664	58 
4665	28 
4666	115 
4667	1 
4668	103 
4669	97 
4670	79 
4671	109 
4672	115 
4673	56 
4674	123 
4675	82 
4676	46 52 118 
4677	35 
4678	24 
4679	45 
4680	73 
4681	30 
4682	25 111 123 
4683	46 76 114 
4684	80 
4685	28 
4686	67 
4687	17 
4688	48 
4689	45 
4690	111 
4691	71 
4692	31 35 43 
4693	86 
4694	121 
4695	60 66 77 
4696	86 
4697	114 
4698	111 
4699	96 
4700	37 
4701	44 
4702	36 
4703	59 
4704	99 
4705	63 
4706	31 59 80 
4707	58 
4708	10 
4709	53 
4710	86 
4711	109 
4712	19 
4713	67 
4714	74 
4715	83 
4716	1 
4717	106 
4718	79 
4719	74 
4720	121 
4721	73 
4722	24 
4723	54 
4724	99 
4725	73 
4726	37 
4727	5 
4728	35 
4729	94 
4730	77 
4731	7 27 102 
4732	58 
4733	104 
4734	10 
4735	65 
4736	59 
4737	37 
4738	59 
4739	54 
4740	70 
4741	3 
4742	12 114 123 
4743	14 
4744	51 
4745	45 
4746	103 
4747	37 
4748	71 
4749	71 
4750	103 
4751	1 
4752	73 
4753	114 
4754	73 
4755	35 
4756	5 
4757	73 86 104 
4758	54 
4759	56 
4760	108 
4761	98 
4762	108 
4763	59 
4764	54 
4765	31 74 81 
4766	36 
4767	72 
4768	114 
4769	79 
4770	75 
4771	13 
4772	47 
4773	94 
4774	54 115 121 
4775	49 
4776	69 
4777	36 
4778	72 
4779	21 70 74 
4780	18 
4781	34 
4782	82 
4783	3 
4784	58 
4785	45 
4786	121 
4787	93 103 111 
4788	75 
4789	65 
4790	14 
4791	48 
4792	74 
4793	23 58 60 
4794	106 
4795	58 78 86 
4796	68 99 104 
4797	54 
4798	3 
4799	35 
4800	118 
4801	69 
4802	13 
4803	28 
4804	94 
4805	67 
4806	67 
4807	99 
4808	58 
4809	26 
4810	1 13 37 
4811	56 
4812	23 67 94 
4813	13 
4814	115 
4815	79 
4816	70 
4817	71 
4818	73 
4819	28 
4820	111 
4821	36 95 108 
4822	37 
4823	26 
4824	24 
4825	20 
4826	1 
4827	28 82 84 
4828	37 
4829	69 
4830	114 
4831	67 
4832	80 
4833	6 96 123 
4834	72 
4835	31 
4836	28 
4837	36 
4838	36 
4839	28 88 118 
4840	67 
4841	94 
4842	108 
4843	35 65 98 
4844	7 30 31 
4845	115 
4846	114 
4847	95 
4848	115 
4849	67 
4850	33 45 80 
4851	48 
4852	47 
4853	104 
4854	123 
4855	106 
4856	53 66 97 
4857	24 113 121 
4858	35 104 111 
4859	71 93 105 
4860	45 
4861	111 
4862	94 
4863	58 
4864	33 65 70 
4865	13 
4866	65 
4867	46 
4868	75 
4869	79 
4870	94 
4871	36 
4872	1 63 124 
4873	24 
4874	24 34 45 
4875	98 
4876	124 
4877	73 
4878	23 
4879	18 
4880	112 
4881	30 
4882	106 
4883	35 
4884	26 
4885	73 
4886	111 
4887	28 
4888	73 
4889	45 
4890	98 
4891	1 
4892	72 
4893	96 97 109 
4894	13 35 119 
4895	30 
4896	37 
4897	59 80 102 
4898	79 
4899	123 
4900	99 
4901	63 
4902	45 
4903	36 
4904	22 32 109 
4905	1 
4906	63 
4907	49 
4908	19 
4909	99 
4910	74 
4911	28 
4912	51 
4913	26 
4914	99 
4915	123 
4916	45 
4917	97 
4918	56 
4919	104 
4920	104 
4921	23 36 58 
4922	9 11 73 
4923	19 35 56 
4924	31 55 85 
4925	37 
4926	123 
4927	6 80 102 
4928	97 
4929	27 72 82 
4930	108 
4931	103 
4932	98 
4933	98 
4934	73 
4935	98 
4936	79 
4937	3 37 75 
4938	10 
4939	31 
4940	94 
4941	98 
4942	36 54 61 
4943	19 
4944	98 
4945	26 31 109 
4946	23 
4947	23 
4948	54 
4949	45 
4950	111 
4951	108 
4952	86 
4953	79 
4954	97 
4955	35 
4956	121 
4957	109 
4958	108 
4959	3 
4960	79 
4961	106 
4962	71 
4963	75 
4964	104 
4965	35 
4966	24 
4967	115 
4968	63 
4969	24 
4970	28 
4971	23 34 35 
4972	1 
4973	3 79 98 
4974	75 
4975	26 
4976	63 
4977	19 31 41 
4978	36 
4979	123 
4980	54 
4981	31 
4982	5 
4983	3 
4984	26 
4985	70 
4986	19 
4987	15 
4988	23 50 87 
4989	99 
4990	18 
4991	1 
4992	108 
4993	65 
4994	97 
4995	73 
4996	74 
4997	19 
4998	45 
4999	58 
5000	54 84 120 
