1	100 
2	154 
3	62 74 110 
4	120 123 130 
5	8 80 160 
6	40 74 180 
7	39 52 56 
8	177 
9	120 
10	5 183 185 
11	18 91 112 
12	153 
13	90 
14	137 
15	198 
16	190 
17	158 
18	124 
19	41 109 153 
20	5 26 188 
21	128 
22	41 84 94 
23	79 89 143 
24	8 
25	80 160 171 
26	11 50 78 
27	181 
28	49 74 157 
29	109 
30	37 110 138 
31	6 
32	37 189 195 
33	104 
34	152 158 195 
35	52 
36	102 106 107 
37	91 
38	72 84 170 
39	30 
40	68 74 106 
41	2 73 160 
42	71 120 144 
43	52 131 160 
44	44 
45	43 
46	132 
47	147 
48	197 
49	54 128 176 
50	21 27 44 
51	65 
52	23 31 56 
53	149 
54	39 56 95 
55	17 
56	39 65 152 
57	91 171 189 
58	12 47 91 
59	65 88 137 
60	132 
61	6 89 196 
62	92 148 150 
63	42 62 129 
64	59 61 161 
65	24 104 166 
66	16 
67	1 
68	38 168 186 
69	47 93 106 
70	147 156 165 
71	2 
72	1 164 189 
73	28 
74	33 
75	13 97 157 
76	17 
77	119 
78	51 69 167 
79	61 106 108 
80	37 68 103 
81	72 132 152 
82	159 
83	141 
84	77 119 131 
85	29 157 169 
86	75 171 198 
87	11 170 194 
88	131 
89	122 
90	148 
91	27 172 174 
92	86 95 180 
93	159 
94	110 
95	43 62 136 
96	115 
97	50 
98	54 
99	185 
100	76 93 134 
101	123 
102	48 
103	125 
104	116 134 186 
105	75 152 186 
106	113 
107	167 
108	194 
109	54 
110	40 138 152 
111	71 74 134 
112	145 
113	79 
114	152 
115	1 40 87 
116	165 
117	122 
118	165 
119	40 89 171 
120	92 
121	76 
122	39 122 134 
123	25 
124	20 141 186 
125	79 92 198 
126	116 184 197 
127	156 
128	147 
129	158 
130	32 
131	72 76 78 
132	102 
133	26 61 150 
134	53 63 125 
135	37 44 176 
136	158 197 198 
137	66 
138	3 80 153 
139	23 
140	94 122 134 
141	57 76 153 
142	16 68 124 
143	30 82 128 
144	150 
145	59 
146	119 
147	56 150 162 
148	68 121 140 
149	56 110 128 
150	41 
151	147 152 158 
152	38 
153	41 62 70 
154	121 144 166 
155	131 
156	77 
157	48 
158	1 65 163 
159	98 
160	122 
161	46 52 154 
162	37 60 197 
163	82 
164	41 
165	108 146 180 
166	88 
167	145 
168	56 
169	79 106 110 
170	159 
171	59 112 191 
172	51 121 166 
173	61 
174	58 134 137 
175	82 
176	51 
177	138 
178	177 
179	31 70 103 
180	161 
181	47 176 183 
182	10 33 81 
183	2 52 155 
184	21 82 151 
185	6 
186	85 108 116 
187	73 137 162 
188	124 137 139 
189	45 
190	163 
191	94 
192	147 150 186 
193	14 104 131 
194	62 94 150 
195	74 110 197 
196	55 
197	156 
198	138 
199	62 144 165 
200	6 40 123 
201	163 
202	12 121 186 
203	82 
204	179 
205	29 
206	77 123 183 
207	47 51 94 
208	12 162 166 
209	52 
210	37 123 166 
211	180 
212	110 
213	121 124 141 
214	110 
215	139 173 188 
216	48 
217	41 
218	2 99 168 
219	117 
220	169 
221	15 
222	14 
223	29 
224	182 
225	51 
226	25 123 169 
227	106 
228	61 108 173 
229	152 
230	19 34 63 
231	14 47 148 
232	180 
233	62 154 185 
234	11 
235	123 
236	1 
237	123 
238	12 
239	104 152 158 
240	67 134 154 
241	48 
242	35 
243	105 
244	26 
245	78 135 137 
246	116 135 171 
247	93 
248	72 82 94 
249	25 
250	30 
251	171 
252	124 185 198 
253	93 150 156 
254	197 
255	4 35 181 
256	2 
257	188 
258	24 125 158 
259	27 137 154 
260	48 
261	69 72 119 
262	134 141 187 
263	52 55 145 
264	142 
265	76 163 181 
266	49 
267	45 
268	12 142 191 
269	102 
270	163 
271	51 
272	57 
273	77 
274	96 116 172 
275	68 
276	78 121 129 
277	110 152 160 
278	110 134 183 
279	3 9 43 
280	160 
281	24 
282	30 42 138 
283	158 
284	1 
285	49 
286	38 44 186 
287	21 25 125 
288	61 
289	23 77 79 
290	127 
291	147 
292	147 
293	185 
294	85 
295	85 
296	44 67 170 
297	171 
298	137 
299	1 128 148 
300	128 
301	111 
302	82 116 128 
303	43 60 155 
304	68 129 148 
305	157 
306	129 
307	2 63 74 
308	19 186 189 
309	64 133 184 
310	66 
311	69 171 194 
312	6 30 73 
313	51 79 90 
314	62 164 194 
315	62 81 150 
316	64 
317	127 
318	116 143 147 
319	62 121 162 
320	14 
321	4 93 169 
322	147 
323	98 
324	180 
325	30 112 158 
326	14 
327	17 
328	62 109 165 
329	45 
330	67 121 194 
331	2 56 123 
332	137 178 197 
333	69 101 131 
334	198 
335	29 76 180 
336	4 6 92 
337	81 
338	30 88 124 
339	174 
340	2 92 164 
341	122 187 198 
342	41 106 137 
343	118 
344	76 177 192 
345	74 89 186 
346	34 46 171 
347	78 
348	137 157 177 
349	177 181 189 
350	83 158 171 
351	154 
352	143 
353	22 
354	32 
355	79 
356	74 110 180 
357	36 121 159 
358	146 
359	163 
360	8 95 195 
361	110 
362	27 
363	120 
364	6 108 134 
365	55 79 156 
366	31 62 99 
367	172 
368	65 87 106 
369	56 62 77 
370	195 
371	183 
372	78 
373	43 139 190 
374	56 74 176 
375	76 
376	190 
377	78 
378	82 106 122 
379	120 
380	157 
381	21 
382	16 
383	107 
384	2 95 106 
385	5 90 146 
386	152 
387	80 166 187 
388	108 134 183 
389	61 88 134 
390	70 124 168 
391	2 46 121 
392	173 
393	105 
394	2 68 125 
395	73 170 174 
396	141 
397	172 
398	184 
399	47 74 178 
400	41 99 105 
401	115 
402	2 49 146 
403	20 35 39 
404	59 120 125 
405	41 57 139 
406	97 101 154 
407	158 160 169 
408	15 63 171 
409	80 
410	193 
411	16 128 146 
412	49 96 124 
413	68 110 111 
414	26 
415	198 
416	32 116 183 
417	116 120 183 
418	131 
419	105 136 156 
420	152 
421	10 105 137 
422	104 
423	172 
424	16 
425	112 138 177 
426	152 
427	11 88 107 
428	60 
429	3 34 55 
430	122 
431	25 
432	161 
433	78 
434	70 74 196 
435	137 138 141 
436	95 133 174 
437	180 
438	26 121 141 
439	56 132 165 
440	30 120 188 
441	181 
442	121 
443	125 
444	11 175 185 
445	121 
446	8 68 74 
447	116 134 176 
448	102 
449	121 134 197 
450	128 
451	188 
452	128 169 176 
453	30 
454	47 110 131 
455	2 59 124 
456	77 
457	124 139 182 
458	56 130 179 
459	6 102 188 
460	116 
461	34 91 124 
462	60 
463	22 125 180 
464	174 
465	40 186 188 
466	26 59 130 
467	197 
468	121 
469	134 
470	191 
471	41 
472	94 
473	164 
474	6 47 181 
475	123 
476	197 
477	8 36 106 
478	188 
479	43 56 123 
480	27 47 93 
481	119 171 194 
482	56 
483	21 156 171 
484	105 
485	80 162 165 
486	76 154 188 
487	46 93 137 
488	40 122 150 
489	14 182 193 
490	96 106 171 
491	103 
492	26 89 101 
493	52 136 160 
494	63 
495	49 150 166 
496	81 
497	133 
498	120 171 197 
499	43 174 185 
500	170 
501	29 
502	30 124 135 
503	58 76 110 
504	54 154 194 
505	62 
506	186 
507	54 163 197 
508	59 
509	59 
510	30 162 178 
511	17 
512	134 
513	41 141 164 
514	148 
515	35 
516	4 56 92 
517	26 124 154 
518	37 185 198 
519	168 
520	68 134 185 
521	15 30 139 
522	49 119 137 
523	21 48 180 
524	44 
525	95 
526	141 146 172 
527	123 162 163 
528	19 129 152 
529	43 83 130 
530	128 156 186 
531	77 
532	6 
533	6 
534	87 
535	143 
536	47 119 154 
537	120 
538	96 122 141 
539	130 138 192 
540	47 92 197 
541	49 60 185 
542	79 
543	65 
544	188 
545	54 
546	6 88 138 
547	125 
548	97 154 162 
549	33 
550	121 166 198 
551	59 
552	41 83 99 
553	81 
554	65 
555	131 138 176 
556	9 39 129 
557	47 75 117 
558	99 
559	56 
560	76 91 123 
561	45 
562	49 
563	27 66 160 
564	87 92 121 
565	17 39 59 
566	13 104 152 
567	49 71 103 
568	41 
569	4 
570	106 
571	52 107 158 
572	31 
573	98 185 198 
574	130 170 194 
575	71 
576	88 
577	22 35 56 
578	130 137 147 
579	13 68 130 
580	24 
581	80 119 188 
582	27 78 183 
583	21 130 153 
584	120 
585	14 125 137 
586	121 
587	34 47 126 
588	130 138 160 
589	2 
590	171 
591	96 
592	23 110 198 
593	139 
594	2 4 30 
595	124 
596	176 
597	95 110 192 
598	47 
599	47 
600	1 141 159 
601	152 
602	130 
603	65 
604	92 
605	41 119 130 
606	47 
607	123 
608	169 
609	30 71 152 
610	85 
611	32 71 147 
612	161 
613	83 96 129 
614	73 79 174 
615	54 
616	68 
617	17 114 179 
618	39 116 122 
619	194 
620	129 
621	183 
622	59 
623	38 138 172 
624	26 134 189 
625	43 
626	82 
627	79 
628	9 17 65 
629	61 
630	30 67 112 
631	8 
632	130 
633	73 
634	6 150 160 
635	79 96 132 
636	60 124 187 
637	54 
638	65 
639	188 
640	57 
641	69 82 194 
642	185 
643	102 
644	111 
645	16 
646	102 
647	163 
648	1 
649	186 
650	59 132 183 
651	88 152 195 
652	52 
653	17 21 109 
654	58 
655	86 
656	21 135 140 
657	91 
658	189 
659	46 
660	149 
661	109 164 180 
662	68 99 146 
663	26 137 180 
664	41 174 198 
665	103 
666	26 107 188 
667	104 
668	49 52 76 
669	79 
670	132 
671	97 
672	52 
673	171 
674	62 65 120 
675	78 
676	80 
677	69 
678	16 53 169 
679	10 54 62 
680	55 
681	20 67 74 
682	148 
683	3 97 156 
684	172 
685	10 78 189 
686	119 
687	10 
688	15 
689	5 
690	32 49 65 
691	62 
692	116 
693	74 
694	12 65 121 
695	128 172 180 
696	175 
697	65 
698	1 23 119 
699	12 65 91 
700	19 95 128 
701	41 123 128 
702	95 173 184 
703	61 
704	171 
705	172 
706	164 
707	150 
708	18 147 173 
709	15 18 62 
710	101 
711	78 
712	84 
713	23 67 128 
714	96 116 130 
715	183 197 198 
716	135 137 168 
717	50 132 178 
718	132 
719	163 
720	137 141 174 
721	79 132 186 
722	10 
723	25 
724	76 169 189 
725	32 
726	79 
727	100 
728	18 53 113 
729	65 108 177 
730	79 121 159 
731	65 
732	68 99 196 
733	66 113 120 
734	137 
735	17 58 67 
736	42 
737	103 
738	60 
739	68 106 111 
740	194 
741	158 
742	92 
743	35 
744	130 
745	21 172 195 
746	51 
747	80 134 188 
748	183 
749	2 129 138 
750	14 152 172 
751	57 131 197 
752	89 
753	119 
754	27 34 142 
755	134 
756	47 109 129 
757	14 83 123 
758	117 
759	116 
760	71 92 123 
761	46 124 145 
762	57 
763	12 74 91 
764	198 
765	38 49 82 
766	10 
767	33 108 116 
768	186 
769	40 81 138 
770	101 
771	170 
772	15 21 110 
773	115 
774	123 
775	6 96 146 
776	21 61 84 
777	25 53 91 
778	20 
779	4 70 174 
780	120 
781	168 
782	72 89 134 
783	30 55 136 
784	41 
785	56 124 189 
786	116 124 170 
787	4 
788	43 110 147 
789	68 
790	152 
791	65 
792	114 
793	142 
794	101 
795	35 72 86 
796	144 
797	4 106 162 
798	64 140 186 
799	13 
800	82 
801	142 
802	110 
803	80 
804	157 
805	119 
806	59 146 171 
807	120 138 144 
808	121 
809	45 
810	11 39 81 
811	26 52 72 
812	4 81 109 
813	198 
814	132 
815	37 55 83 
816	3 27 77 
817	171 
818	26 82 103 
819	32 131 190 
820	52 
821	110 
822	26 65 164 
823	137 160 183 
824	145 
825	16 
826	40 58 120 
827	81 92 154 
828	195 
829	147 
830	197 
831	82 146 163 
832	74 129 165 
833	101 
834	87 
835	55 98 108 
836	119 160 198 
837	110 115 178 
838	11 12 135 
839	59 158 172 
840	12 
841	161 
842	16 
843	14 
844	53 
845	145 
846	190 
847	3 88 183 
848	39 166 187 
849	33 74 156 
850	24 
851	70 
852	82 110 191 
853	125 
854	10 59 172 
855	71 
856	2 14 134 
857	172 
858	2 120 135 
859	61 156 173 
860	62 
861	157 
862	11 54 170 
863	151 
864	94 97 166 
865	72 
866	30 40 150 
867	26 62 107 
868	11 73 178 
869	69 96 184 
870	61 154 174 
871	137 
872	32 78 186 
873	171 
874	107 
875	59 140 166 
876	82 
877	26 94 173 
878	14 115 154 
879	103 132 181 
880	186 
881	56 87 185 
882	116 
883	80 
884	1 64 161 
885	149 
886	188 
887	135 
888	24 
889	82 
890	63 133 165 
891	125 144 153 
892	15 60 171 
893	5 65 180 
894	32 
895	41 
896	69 78 96 
897	28 87 181 
898	47 
899	140 
900	3 94 147 
901	23 35 81 
902	19 
903	12 107 180 
904	142 
905	8 13 99 
906	115 
907	91 
908	40 128 185 
909	76 144 165 
910	21 
911	33 180 183 
912	67 73 173 
913	173 
914	62 
915	34 
916	56 170 171 
917	16 
918	10 
919	118 159 188 
920	141 188 193 
921	95 
922	1 
923	20 79 187 
924	43 87 174 
925	19 41 114 
926	128 129 198 
927	40 96 153 
928	2 134 190 
929	122 
930	82 92 157 
931	41 
932	76 89 188 
933	91 
934	79 
935	41 88 163 
936	49 73 173 
937	43 156 175 
938	78 82 139 
939	47 88 194 
940	99 132 156 
941	50 58 65 
942	181 
943	47 77 149 
944	66 
945	62 68 79 
946	57 
947	29 68 171 
948	56 
949	20 74 173 
950	18 
951	184 
952	80 96 195 
953	138 
954	65 
955	88 
956	25 63 104 
957	165 
958	191 
959	34 94 173 
960	65 79 166 
961	91 
962	136 
963	113 
964	38 67 129 
965	125 150 183 
966	30 43 67 
967	44 156 193 
968	123 
969	67 94 197 
970	130 
971	147 150 159 
972	26 
973	1 9 183 
974	10 108 136 
975	47 88 196 
976	139 178 195 
977	4 
978	47 117 171 
979	187 
980	133 
981	71 
982	23 
983	7 66 119 
984	44 
985	26 74 176 
986	70 170 171 
987	42 103 138 
988	47 
989	121 
990	40 125 192 
991	116 
992	96 
993	2 52 72 
994	171 
995	14 129 152 
996	1 
997	46 76 133 
998	150 
999	26 27 176 
1000	59 
1001	47 65 178 
1002	47 59 150 
1003	172 
1004	14 59 106 
1005	68 76 127 
1006	124 
1007	59 
1008	63 121 139 
1009	88 123 175 
1010	33 
1011	34 41 54 
1012	28 95 194 
1013	8 
1014	58 
1015	27 
1016	56 89 174 
1017	72 
1018	27 82 95 
1019	11 
1020	180 
1021	109 130 192 
1022	87 
1023	130 134 146 
1024	34 85 174 
1025	6 64 123 
1026	44 70 173 
1027	182 
1028	139 
1029	126 155 168 
1030	2 46 168 
1031	178 
1032	182 
1033	80 112 185 
1034	50 76 136 
1035	87 91 136 
1036	72 124 173 
1037	69 
1038	123 
1039	21 60 191 
1040	35 
1041	119 
1042	63 
1043	44 47 187 
1044	107 135 173 
1045	162 
1046	186 
1047	188 
1048	82 
1049	30 79 195 
1050	45 
1051	171 
1052	3 44 159 
1053	65 119 196 
1054	6 72 142 
1055	7 
1056	121 
1057	14 
1058	65 110 196 
1059	178 
1060	52 62 75 
1061	70 140 166 
1062	152 158 171 
1063	49 112 188 
1064	41 
1065	75 
1066	12 113 160 
1067	124 
1068	13 129 139 
1069	128 
1070	185 
1071	68 110 118 
1072	13 
1073	70 138 146 
1074	116 
1075	99 107 185 
1076	80 
1077	22 
1078	3 
1079	2 70 198 
1080	49 
1081	47 
1082	137 
1083	56 175 196 
1084	56 162 176 
1085	106 
1086	56 
1087	177 
1088	60 129 187 
1089	192 
1090	194 
1091	184 
1092	183 
1093	33 44 96 
1094	3 
1095	15 40 134 
1096	9 62 91 
1097	54 
1098	148 
1099	54 66 77 
1100	124 158 176 
1101	76 139 144 
1102	6 89 166 
1103	47 
1104	132 
1105	152 
1106	47 121 179 
1107	20 52 59 
1108	6 129 174 
1109	89 
1110	67 105 106 
1111	173 
1112	30 44 176 
1113	94 122 149 
1114	61 
1115	18 120 134 
1116	154 
1117	81 
1118	109 120 147 
1119	194 
1120	10 
1121	96 98 148 
1122	137 158 173 
1123	165 
1124	146 
1125	121 134 188 
1126	55 82 92 
1127	120 130 138 
1128	30 85 121 
1129	67 
1130	52 149 172 
1131	185 
1132	49 87 164 
1133	92 133 165 
1134	84 103 108 
1135	46 190 198 
1136	135 
1137	96 97 107 
1138	180 
1139	50 59 174 
1140	32 46 163 
1141	167 
1142	40 53 67 
1143	7 123 167 
1144	107 
1145	2 137 150 
1146	36 
1147	67 73 183 
1148	116 
1149	7 171 177 
1150	149 155 190 
1151	150 
1152	175 
1153	59 61 166 
1154	63 100 121 
1155	156 163 168 
1156	79 131 138 
1157	7 26 160 
1158	15 
1159	147 
1160	46 
1161	21 95 150 
1162	39 
1163	30 52 108 
1164	6 19 156 
1165	59 132 165 
1166	116 
1167	17 
1168	137 
1169	134 
1170	37 127 137 
1171	13 65 122 
1172	10 
1173	49 78 138 
1174	41 65 67 
1175	160 
1176	137 
1177	87 
1178	27 108 133 
1179	167 
1180	77 185 186 
1181	94 
1182	72 115 173 
1183	9 26 185 
1184	195 
1185	41 
1186	186 
1187	112 
1188	47 
1189	117 
1190	2 
1191	52 62 172 
1192	121 146 152 
1193	46 47 124 
1194	177 
1195	91 
1196	68 138 146 
1197	10 110 123 
1198	149 
1199	22 107 183 
1200	137 
1201	82 
1202	41 67 104 
1203	37 40 65 
1204	134 
1205	48 124 186 
1206	62 87 176 
1207	42 144 154 
1208	107 
1209	37 59 121 
1210	35 158 181 
1211	26 158 189 
1212	113 
1213	15 134 195 
1214	9 124 132 
1215	118 
1216	45 109 116 
1217	11 122 156 
1218	54 116 176 
1219	7 9 43 
1220	186 
1221	26 106 112 
1222	59 
1223	107 
1224	17 123 163 
1225	77 81 150 
1226	2 67 149 
1227	96 162 177 
1228	32 
1229	42 124 136 
1230	133 
1231	12 
1232	62 172 195 
1233	122 130 148 
1234	169 
1235	73 163 177 
1236	54 150 160 
1237	103 
1238	19 46 125 
1239	30 39 144 
1240	98 158 183 
1241	14 41 66 
1242	11 77 100 
1243	81 95 185 
1244	7 8 170 
1245	3 7 125 
1246	74 
1247	29 39 167 
1248	91 
1249	74 
1250	171 
1251	83 156 179 
1252	188 
1253	52 88 98 
1254	21 125 171 
1255	98 
1256	38 97 173 
1257	65 72 177 
1258	40 164 172 
1259	91 93 112 
1260	98 
1261	130 147 180 
1262	9 18 194 
1263	138 178 198 
1264	119 
1265	138 
1266	62 134 186 
1267	85 158 176 
1268	198 
1269	81 
1270	2 154 175 
1271	120 
1272	41 69 127 
1273	123 
1274	2 
1275	102 125 128 
1276	7 70 138 
1277	70 
1278	2 9 110 
1279	26 54 150 
1280	13 53 196 
1281	105 
1282	106 136 172 
1283	77 89 148 
1284	183 
1285	49 137 171 
1286	196 
1287	65 
1288	187 
1289	17 96 100 
1290	1 
1291	122 166 172 
1292	6 81 141 
1293	27 
1294	17 20 41 
1295	63 102 173 
1296	75 
1297	15 75 166 
1298	68 82 124 
1299	121 185 198 
1300	79 124 180 
1301	123 
1302	19 43 137 
1303	30 75 148 
1304	108 177 183 
1305	68 106 163 
1306	49 139 197 
1307	68 
1308	92 152 156 
1309	35 62 65 
1310	151 
1311	39 133 185 
1312	107 
1313	42 89 170 
1314	185 
1315	59 140 189 
1316	11 144 179 
1317	154 
1318	96 131 191 
1319	141 
1320	62 
1321	45 
1322	22 144 198 
1323	110 
1324	47 
1325	4 23 67 
1326	90 96 115 
1327	8 144 152 
1328	188 
1329	65 185 198 
1330	120 141 156 
1331	86 
1332	129 
1333	21 
1334	80 
1335	67 143 198 
1336	40 123 137 
1337	29 80 108 
1338	54 
1339	37 93 198 
1340	40 76 166 
1341	49 
1342	123 
1343	115 116 191 
1344	62 
1345	51 
1346	134 
1347	63 170 196 
1348	2 26 30 
1349	10 
1350	176 
1351	150 
1352	183 
1353	39 120 174 
1354	113 131 160 
1355	91 128 140 
1356	56 
1357	146 
1358	39 57 59 
1359	31 130 198 
1360	130 
1361	84 
1362	128 
1363	2 113 129 
1364	65 121 185 
1365	54 96 165 
1366	2 
1367	61 
1368	110 131 169 
1369	19 34 174 
1370	69 151 186 
1371	41 
1372	76 104 172 
1373	27 73 167 
1374	82 
1375	169 
1376	52 87 169 
1377	1 48 147 
1378	106 156 163 
1379	118 
1380	80 88 106 
1381	2 47 182 
1382	74 120 171 
1383	7 64 149 
1384	128 
1385	29 
1386	96 186 188 
1387	3 16 170 
1388	53 
1389	134 154 173 
1390	109 
1391	176 
1392	27 78 121 
1393	17 
1394	39 78 82 
1395	53 125 167 
1396	49 59 99 
1397	57 
1398	82 155 168 
1399	21 128 176 
1400	17 105 196 
1401	95 
1402	49 128 175 
1403	32 56 137 
1404	51 91 165 
1405	89 
1406	75 91 148 
1407	49 
1408	12 23 172 
1409	6 
1410	62 
1411	103 
1412	134 156 175 
1413	81 121 167 
1414	22 51 194 
1415	146 
1416	183 
1417	132 
1418	198 
1419	111 171 175 
1420	17 160 175 
1421	49 90 173 
1422	38 
1423	96 
1424	33 
1425	36 148 156 
1426	49 
1427	35 126 188 
1428	10 50 163 
1429	65 143 174 
1430	90 
1431	57 154 158 
1432	150 
1433	129 
1434	41 70 168 
1435	73 136 156 
1436	181 
1437	30 94 127 
1438	197 
1439	80 175 184 
1440	126 134 136 
1441	46 
1442	137 158 195 
1443	1 
1444	43 
1445	77 
1446	8 116 146 
1447	5 
1448	124 
1449	45 77 145 
1450	95 
1451	123 142 152 
1452	16 93 139 
1453	45 
1454	37 53 129 
1455	20 55 122 
1456	44 163 172 
1457	138 
1458	41 
1459	71 
1460	109 
1461	56 116 145 
1462	27 73 158 
1463	6 53 156 
1464	68 
1465	41 78 89 
1466	21 
1467	172 
1468	116 
1469	79 
1470	78 134 137 
1471	194 
1472	109 120 197 
1473	48 120 164 
1474	12 56 59 
1475	1 46 167 
1476	21 119 162 
1477	173 
1478	40 65 123 
1479	152 
1480	18 155 186 
1481	171 176 198 
1482	132 
1483	19 44 47 
1484	59 91 99 
1485	3 30 138 
1486	113 
1487	62 169 170 
1488	49 128 147 
1489	47 71 91 
1490	1 113 120 
1491	122 
1492	182 
1493	77 
1494	49 55 80 
1495	29 
1496	51 56 78 
1497	11 20 123 
1498	137 140 147 
1499	152 
1500	47 
1501	183 
1502	86 
1503	77 140 164 
1504	122 180 185 
1505	193 
1506	79 
1507	91 164 174 
1508	136 161 163 
1509	79 
1510	160 
1511	124 
1512	156 
1513	159 
1514	120 
1515	115 
1516	107 142 148 
1517	108 
1518	124 
1519	44 51 129 
1520	18 21 128 
1521	28 
1522	68 
1523	96 116 160 
1524	21 
1525	175 
1526	56 59 111 
1527	25 
1528	47 124 180 
1529	30 54 104 
1530	96 127 163 
1531	198 
1532	72 
1533	160 
1534	6 123 144 
1535	143 
1536	34 63 191 
1537	41 
1538	141 
1539	30 
1540	32 
1541	147 
1542	10 87 128 
1543	79 
1544	137 
1545	123 
1546	11 59 185 
1547	188 
1548	16 128 166 
1549	77 
1550	23 
1551	64 
1552	182 
1553	138 
1554	125 169 181 
1555	82 174 182 
1556	68 94 149 
1557	77 124 166 
1558	123 
1559	88 110 130 
1560	1 45 54 
1561	106 
1562	122 138 191 
1563	83 
1564	61 168 194 
1565	26 28 69 
1566	29 49 150 
1567	49 99 162 
1568	43 44 72 
1569	52 102 108 
1570	5 
1571	8 67 153 
1572	2 91 129 
1573	152 160 171 
1574	21 108 139 
1575	10 
1576	16 130 196 
1577	82 
1578	16 49 72 
1579	79 128 141 
1580	71 
1581	189 
1582	39 48 142 
1583	132 134 182 
1584	138 
1585	74 120 160 
1586	64 90 124 
1587	56 
1588	51 102 174 
1589	102 117 168 
1590	49 
1591	11 33 83 
1592	83 108 172 
1593	105 
1594	76 121 124 
1595	4 
1596	137 160 164 
1597	41 
1598	13 89 156 
1599	180 
1600	175 
1601	182 
1602	18 134 188 
1603	47 125 152 
1604	71 
1605	100 
1606	21 106 183 
1607	12 
1608	20 
1609	195 
1610	113 134 185 
1611	11 
1612	33 93 128 
1613	55 
1614	116 138 188 
1615	184 
1616	119 120 127 
1617	79 
1618	9 148 160 
1619	163 166 183 
1620	57 
1621	65 82 127 
1622	84 94 198 
1623	40 
1624	11 99 159 
1625	68 
1626	13 116 145 
1627	189 
1628	78 
1629	26 110 112 
1630	51 
1631	19 
1632	95 
1633	57 
1634	30 125 171 
1635	53 110 120 
1636	173 
1637	74 125 160 
1638	68 95 128 
1639	96 111 139 
1640	79 121 152 
1641	20 
1642	59 
1643	172 
1644	121 
1645	40 
1646	167 
1647	129 
1648	14 115 172 
1649	44 
1650	189 
1651	12 76 123 
1652	116 154 198 
1653	21 106 177 
1654	26 62 74 
1655	11 150 165 
1656	27 121 182 
1657	26 117 124 
1658	166 
1659	14 78 159 
1660	172 
1661	11 96 157 
1662	80 
1663	61 76 103 
1664	21 22 68 
1665	40 82 188 
1666	94 100 197 
1667	63 134 180 
1668	110 
1669	147 
1670	77 
1671	72 
1672	95 121 164 
1673	61 80 89 
1674	110 
1675	195 
1676	160 
1677	53 118 188 
1678	38 92 113 
1679	99 
1680	127 
1681	83 
1682	66 161 186 
1683	78 
1684	28 
1685	44 54 171 
1686	68 144 193 
1687	13 114 150 
1688	61 
1689	146 162 185 
1690	5 89 188 
1691	50 83 148 
1692	78 94 112 
1693	129 
1694	98 129 182 
1695	11 29 98 
1696	17 141 186 
1697	96 119 136 
1698	142 152 172 
1699	44 124 144 
1700	128 154 183 
1701	2 
1702	68 
1703	79 96 196 
1704	76 
1705	123 
1706	160 185 194 
1707	61 107 158 
1708	186 
1709	64 
1710	17 79 87 
1711	23 54 111 
1712	147 
1713	36 
1714	141 
1715	16 75 139 
1716	143 151 177 
1717	194 
1718	97 
1719	111 155 183 
1720	9 27 74 
1721	99 
1722	1 49 96 
1723	91 120 174 
1724	1 54 82 
1725	43 
1726	123 125 188 
1727	22 
1728	52 80 166 
1729	12 89 95 
1730	135 145 173 
1731	95 
1732	94 105 118 
1733	79 
1734	44 
1735	40 
1736	123 156 173 
1737	2 14 67 
1738	72 180 198 
1739	26 52 174 
1740	160 
1741	31 47 120 
1742	28 
1743	112 
1744	140 
1745	49 64 110 
1746	174 176 197 
1747	47 
1748	69 143 168 
1749	55 65 138 
1750	34 59 183 
1751	60 188 192 
1752	87 130 145 
1753	118 
1754	131 
1755	44 65 83 
1756	67 
1757	38 
1758	156 
1759	116 135 144 
1760	13 43 65 
1761	128 
1762	59 80 186 
1763	21 97 141 
1764	28 47 173 
1765	62 82 133 
1766	26 32 194 
1767	116 
1768	47 
1769	185 
1770	38 59 170 
1771	39 79 115 
1772	77 
1773	178 
1774	39 
1775	121 139 160 
1776	44 
1777	100 
1778	26 30 32 
1779	6 10 96 
1780	91 136 167 
1781	14 156 188 
1782	46 
1783	27 
1784	17 
1785	41 138 163 
1786	117 
1787	62 78 93 
1788	63 
1789	77 
1790	195 
1791	66 
1792	83 
1793	156 158 177 
1794	31 
1795	57 
1796	33 58 84 
1797	109 
1798	150 
1799	198 
1800	62 115 185 
1801	65 114 128 
1802	99 148 152 
1803	11 41 174 
1804	28 39 119 
1805	193 
1806	188 
1807	167 
1808	58 
1809	115 
1810	47 
1811	41 
1812	82 137 141 
1813	82 113 123 
1814	22 96 186 
1815	62 123 136 
1816	47 
1817	10 110 186 
1818	170 
1819	79 145 146 
1820	111 
1821	120 132 194 
1822	64 
1823	1 84 131 
1824	197 
1825	186 
1826	31 60 105 
1827	74 120 132 
1828	20 55 198 
1829	12 81 168 
1830	65 
1831	139 163 196 
1832	19 26 59 
1833	52 122 169 
1834	158 
1835	56 
1836	90 132 158 
1837	108 
1838	3 116 120 
1839	74 161 173 
1840	77 86 116 
1841	130 
1842	106 126 154 
1843	164 166 173 
1844	179 
1845	168 
1846	43 
1847	85 
1848	106 
1849	67 
1850	46 87 117 
1851	171 
1852	50 88 163 
1853	20 34 59 
1854	106 132 186 
1855	155 
1856	100 112 121 
1857	15 132 156 
1858	129 
1859	173 
1860	1 13 156 
1861	1 124 152 
1862	68 
1863	21 52 71 
1864	47 59 96 
1865	116 
1866	78 
1867	14 56 89 
1868	54 126 164 
1869	35 
1870	123 153 158 
1871	189 
1872	26 
1873	10 17 30 
1874	135 
1875	68 
1876	76 110 178 
1877	169 
1878	21 67 183 
1879	168 
1880	70 117 125 
1881	86 
1882	28 180 191 
1883	186 
1884	40 
1885	138 
1886	1 14 48 
1887	74 
1888	137 
1889	137 
1890	81 89 150 
1891	142 
1892	96 103 115 
1893	38 
1894	88 
1895	55 
1896	119 120 169 
1897	14 61 145 
1898	13 112 165 
1899	126 
1900	59 65 171 
1901	57 
1902	137 
1903	16 119 142 
1904	78 168 193 
1905	30 81 146 
1906	167 
1907	16 19 116 
1908	33 
1909	36 
1910	56 
1911	75 106 121 
1912	56 173 197 
1913	74 78 151 
1914	185 
1915	26 129 170 
1916	89 162 189 
1917	58 59 91 
1918	142 162 183 
1919	128 
1920	6 68 128 
1921	92 127 150 
1922	71 
1923	72 
1924	96 
1925	26 
1926	1 8 61 
1927	44 92 131 
1928	151 
1929	11 74 163 
1930	137 167 194 
1931	12 79 122 
1932	99 169 172 
1933	8 65 124 
1934	137 
1935	93 135 140 
1936	27 
1937	6 41 193 
1938	155 
1939	176 
1940	54 91 194 
1941	136 
1942	175 
1943	48 106 163 
1944	22 100 186 
1945	155 173 189 
1946	18 
1947	51 82 164 
1948	26 78 109 
1949	41 132 138 
1950	24 70 78 
1951	116 
1952	14 93 188 
1953	138 
1954	99 142 186 
1955	69 
1956	49 
1957	186 
1958	61 122 124 
1959	1 44 73 
1960	142 
1961	55 150 157 
1962	156 
1963	43 103 145 
1964	185 
1965	102 
1966	19 95 166 
1967	188 
1968	87 159 170 
1969	158 
1970	96 116 196 
1971	172 
1972	8 121 173 
1973	80 81 175 
1974	37 
1975	144 
1976	11 128 188 
1977	163 170 175 
1978	61 149 196 
1979	5 
1980	148 153 172 
1981	99 196 198 
1982	43 124 168 
1983	30 60 174 
1984	16 81 168 
1985	67 98 131 
1986	79 
1987	172 
1988	7 14 179 
1989	32 130 158 
1990	1 37 60 
1991	95 
1992	8 88 179 
1993	66 124 149 
1994	14 27 163 
1995	148 
1996	154 
1997	12 74 128 
1998	42 
1999	120 136 151 
2000	152 173 174 
2001	18 26 123 
2002	183 
2003	27 58 126 
2004	1 78 167 
2005	67 
2006	102 133 198 
2007	154 
2008	38 58 158 
2009	6 78 134 
2010	44 
2011	72 
2012	65 
2013	134 
2014	19 78 134 
2015	125 
2016	26 82 160 
2017	40 138 171 
2018	97 
2019	12 
2020	129 
2021	68 
2022	166 
2023	12 42 58 
2024	44 72 86 
2025	120 144 156 
2026	7 115 154 
2027	53 81 186 
2028	90 
2029	15 
2030	49 154 177 
2031	60 62 152 
2032	110 
2033	110 
2034	180 
2035	73 162 172 
2036	29 
2037	94 131 188 
2038	158 
2039	82 
2040	80 137 145 
2041	154 
2042	41 55 75 
2043	41 91 123 
2044	88 
2045	154 
2046	80 
2047	82 
2048	198 
2049	44 108 188 
2050	21 28 137 
2051	112 
2052	16 40 194 
2053	74 96 135 
2054	117 
2055	44 78 135 
2056	16 82 175 
2057	79 
2058	24 
2059	119 
2060	4 69 80 
2061	87 127 154 
2062	156 
2063	2 79 195 
2064	88 
2065	94 136 167 
2066	113 
2067	86 90 168 
2068	20 
2069	125 
2070	109 
2071	55 112 162 
2072	84 171 191 
2073	9 
2074	59 145 175 
2075	105 
2076	181 
2077	102 
2078	12 106 119 
2079	46 55 92 
2080	96 142 147 
2081	87 
2082	142 
2083	191 
2084	62 
2085	26 56 147 
2086	41 
2087	49 109 156 
2088	43 44 153 
2089	69 92 164 
2090	92 101 198 
2091	2 
2092	170 
2093	25 
2094	163 
2095	79 154 181 
2096	146 169 173 
2097	62 87 141 
2098	154 
2099	33 96 158 
2100	66 86 124 
2101	136 140 188 
2102	136 
2103	44 46 172 
2104	134 
2105	105 143 163 
2106	119 
2107	120 
2108	173 
2109	47 118 126 
2110	93 129 172 
2111	68 102 135 
2112	76 
2113	69 
2114	90 131 198 
2115	76 91 198 
2116	51 
2117	159 
2118	27 76 78 
2119	62 90 154 
2120	61 87 171 
2121	7 
2122	56 61 181 
2123	87 
2124	112 144 176 
2125	41 117 120 
2126	39 
2127	29 163 170 
2128	30 49 166 
2129	39 
2130	106 
2131	119 128 143 
2132	21 
2133	31 
2134	114 
2135	56 
2136	59 96 130 
2137	13 46 65 
2138	9 62 68 
2139	20 
2140	81 88 137 
2141	156 
2142	41 90 146 
2143	26 
2144	6 107 145 
2145	144 
2146	106 
2147	7 
2148	27 80 129 
2149	96 150 183 
2150	89 106 156 
2151	56 96 111 
2152	13 124 176 
2153	89 
2154	143 
2155	189 
2156	10 
2157	41 65 142 
2158	78 
2159	16 
2160	47 87 90 
2161	109 154 160 
2162	94 128 156 
2163	2 
2164	36 
2165	77 
2166	77 148 191 
2167	91 
2168	130 
2169	141 
2170	23 79 116 
2171	129 
2172	39 
2173	119 
2174	90 119 183 
2175	162 
2176	120 
2177	186 
2178	91 96 135 
2179	123 124 173 
2180	25 52 123 
2181	155 
2182	115 
2183	47 56 113 
2184	72 
2185	26 
2186	82 
2187	7 88 186 
2188	23 
2189	183 
2190	43 138 174 
2191	121 134 153 
2192	96 137 187 
2193	112 
2194	182 
2195	124 
2196	31 54 109 
2197	78 94 195 
2198	70 
2199	142 
2200	16 54 151 
2201	123 
2202	68 
2203	65 125 154 
2204	144 
2205	153 
2206	176 
2207	171 
2208	128 
2209	44 117 150 
2210	10 88 171 
2211	76 186 196 
2212	21 78 132 
2213	26 95 150 
2214	23 
2215	3 21 109 
2216	6 123 180 
2217	93 
2218	41 74 156 
2219	13 137 188 
2220	174 
2221	21 47 68 
2222	80 121 180 
2223	16 175 189 
2224	191 
2225	21 
2226	176 
2227	62 123 141 
2228	110 
2229	77 155 158 
2230	82 
2231	144 
2232	29 88 107 
2233	49 
2234	90 
2235	57 
2236	17 123 138 
2237	176 
2238	47 
2239	153 
2240	72 180 198 
2241	40 55 176 
2242	78 
2243	26 54 89 
2244	88 161 174 
2245	14 
2246	71 159 180 
2247	91 
2248	172 
2249	2 
2250	41 
2251	173 
2252	44 89 152 
2253	132 141 169 
2254	88 105 137 
2255	52 
2256	51 76 110 
2257	86 
2258	121 
2259	17 24 110 
2260	131 
2261	11 178 191 
2262	46 47 132 
2263	171 
2264	79 
2265	124 
2266	12 28 50 
2267	100 
2268	13 61 127 
2269	153 
2270	184 
2271	2 36 110 
2272	43 123 194 
2273	33 
2274	41 56 102 
2275	121 122 158 
2276	59 127 194 
2277	21 
2278	21 28 192 
2279	152 
2280	103 110 135 
2281	37 114 152 
2282	21 
2283	35 114 152 
2284	69 115 138 
2285	2 
2286	50 112 129 
2287	2 
2288	154 
2289	174 
2290	158 186 197 
2291	58 111 183 
2292	146 
2293	90 
2294	41 
2295	137 150 185 
2296	16 
2297	4 
2298	20 
2299	89 
2300	15 
2301	152 
2302	151 
2303	12 
2304	108 
2305	11 61 114 
2306	163 
2307	34 108 151 
2308	62 89 137 
2309	18 
2310	104 
2311	170 
2312	30 71 125 
2313	30 88 173 
2314	29 89 115 
2315	9 57 118 
2316	56 93 97 
2317	119 
2318	30 
2319	54 
2320	1 52 67 
2321	110 125 141 
2322	128 
2323	8 29 74 
2324	147 
2325	122 
2326	27 
2327	47 128 185 
2328	18 72 110 
2329	46 
2330	66 82 138 
2331	126 
2332	64 
2333	72 
2334	160 
2335	172 
2336	2 137 194 
2337	103 
2338	3 39 104 
2339	56 73 108 
2340	95 
2341	14 61 70 
2342	188 
2343	8 
2344	38 59 63 
2345	73 
2346	44 118 182 
2347	101 110 198 
2348	118 132 186 
2349	12 141 173 
2350	100 
2351	173 
2352	30 
2353	191 
2354	146 174 186 
2355	128 
2356	45 55 62 
2357	8 
2358	129 
2359	183 
2360	4 108 186 
2361	30 
2362	103 189 198 
2363	155 
2364	193 
2365	30 121 147 
2366	197 
2367	91 120 159 
2368	140 
2369	21 116 191 
2370	198 
2371	18 
2372	81 
2373	17 
2374	134 
2375	65 
2376	1 
2377	35 
2378	61 62 78 
2379	47 122 148 
2380	36 85 173 
2381	27 36 128 
2382	147 
2383	61 75 118 
2384	96 179 194 
2385	2 72 143 
2386	96 
2387	18 50 67 
2388	1 119 156 
2389	9 128 140 
2390	11 20 119 
2391	167 
2392	10 122 123 
2393	110 
2394	88 110 185 
2395	79 143 156 
2396	14 171 177 
2397	138 166 169 
2398	85 
2399	14 29 194 
2400	46 171 185 
2401	154 
2402	126 160 186 
2403	78 110 123 
2404	100 
2405	195 
2406	97 
2407	79 80 164 
2408	19 
2409	155 
2410	120 
2411	167 
2412	74 
2413	46 124 192 
2414	5 135 190 
2415	109 
2416	107 151 163 
2417	96 
2418	1 110 129 
2419	185 
2420	32 
2421	11 87 184 
2422	46 134 157 
2423	17 
2424	56 
2425	58 67 117 
2426	1 79 134 
2427	194 
2428	169 187 188 
2429	53 
2430	67 68 119 
2431	152 
2432	140 
2433	72 
2434	134 
2435	122 
2436	150 
2437	192 
2438	107 
2439	83 
2440	95 96 185 
2441	76 88 94 
2442	26 111 182 
2443	78 110 148 
2444	21 
2445	43 50 190 
2446	17 110 183 
2447	129 164 198 
2448	35 94 182 
2449	33 
2450	103 128 177 
2451	44 
2452	29 
2453	133 
2454	163 
2455	96 152 184 
2456	93 
2457	22 50 83 
2458	137 
2459	154 
2460	198 
2461	137 
2462	59 
2463	7 
2464	188 
2465	44 
2466	37 110 120 
2467	67 
2468	89 
2469	192 
2470	160 
2471	44 
2472	91 
2473	59 140 158 
2474	80 
2475	39 69 132 
2476	58 76 94 
2477	6 15 101 
2478	40 59 95 
2479	3 77 91 
2480	52 
2481	129 137 173 
2482	26 59 93 
2483	55 96 169 
2484	164 
2485	68 96 166 
2486	37 124 144 
2487	106 125 138 
2488	62 
2489	1 61 110 
2490	79 
2491	196 
2492	27 71 85 
2493	73 
2494	106 
2495	71 
2496	95 
2497	59 
2498	65 147 175 
2499	109 
2500	19 58 136 
2501	180 
2502	86 91 179 
2503	13 30 59 
2504	197 
2505	128 169 180 
2506	52 102 152 
2507	120 
2508	2 152 155 
2509	140 
2510	14 34 89 
2511	40 67 122 
2512	84 161 164 
2513	92 
2514	2 
2515	30 
2516	44 
2517	96 124 146 
2518	54 127 198 
2519	198 
2520	49 145 150 
2521	10 95 173 
2522	16 
2523	2 88 158 
2524	92 
2525	84 130 183 
2526	33 43 198 
2527	91 
2528	154 
2529	138 
2530	55 
2531	104 
2532	160 
2533	109 
2534	116 146 191 
2535	2 119 155 
2536	111 
2537	122 141 143 
2538	54 
2539	91 97 144 
2540	163 
2541	92 95 127 
2542	100 141 188 
2543	1 18 89 
2544	26 88 152 
2545	135 150 173 
2546	26 131 169 
2547	65 120 172 
2548	61 104 190 
2549	61 106 167 
2550	83 
2551	74 118 144 
2552	65 
2553	79 
2554	109 
2555	10 
2556	39 51 194 
2557	11 19 145 
2558	150 
2559	41 59 90 
2560	37 154 196 
2561	60 79 171 
2562	167 
2563	41 67 96 
2564	2 19 165 
2565	188 
2566	37 49 194 
2567	196 
2568	70 141 174 
2569	33 108 124 
2570	52 116 158 
2571	170 
2572	71 
2573	138 
2574	50 120 134 
2575	63 82 170 
2576	150 
2577	173 
2578	13 
2579	148 
2580	44 
2581	26 
2582	6 116 133 
2583	161 
2584	74 
2585	150 180 188 
2586	10 105 177 
2587	158 
2588	8 116 188 
2589	59 137 180 
2590	79 104 187 
2591	119 164 195 
2592	56 79 90 
2593	73 79 154 
2594	41 99 140 
2595	41 42 145 
2596	93 132 176 
2597	95 
2598	36 47 113 
2599	43 
2600	128 
2601	2 65 145 
2602	50 
2603	28 73 123 
2604	141 
2605	186 
2606	9 186 188 
2607	52 
2608	47 104 114 
2609	34 171 189 
2610	81 106 152 
2611	58 163 180 
2612	21 114 132 
2613	65 131 138 
2614	55 
2615	185 
2616	37 172 188 
2617	89 121 175 
2618	81 
2619	21 65 105 
2620	7 
2621	41 164 181 
2622	72 137 171 
2623	32 184 188 
2624	92 
2625	25 96 169 
2626	1 
2627	5 78 172 
2628	198 
2629	137 
2630	132 
2631	120 
2632	100 129 187 
2633	196 
2634	2 
2635	90 154 173 
2636	86 91 125 
2637	40 138 148 
2638	141 186 188 
2639	11 
2640	14 66 190 
2641	21 56 186 
2642	28 
2643	183 
2644	2 
2645	123 
2646	59 
2647	132 173 175 
2648	37 81 162 
2649	62 
2650	93 129 138 
2651	42 63 73 
2652	1 120 141 
2653	61 89 143 
2654	13 88 115 
2655	33 49 186 
2656	151 
2657	25 
2658	21 
2659	55 131 157 
2660	170 
2661	2 106 164 
2662	49 
2663	188 
2664	41 88 198 
2665	63 108 173 
2666	80 
2667	17 36 152 
2668	147 
2669	121 
2670	88 
2671	33 
2672	74 
2673	64 128 135 
2674	106 
2675	32 165 170 
2676	168 
2677	91 
2678	73 
2679	44 64 154 
2680	100 152 163 
2681	91 162 176 
2682	52 141 174 
2683	44 
2684	97 
2685	92 186 188 
2686	99 120 198 
2687	41 113 137 
2688	71 
2689	41 89 163 
2690	6 
2691	95 
2692	21 
2693	110 
2694	121 
2695	65 71 98 
2696	98 118 165 
2697	3 
2698	55 59 80 
2699	100 
2700	53 65 123 
2701	10 110 158 
2702	59 
2703	62 
2704	166 
2705	96 114 141 
2706	109 132 150 
2707	102 
2708	54 127 162 
2709	49 125 182 
2710	41 
2711	57 76 156 
2712	194 
2713	23 104 163 
2714	174 
2715	90 
2716	103 121 128 
2717	61 
2718	70 110 144 
2719	59 165 179 
2720	10 
2721	137 
2722	96 
2723	149 
2724	24 90 108 
2725	74 
2726	6 109 133 
2727	30 
2728	27 99 185 
2729	30 44 147 
2730	139 160 180 
2731	145 
2732	18 30 51 
2733	106 
2734	138 160 169 
2735	76 
2736	52 115 139 
2737	139 
2738	150 
2739	38 55 155 
2740	104 
2741	30 
2742	123 
2743	49 113 122 
2744	106 
2745	13 30 77 
2746	17 
2747	52 106 158 
2748	47 79 172 
2749	96 141 167 
2750	65 
2751	167 
2752	58 105 171 
2753	41 102 121 
2754	80 172 173 
2755	17 154 195 
2756	40 
2757	75 
2758	56 
2759	55 150 194 
2760	56 60 65 
2761	71 141 172 
2762	129 164 198 
2763	84 133 137 
2764	80 134 156 
2765	162 
2766	126 
2767	89 
2768	1 
2769	123 
2770	44 
2771	6 88 173 
2772	13 121 136 
2773	158 
2774	29 134 186 
2775	184 
2776	119 125 129 
2777	41 92 118 
2778	56 
2779	87 
2780	54 
2781	150 
2782	11 79 188 
2783	48 
2784	188 
2785	36 
2786	31 32 77 
2787	92 99 190 
2788	30 121 124 
2789	58 135 157 
2790	28 
2791	89 
2792	56 
2793	23 
2794	152 
2795	2 30 116 
2796	2 
2797	149 
2798	9 
2799	67 
2800	29 
2801	3 128 173 
2802	140 
2803	158 174 177 
2804	70 
2805	74 82 104 
2806	105 
2807	61 173 194 
2808	130 149 196 
2809	198 
2810	59 138 169 
2811	150 154 198 
2812	172 
2813	102 
2814	138 
2815	40 
2816	188 
2817	27 96 175 
2818	6 
2819	173 
2820	29 
2821	89 
2822	95 
2823	14 133 162 
2824	182 
2825	15 109 138 
2826	27 
2827	43 
2828	130 174 185 
2829	57 110 180 
2830	54 93 126 
2831	50 125 173 
2832	174 
2833	45 
2834	30 
2835	14 75 146 
2836	67 93 96 
2837	104 
2838	65 89 152 
2839	59 130 160 
2840	65 92 138 
2841	20 
2842	68 73 135 
2843	37 
2844	67 120 144 
2845	47 74 168 
2846	2 
2847	51 59 171 
2848	13 22 49 
2849	26 128 180 
2850	154 
2851	107 
2852	157 
2853	152 
2854	21 46 158 
2855	127 
2856	12 
2857	17 39 106 
2858	70 
2859	13 72 82 
2860	161 
2861	47 49 96 
2862	96 
2863	168 
2864	176 
2865	129 138 180 
2866	183 
2867	68 91 104 
2868	42 150 185 
2869	7 30 185 
2870	64 88 144 
2871	100 108 130 
2872	47 117 160 
2873	16 87 172 
2874	62 68 144 
2875	35 138 172 
2876	49 52 164 
2877	116 
2878	62 95 119 
2879	87 
2880	76 
2881	128 
2882	48 
2883	168 
2884	12 
2885	78 120 146 
2886	169 
2887	44 136 151 
2888	165 
2889	95 127 173 
2890	62 67 153 
2891	78 
2892	75 96 172 
2893	121 
2894	91 115 169 
2895	9 43 168 
2896	124 163 168 
2897	67 
2898	167 
2899	27 
2900	13 174 177 
2901	61 
2902	46 101 182 
2903	2 
2904	71 91 104 
2905	138 
2906	123 
2907	44 128 160 
2908	10 61 194 
2909	90 147 157 
2910	191 
2911	21 55 104 
2912	172 
2913	43 110 148 
2914	56 
2915	68 128 169 
2916	30 
2917	180 
2918	45 49 110 
2919	110 
2920	9 47 62 
2921	159 
2922	78 160 178 
2923	153 
2924	20 50 55 
2925	179 
2926	4 38 176 
2927	18 
2928	123 
2929	110 114 117 
2930	165 166 171 
2931	156 183 184 
2932	65 136 146 
2933	150 
2934	7 103 166 
2935	71 103 140 
2936	19 62 135 
2937	91 150 176 
2938	92 117 169 
2939	9 68 87 
2940	27 79 177 
2941	68 77 92 
2942	29 
2943	16 41 129 
2944	2 94 117 
2945	102 
2946	185 
2947	90 123 151 
2948	132 
2949	45 
2950	43 132 134 
2951	36 37 181 
2952	49 
2953	49 82 128 
2954	82 
2955	46 
2956	9 19 66 
2957	120 
2958	26 79 162 
2959	24 33 56 
2960	47 74 147 
2961	10 119 160 
2962	123 162 173 
2963	46 83 141 
2964	54 156 177 
2965	15 71 160 
2966	113 158 171 
2967	163 
2968	76 
2969	59 105 117 
2970	74 
2971	124 
2972	127 
2973	50 56 97 
2974	41 
2975	74 
2976	180 
2977	152 
2978	82 
2979	75 
2980	119 
2981	40 
2982	39 154 189 
2983	123 
2984	155 
2985	6 15 148 
2986	186 
2987	17 76 101 
2988	189 
2989	155 
2990	186 
2991	17 31 82 
2992	119 158 170 
2993	109 
2994	27 128 132 
2995	31 
2996	41 101 172 
2997	47 
2998	52 81 120 
2999	77 
3000	120 
3001	15 185 191 
3002	5 63 138 
3003	44 99 188 
3004	88 
3005	62 
3006	9 146 163 
3007	99 
3008	145 
3009	56 
3010	2 128 157 
3011	58 62 84 
3012	152 
3013	59 
3014	183 
3015	142 
3016	43 
3017	64 
3018	34 
3019	192 
3020	104 144 146 
3021	49 107 119 
3022	46 
3023	59 140 183 
3024	2 11 137 
3025	126 
3026	186 
3027	33 97 121 
3028	144 
3029	90 
3030	123 138 149 
3031	109 
3032	120 
3033	52 
3034	154 
3035	147 
3036	42 
3037	53 113 183 
3038	10 39 60 
3039	13 76 174 
3040	80 
3041	21 41 197 
3042	156 
3043	52 
3044	170 
3045	185 
3046	51 
3047	30 78 100 
3048	138 
3049	72 79 133 
3050	43 110 121 
3051	6 17 67 
3052	43 51 186 
3053	91 
3054	80 
3055	63 
3056	44 
3057	90 
3058	193 
3059	4 56 59 
3060	152 
3061	71 
3062	10 15 82 
3063	97 
3064	19 64 87 
3065	170 
3066	81 90 121 
3067	1 29 182 
3068	47 
3069	62 
3070	120 
3071	112 186 197 
3072	28 82 145 
3073	71 106 177 
3074	182 188 190 
3075	134 
3076	145 
3077	69 
3078	158 
3079	21 44 183 
3080	100 
3081	163 
3082	128 147 172 
3083	13 115 147 
3084	33 
3085	94 152 185 
3086	10 67 161 
3087	28 38 107 
3088	185 
3089	129 
3090	1 3 179 
3091	72 
3092	50 137 163 
3093	134 
3094	198 
3095	166 
3096	93 
3097	11 80 162 
3098	173 
3099	72 89 112 
3100	6 19 134 
3101	148 
3102	96 135 140 
3103	178 
3104	1 41 153 
3105	124 
3106	78 
3107	128 
3108	13 152 166 
3109	30 
3110	49 153 177 
3111	16 
3112	9 
3113	8 132 170 
3114	2 17 178 
3115	57 
3116	104 
3117	82 
3118	48 119 185 
3119	81 105 128 
3120	138 
3121	116 154 172 
3122	45 90 119 
3123	91 
3124	81 
3125	124 
3126	40 43 172 
3127	26 
3128	156 
3129	106 122 152 
3130	19 87 174 
3131	197 
3132	105 
3133	26 67 77 
3134	151 177 183 
3135	124 
3136	41 91 157 
3137	46 
3138	177 
3139	198 
3140	129 
3141	110 
3142	6 136 140 
3143	35 94 137 
3144	123 150 151 
3145	183 
3146	52 86 165 
3147	82 
3148	168 
3149	41 110 138 
3150	1 163 187 
3151	137 
3152	45 82 174 
3153	65 
3154	41 119 173 
3155	24 159 172 
3156	171 
3157	47 79 98 
3158	96 116 128 
3159	30 135 191 
3160	99 
3161	29 
3162	17 
3163	76 
3164	148 
3165	31 
3166	12 120 163 
3167	135 
3168	20 136 168 
3169	21 108 169 
3170	66 90 147 
3171	41 72 144 
3172	17 
3173	18 90 186 
3174	14 27 120 
3175	154 
3176	146 
3177	78 93 158 
3178	41 119 187 
3179	76 91 156 
3180	1 
3181	27 89 91 
3182	192 
3183	2 73 96 
3184	26 
3185	25 41 97 
3186	39 40 154 
3187	47 
3188	17 
3189	23 90 119 
3190	26 59 185 
3191	100 
3192	129 
3193	32 128 130 
3194	62 68 174 
3195	11 
3196	6 26 36 
3197	3 
3198	176 
3199	38 
3200	91 
3201	44 
3202	67 68 96 
3203	117 
3204	38 
3205	154 
3206	30 110 138 
3207	87 96 185 
3208	47 
3209	59 154 171 
3210	100 
3211	76 106 172 
3212	57 
3213	153 
3214	52 139 147 
3215	81 127 197 
3216	30 68 138 
3217	81 158 198 
3218	25 96 158 
3219	1 51 94 
3220	192 
3221	73 
3222	177 
3223	66 67 73 
3224	36 68 95 
3225	174 
3226	43 82 169 
3227	44 96 187 
3228	154 
3229	122 
3230	139 
3231	42 74 192 
3232	68 
3233	30 113 120 
3234	137 141 176 
3235	80 
3236	96 172 183 
3237	30 67 112 
3238	130 172 185 
3239	111 146 163 
3240	98 
3241	28 92 134 
3242	55 151 188 
3243	195 
3244	109 
3245	132 137 170 
3246	23 
3247	183 
3248	38 78 192 
3249	122 
3250	39 100 148 
3251	152 154 198 
3252	125 188 194 
3253	176 
3254	8 
3255	1 59 180 
3256	33 
3257	152 
3258	56 62 129 
3259	103 
3260	131 
3261	137 
3262	89 
3263	54 
3264	13 55 188 
3265	114 
3266	26 
3267	48 119 128 
3268	152 
3269	96 113 136 
3270	114 134 175 
3271	65 
3272	1 26 174 
3273	15 80 119 
3274	13 138 186 
3275	40 83 188 
3276	82 
3277	147 
3278	17 133 158 
3279	163 
3280	82 148 160 
3281	27 56 129 
3282	11 104 171 
3283	183 
3284	89 
3285	49 69 173 
3286	43 147 187 
3287	158 
3288	44 71 95 
3289	55 172 186 
3290	52 67 122 
3291	19 
3292	17 123 132 
3293	52 159 166 
3294	44 65 162 
3295	63 107 122 
3296	7 
3297	146 
3298	82 172 197 
3299	63 129 158 
3300	52 
3301	28 
3302	95 104 140 
3303	1 89 175 
3304	37 44 134 
3305	194 
3306	109 
3307	123 
3308	2 114 180 
3309	100 
3310	129 
3311	52 82 123 
3312	12 60 160 
3313	110 
3314	3 47 185 
3315	103 
3316	176 
3317	69 
3318	129 
3319	40 82 120 
3320	101 
3321	74 123 192 
3322	6 51 92 
3323	21 37 176 
3324	90 91 151 
3325	155 
3326	150 
3327	65 
3328	7 152 154 
3329	179 
3330	2 62 111 
3331	169 
3332	187 
3333	181 
3334	37 86 91 
3335	49 67 171 
3336	34 41 169 
3337	9 
3338	134 
3339	170 
3340	2 119 171 
3341	27 118 135 
3342	10 54 74 
3343	117 
3344	59 67 132 
3345	138 
3346	79 80 151 
3347	68 
3348	35 72 104 
3349	21 34 167 
3350	29 
3351	3 
3352	74 100 107 
3353	129 
3354	47 67 121 
3355	79 
3356	47 148 154 
3357	72 90 120 
3358	109 119 198 
3359	157 
3360	32 
3361	52 65 66 
3362	186 
3363	118 125 186 
3364	3 55 74 
3365	98 135 197 
3366	45 
3367	65 71 152 
3368	15 62 101 
3369	30 62 123 
3370	2 139 197 
3371	163 
3372	182 
3373	62 
3374	168 
3375	171 
3376	72 
3377	17 82 177 
3378	35 
3379	42 
3380	56 87 145 
3381	147 
3382	190 
3383	144 158 169 
3384	163 
3385	42 103 106 
3386	78 
3387	74 
3388	22 
3389	62 
3390	130 138 190 
3391	172 
3392	10 
3393	28 
3394	154 
3395	121 133 198 
3396	186 
3397	72 77 189 
3398	29 
3399	172 
3400	83 
3401	1 40 65 
3402	92 99 180 
3403	148 
3404	138 
3405	15 
3406	91 174 190 
3407	56 
3408	19 
3409	173 
3410	21 28 86 
3411	26 
3412	83 
3413	27 104 125 
3414	68 79 150 
3415	91 
3416	74 120 172 
3417	25 142 177 
3418	87 
3419	30 72 163 
3420	11 
3421	37 47 111 
3422	147 148 198 
3423	162 
3424	74 
3425	63 102 114 
3426	1 121 154 
3427	1 75 180 
3428	47 
3429	134 
3430	129 
3431	119 134 186 
3432	21 120 185 
3433	2 28 84 
3434	90 101 176 
3435	10 
3436	115 
3437	39 120 179 
3438	196 
3439	6 91 174 
3440	2 52 130 
3441	33 150 197 
3442	14 147 171 
3443	163 
3444	128 
3445	111 150 198 
3446	43 79 124 
3447	144 
3448	189 
3449	29 69 73 
3450	13 47 158 
3451	4 
3452	69 
3453	106 
3454	116 132 144 
3455	88 95 126 
3456	29 99 152 
3457	22 35 106 
3458	112 
3459	22 164 191 
3460	7 55 189 
3461	11 163 168 
3462	6 74 128 
3463	61 
3464	95 
3465	30 
3466	190 
3467	43 141 148 
3468	12 128 170 
3469	24 150 176 
3470	116 
3471	56 95 125 
3472	3 65 188 
3473	21 41 120 
3474	82 
3475	60 138 158 
3476	88 
3477	26 85 89 
3478	11 59 116 
3479	172 174 186 
3480	105 
3481	77 83 174 
3482	66 95 100 
3483	2 
3484	105 106 121 
3485	13 
3486	6 
3487	22 155 162 
3488	102 
3489	123 124 196 
3490	118 
3491	184 
3492	94 97 124 
3493	198 
3494	112 119 154 
3495	71 154 175 
3496	52 124 185 
3497	27 
3498	154 
3499	33 94 101 
3500	137 
3501	43 
3502	180 
3503	35 151 175 
3504	198 
3505	144 
3506	152 
3507	142 
3508	110 
3509	75 115 117 
3510	152 
3511	131 
3512	87 
3513	188 
3514	75 115 124 
3515	30 
3516	127 
3517	85 
3518	145 
3519	151 
3520	51 
3521	14 
3522	90 
3523	168 
3524	1 90 160 
3525	26 40 92 
3526	109 
3527	68 116 179 
3528	17 85 186 
3529	10 56 141 
3530	81 
3531	2 
3532	107 
3533	30 41 80 
3534	10 
3535	24 96 106 
3536	110 147 156 
3537	116 151 189 
3538	56 
3539	89 136 172 
3540	107 
3541	38 56 166 
3542	108 111 185 
3543	76 88 183 
3544	26 
3545	187 
3546	54 83 170 
3547	5 
3548	61 
3549	144 161 166 
3550	122 123 159 
3551	182 
3552	1 89 152 
3553	67 87 104 
3554	177 
3555	54 
3556	77 96 165 
3557	147 158 167 
3558	88 
3559	173 
3560	110 160 183 
3561	110 
3562	27 82 138 
3563	64 
3564	14 113 162 
3565	64 123 191 
3566	130 
3567	51 
3568	2 151 185 
3569	44 
3570	123 150 177 
3571	44 107 150 
3572	167 
3573	65 
3574	41 94 173 
3575	17 131 177 
3576	122 
3577	45 106 138 
3578	79 143 144 
3579	151 
3580	35 129 164 
3581	71 95 144 
3582	105 120 130 
3583	42 146 176 
3584	105 
3585	125 
3586	1 158 161 
3587	9 22 87 
3588	82 104 145 
3589	43 64 109 
3590	27 37 61 
3591	17 160 182 
3592	180 
3593	41 
3594	101 134 185 
3595	16 180 184 
3596	109 
3597	10 
3598	53 85 186 
3599	9 44 56 
3600	85 163 184 
3601	120 
3602	146 
3603	11 116 138 
3604	121 
3605	91 185 197 
3606	11 
3607	119 128 136 
3608	125 151 162 
3609	78 
3610	75 128 154 
3611	119 
3612	80 
3613	135 
3614	105 109 173 
3615	123 
3616	16 
3617	30 
3618	5 39 67 
3619	88 121 139 
3620	80 
3621	134 171 186 
3622	34 189 198 
3623	93 
3624	37 
3625	38 154 158 
3626	21 
3627	86 
3628	6 164 189 
3629	12 79 178 
3630	124 
3631	2 7 125 
3632	99 123 169 
3633	118 
3634	74 
3635	46 78 115 
3636	79 
3637	2 52 156 
3638	91 
3639	65 95 100 
3640	78 
3641	156 
3642	75 
3643	66 86 138 
3644	109 116 188 
3645	33 124 125 
3646	144 
3647	70 
3648	44 54 84 
3649	194 
3650	87 
3651	35 56 170 
3652	18 66 92 
3653	32 59 155 
3654	55 
3655	165 
3656	27 112 164 
3657	22 27 157 
3658	2 17 26 
3659	137 
3660	11 135 197 
3661	47 62 198 
3662	114 
3663	21 185 196 
3664	130 171 174 
3665	136 
3666	13 35 49 
3667	60 79 159 
3668	194 
3669	171 
3670	30 
3671	65 109 139 
3672	11 96 110 
3673	27 
3674	84 
3675	27 73 128 
3676	18 
3677	81 111 130 
3678	43 
3679	119 
3680	186 
3681	47 
3682	99 122 187 
3683	102 
3684	1 79 106 
3685	3 
3686	10 
3687	33 54 171 
3688	54 82 87 
3689	47 49 121 
3690	147 
3691	28 67 121 
3692	59 98 109 
3693	153 
3694	166 
3695	158 
3696	68 
3697	79 119 125 
3698	145 
3699	29 46 96 
3700	90 124 138 
3701	86 164 168 
3702	12 82 86 
3703	76 122 180 
3704	45 68 134 
3705	125 
3706	43 
3707	25 82 154 
3708	185 
3709	152 
3710	18 95 120 
3711	106 128 178 
3712	139 
3713	96 106 198 
3714	74 185 194 
3715	75 
3716	30 65 107 
3717	35 39 146 
3718	12 75 172 
3719	163 
3720	97 
3721	92 
3722	37 80 198 
3723	150 
3724	43 44 183 
3725	79 108 109 
3726	198 
3727	24 
3728	109 
3729	74 131 150 
3730	105 
3731	77 
3732	47 
3733	148 
3734	120 
3735	106 
3736	163 
3737	9 13 133 
3738	17 94 194 
3739	129 144 193 
3740	186 
3741	78 112 189 
3742	44 83 197 
3743	27 141 158 
3744	79 149 154 
3745	57 83 182 
3746	72 
3747	141 
3748	49 149 193 
3749	108 136 189 
3750	158 
3751	116 
3752	102 134 172 
3753	185 
3754	54 125 198 
3755	24 86 174 
3756	168 
3757	104 
3758	10 166 188 
3759	28 
3760	14 
3761	41 69 130 
3762	49 
3763	130 
3764	194 
3765	58 
3766	81 
3767	6 134 191 
3768	20 48 84 
3769	188 
3770	2 11 28 
3771	80 
3772	69 87 177 
3773	65 127 166 
3774	77 152 172 
3775	106 
3776	35 169 174 
3777	6 18 116 
3778	136 
3779	191 
3780	30 187 188 
3781	21 
3782	194 
3783	43 60 173 
3784	67 
3785	68 94 186 
3786	175 
3787	30 65 195 
3788	80 
3789	96 
3790	72 
3791	139 164 169 
3792	56 
3793	89 
3794	25 38 94 
3795	36 
3796	27 
3797	9 148 163 
3798	57 80 91 
3799	44 116 185 
3800	51 
3801	103 
3802	52 
3803	45 49 148 
3804	62 
3805	29 116 188 
3806	41 96 179 
3807	49 79 95 
3808	145 154 157 
3809	40 136 175 
3810	25 
3811	144 147 189 
3812	33 55 93 
3813	16 
3814	122 189 196 
3815	96 
3816	126 
3817	124 162 177 
3818	35 43 158 
3819	49 
3820	8 61 119 
3821	26 61 87 
3822	16 57 171 
3823	171 
3824	133 
3825	52 68 91 
3826	13 
3827	153 
3828	39 62 109 
3829	1 
3830	54 
3831	42 67 182 
3832	2 92 172 
3833	168 
3834	59 
3835	44 
3836	141 
3837	9 51 77 
3838	30 91 172 
3839	7 102 134 
3840	115 
3841	116 153 186 
3842	90 
3843	127 169 172 
3844	93 
3845	140 
3846	104 
3847	176 
3848	156 
3849	4 82 173 
3850	52 65 107 
3851	5 85 176 
3852	35 41 67 
3853	188 
3854	59 
3855	80 117 182 
3856	70 106 171 
3857	187 
3858	8 121 195 
3859	136 
3860	66 74 162 
3861	56 96 168 
3862	177 
3863	79 124 184 
3864	81 
3865	49 
3866	78 120 130 
3867	121 
3868	10 42 137 
3869	168 
3870	85 
3871	56 135 173 
3872	21 
3873	65 114 190 
3874	4 
3875	130 
3876	67 
3877	122 
3878	43 65 107 
3879	51 141 178 
3880	116 
3881	26 
3882	75 
3883	134 
3884	120 163 164 
3885	116 153 173 
3886	55 129 188 
3887	55 77 100 
3888	59 
3889	2 122 156 
3890	20 66 141 
3891	26 119 123 
3892	68 106 111 
3893	15 154 172 
3894	96 
3895	137 139 163 
3896	155 
3897	130 
3898	30 44 127 
3899	33 61 161 
3900	23 160 198 
3901	186 
3902	168 
3903	152 
3904	112 
3905	62 
3906	13 154 164 
3907	134 
3908	62 
3909	2 28 154 
3910	172 
3911	97 
3912	177 
3913	62 
3914	78 125 152 
3915	43 61 185 
3916	197 
3917	3 
3918	76 
3919	91 152 162 
3920	90 
3921	134 
3922	86 
3923	55 154 163 
3924	15 
3925	33 143 162 
3926	67 160 197 
3927	73 94 186 
3928	12 15 128 
3929	91 185 186 
3930	8 
3931	14 
3932	151 
3933	76 144 186 
3934	11 87 99 
3935	37 
3936	58 115 190 
3937	68 
3938	117 
3939	62 89 134 
3940	30 98 167 
3941	30 
3942	45 
3943	56 134 139 
3944	47 79 188 
3945	109 
3946	73 108 196 
3947	20 140 198 
3948	154 160 177 
3949	109 128 157 
3950	41 
3951	131 
3952	72 
3953	25 
3954	16 111 172 
3955	87 130 146 
3956	144 
3957	141 147 183 
3958	150 
3959	10 79 186 
3960	167 
3961	24 181 191 
3962	59 
3963	72 
3964	70 128 141 
3965	43 106 183 
3966	33 67 109 
3967	62 68 197 
3968	183 
3969	1 21 84 
3970	128 
3971	94 
3972	59 
3973	74 
3974	125 
3975	126 138 145 
3976	49 143 152 
3977	140 
3978	2 
3979	171 
3980	63 140 193 
3981	172 
3982	25 152 186 
3983	89 111 194 
3984	89 91 102 
3985	150 
3986	38 106 167 
3987	47 56 129 
3988	36 
3989	40 
3990	35 114 131 
3991	163 
3992	74 
3993	1 6 163 
3994	42 152 183 
3995	183 
3996	1 
3997	61 152 182 
3998	159 
3999	122 
4000	174 
4001	124 165 183 
4002	3 76 170 
4003	85 129 172 
4004	187 
4005	113 
4006	68 141 183 
4007	132 148 176 
4008	128 
4009	53 97 141 
4010	128 
4011	21 
4012	141 166 184 
4013	30 39 186 
4014	10 
4015	77 142 144 
4016	12 82 133 
4017	121 
4018	30 146 165 
4019	82 
4020	36 109 166 
4021	5 68 107 
4022	76 
4023	6 169 173 
4024	119 120 146 
4025	39 136 152 
4026	30 
4027	1 146 185 
4028	171 
4029	123 
4030	79 
4031	128 
4032	62 177 183 
4033	87 
4034	3 68 185 
4035	198 
4036	99 
4037	62 91 129 
4038	37 89 171 
4039	70 
4040	92 
4041	82 
4042	11 
4043	62 120 123 
4044	40 56 119 
4045	138 
4046	156 
4047	41 68 132 
4048	101 
4049	2 56 92 
4050	46 
4051	105 
4052	65 80 123 
4053	83 
4054	70 177 186 
4055	74 101 174 
4056	74 
4057	99 164 177 
4058	188 
4059	129 
4060	153 
4061	12 
4062	43 109 184 
4063	13 158 173 
4064	94 123 192 
4065	88 134 139 
4066	72 110 126 
4067	2 52 110 
4068	68 
4069	120 
4070	87 
4071	56 
4072	15 90 100 
4073	1 44 46 
4074	181 
4075	121 
4076	59 106 171 
4077	130 135 194 
4078	30 57 59 
4079	176 
4080	93 
4081	45 
4082	150 
4083	36 
4084	2 108 116 
4085	55 74 198 
4086	148 180 188 
4087	12 194 198 
4088	136 155 177 
4089	131 
4090	16 99 171 
4091	169 
4092	9 
4093	79 101 145 
4094	124 
4095	44 
4096	13 47 124 
4097	150 
4098	7 16 21 
4099	43 167 172 
4100	96 125 173 
4101	51 152 185 
4102	8 92 109 
4103	68 75 150 
4104	150 
4105	10 
4106	88 94 195 
4107	158 
4108	166 
4109	139 
4110	138 
4111	28 62 156 
4112	163 
4113	40 
4114	26 81 189 
4115	90 100 153 
4116	106 119 140 
4117	73 86 178 
4118	171 
4119	100 106 146 
4120	77 101 154 
4121	106 137 184 
4122	182 
4123	43 134 169 
4124	106 
4125	4 91 97 
4126	185 
4127	190 
4128	197 
4129	1 25 183 
4130	21 82 152 
4131	112 
4132	51 
4133	46 105 185 
4134	60 78 90 
4135	11 125 130 
4136	150 
4137	72 
4138	102 
4139	15 37 99 
4140	90 123 167 
4141	17 
4142	91 
4143	29 94 99 
4144	138 
4145	54 115 154 
4146	75 153 183 
4147	160 
4148	106 
4149	137 
4150	25 
4151	61 
4152	43 
4153	145 177 197 
4154	99 124 154 
4155	49 81 164 
4156	43 
4157	115 
4158	44 62 104 
4159	47 
4160	43 
4161	21 
4162	65 
4163	18 109 166 
4164	136 
4165	39 105 164 
4166	77 92 180 
4167	63 
4168	15 51 65 
4169	173 
4170	91 131 150 
4171	157 
4172	62 
4173	21 
4174	65 126 158 
4175	26 151 171 
4176	169 
4177	79 119 194 
4178	104 
4179	11 109 158 
4180	21 62 160 
4181	130 
4182	54 98 160 
4183	101 
4184	59 107 123 
4185	8 14 60 
4186	54 71 152 
4187	30 77 167 
4188	148 
4189	35 64 148 
4190	62 76 153 
4191	125 
4192	160 
4193	123 124 130 
4194	2 30 185 
4195	119 138 152 
4196	73 118 162 
4197	79 
4198	17 72 158 
4199	95 
4200	1 
4201	141 
4202	121 
4203	141 
4204	123 137 161 
4205	35 71 173 
4206	49 73 185 
4207	43 61 62 
4208	38 89 95 
4209	2 56 162 
4210	46 75 171 
4211	116 
4212	73 
4213	128 131 185 
4214	52 116 160 
4215	13 68 79 
4216	119 
4217	29 74 162 
4218	101 
4219	15 
4220	54 
4221	78 107 130 
4222	13 37 89 
4223	144 
4224	25 26 152 
4225	3 109 124 
4226	25 90 145 
4227	17 
4228	110 
4229	2 104 158 
4230	55 88 173 
4231	120 
4232	92 146 160 
4233	44 101 185 
4234	55 
4235	35 160 181 
4236	119 123 151 
4237	152 
4238	1 59 185 
4239	56 
4240	160 
4241	90 
4242	169 
4243	48 135 139 
4244	68 83 190 
4245	7 30 63 
4246	27 55 134 
4247	10 40 156 
4248	27 109 144 
4249	64 88 138 
4250	89 
4251	109 
4252	94 96 172 
4253	164 
4254	106 
4255	189 
4256	80 
4257	9 
4258	109 112 149 
4259	92 
4260	76 84 121 
4261	44 
4262	177 
4263	136 
4264	102 155 180 
4265	21 
4266	9 46 99 
4267	188 
4268	36 41 171 
4269	150 
4270	109 
4271	95 
4272	80 91 183 
4273	11 170 190 
4274	27 28 93 
4275	32 127 194 
4276	20 78 166 
4277	26 119 180 
4278	95 
4279	81 
4280	124 
4281	95 
4282	24 28 194 
4283	164 
4284	122 
4285	24 112 171 
4286	78 87 106 
4287	74 
4288	163 
4289	9 186 189 
4290	154 
4291	41 44 121 
4292	56 167 185 
4293	17 
4294	21 58 171 
4295	167 
4296	7 
4297	116 
4298	26 170 198 
4299	90 179 186 
4300	89 
4301	95 
4302	7 
4303	67 97 116 
4304	2 91 134 
4305	90 
4306	77 
4307	152 
4308	85 101 116 
4309	59 117 128 
4310	28 74 134 
4311	30 67 71 
4312	128 
4313	65 
4314	24 102 196 
4315	169 
4316	29 
4317	94 128 148 
4318	26 158 173 
4319	137 
4320	135 165 183 
4321	120 
4322	47 62 167 
4323	61 
4324	110 
4325	81 
4326	130 
4327	82 
4328	18 21 78 
4329	11 159 168 
4330	146 
4331	46 54 154 
4332	70 88 120 
4333	19 
4334	1 55 74 
4335	130 
4336	103 
4337	4 82 171 
4338	43 50 55 
4339	123 150 172 
4340	5 125 197 
4341	35 92 167 
4342	91 
4343	56 85 94 
4344	47 
4345	6 56 123 
4346	91 
4347	30 96 190 
4348	81 
4349	96 
4350	98 134 138 
4351	29 108 138 
4352	148 160 180 
4353	120 
4354	2 172 186 
4355	138 168 173 
4356	76 130 134 
4357	10 
4358	74 
4359	123 
4360	2 119 149 
4361	44 146 162 
4362	64 77 147 
4363	55 
4364	1 
4365	48 112 116 
4366	11 119 172 
4367	96 118 157 
4368	10 56 144 
4369	69 106 161 
4370	10 109 164 
4371	28 140 190 
4372	198 
4373	116 
4374	30 59 131 
4375	39 68 159 
4376	12 14 123 
4377	154 165 192 
4378	116 
4379	9 139 187 
4380	21 36 169 
4381	138 
4382	51 63 135 
4383	56 148 152 
4384	109 115 188 
4385	134 
4386	10 68 125 
4387	7 124 152 
4388	108 
4389	52 119 129 
4390	10 12 98 
4391	81 
4392	40 
4393	1 98 157 
4394	17 
4395	47 
4396	100 
4397	160 
4398	52 144 147 
4399	166 
4400	26 135 150 
4401	59 85 195 
4402	116 159 172 
4403	21 
4404	62 149 188 
4405	41 
4406	144 159 174 
4407	20 105 168 
4408	26 79 147 
4409	198 
4410	146 
4411	35 36 115 
4412	38 
4413	2 
4414	27 67 83 
4415	79 128 181 
4416	29 
4417	96 
4418	28 
4419	134 
4420	82 123 144 
4421	170 
4422	55 115 184 
4423	186 
4424	173 
4425	20 24 130 
4426	182 
4427	62 88 98 
4428	28 31 87 
4429	26 96 119 
4430	138 
4431	100 
4432	175 
4433	30 
4434	68 
4435	76 
4436	63 79 130 
4437	56 
4438	110 
4439	171 
4440	185 
4441	180 
4442	29 36 146 
4443	59 
4444	52 63 109 
4445	74 120 121 
4446	110 
4447	160 
4448	1 81 139 
4449	1 30 82 
4450	167 
4451	12 96 152 
4452	152 
4453	106 183 194 
4454	5 9 114 
4455	44 98 158 
4456	57 104 128 
4457	92 107 140 
4458	175 
4459	164 
4460	82 138 175 
4461	189 
4462	85 159 168 
4463	89 
4464	54 80 161 
4465	58 94 120 
4466	45 120 193 
4467	106 162 189 
4468	78 130 170 
4469	28 57 106 
4470	14 
4471	116 120 158 
4472	18 163 166 
4473	30 56 106 
4474	154 
4475	109 
4476	185 
4477	158 
4478	31 87 124 
4479	85 150 194 
4480	110 
4481	195 
4482	2 
4483	120 154 177 
4484	72 
4485	43 
4486	59 
4487	53 120 181 
4488	188 
4489	62 138 147 
4490	115 173 174 
4491	174 
4492	10 
4493	30 67 94 
4494	188 
4495	29 89 159 
4496	65 134 164 
4497	198 
4498	83 120 144 
4499	81 130 171 
4500	68 
4501	183 
4502	119 
4503	154 
4504	2 130 163 
4505	131 
4506	13 83 123 
4507	158 163 173 
4508	96 
4509	39 129 134 
4510	189 
4511	140 
4512	68 
4513	128 
4514	68 
4515	195 
4516	146 
4517	115 
4518	4 52 182 
4519	40 59 140 
4520	138 
4521	54 177 188 
4522	25 91 101 
4523	162 
4524	164 
4525	73 104 172 
4526	121 150 156 
4527	173 
4528	88 
4529	6 46 78 
4530	170 
4531	2 53 102 
4532	39 45 92 
4533	47 104 193 
4534	189 
4535	3 
4536	72 
4537	14 
4538	172 173 198 
4539	130 
4540	45 73 156 
4541	165 
4542	144 
4543	28 57 59 
4544	52 
4545	176 188 193 
4546	114 152 194 
4547	40 
4548	166 
4549	73 82 110 
4550	89 124 134 
4551	168 
4552	74 125 135 
4553	12 30 137 
4554	49 
4555	1 170 176 
4556	83 89 151 
4557	27 44 146 
4558	89 97 103 
4559	37 
4560	24 124 157 
4561	1 
4562	95 150 197 
4563	176 
4564	13 121 127 
4565	84 104 142 
4566	66 73 144 
4567	6 163 179 
4568	62 120 166 
4569	135 
4570	136 138 157 
4571	95 106 167 
4572	26 
4573	87 
4574	12 
4575	94 
4576	78 
4577	33 61 113 
4578	165 
4579	115 
4580	27 45 196 
4581	59 130 136 
4582	41 
4583	10 
4584	26 
4585	122 152 196 
4586	3 74 162 
4587	186 
4588	88 
4589	121 
4590	16 
4591	2 
4592	144 
4593	24 65 195 
4594	185 
4595	20 119 132 
4596	123 
4597	11 
4598	27 110 186 
4599	38 95 172 
4600	150 
4601	196 
4602	58 80 187 
4603	1 
4604	7 120 154 
4605	29 107 122 
4606	34 86 113 
4607	33 56 115 
4608	154 
4609	120 
4610	36 61 124 
4611	61 107 196 
4612	152 
4613	52 61 106 
4614	141 
4615	11 
4616	56 99 120 
4617	167 
4618	9 30 174 
4619	13 
4620	49 122 134 
4621	120 
4622	77 
4623	82 140 166 
4624	180 
4625	125 
4626	119 
4627	6 29 100 
4628	158 
4629	107 120 168 
4630	6 77 198 
4631	50 90 176 
4632	142 170 198 
4633	89 98 121 
4634	76 
4635	27 
4636	84 110 123 
4637	141 
4638	196 
4639	94 169 182 
4640	78 174 186 
4641	188 
4642	44 
4643	131 162 194 
4644	60 144 151 
4645	1 67 164 
4646	49 
4647	167 
4648	31 91 134 
4649	150 
4650	142 146 178 
4651	29 56 183 
4652	26 78 99 
4653	189 
4654	21 70 121 
4655	134 
4656	31 99 129 
4657	73 124 154 
4658	88 
4659	30 
4660	162 
4661	89 
4662	30 92 144 
4663	67 
4664	81 164 165 
4665	59 
4666	35 128 130 
4667	55 
4668	13 138 193 
4669	188 
4670	132 
4671	109 146 172 
4672	128 
4673	120 
4674	137 
4675	46 56 152 
4676	108 
4677	27 46 129 
4678	73 186 190 
4679	26 28 49 
4680	7 33 137 
4681	194 
4682	77 81 154 
4683	35 
4684	90 
4685	128 131 132 
4686	14 
4687	68 69 89 
4688	139 
4689	92 
4690	6 
4691	17 26 62 
4692	56 138 198 
4693	135 138 140 
4694	46 73 92 
4695	135 
4696	47 129 141 
4697	12 119 137 
4698	6 14 51 
4699	152 195 198 
4700	80 
4701	106 129 169 
4702	34 62 125 
4703	120 
4704	41 56 65 
4705	109 125 136 
4706	10 122 162 
4707	91 
4708	77 91 111 
4709	37 125 169 
4710	116 
4711	47 67 169 
4712	134 
4713	2 
4714	86 128 154 
4715	1 6 129 
4716	25 141 146 
4717	36 110 163 
4718	138 
4719	11 
4720	16 54 81 
4721	41 156 185 
4722	47 
4723	132 
4724	9 
4725	99 106 188 
4726	186 
4727	31 158 186 
4728	109 147 183 
4729	3 124 154 
4730	73 81 165 
4731	5 147 165 
4732	162 163 172 
4733	28 45 129 
4734	46 77 89 
4735	76 
4736	99 123 162 
4737	156 
4738	6 
4739	92 137 152 
4740	72 
4741	198 
4742	12 
4743	188 
4744	104 
4745	110 
4746	164 
4747	163 
4748	56 101 144 
4749	188 
4750	131 
4751	188 
4752	111 154 192 
4753	150 
4754	54 78 80 
4755	19 28 159 
4756	62 
4757	40 
4758	150 
4759	25 68 121 
4760	44 109 188 
4761	26 159 186 
4762	25 109 147 
4763	134 
4764	55 
4765	173 
4766	44 163 172 
4767	80 
4768	130 133 173 
4769	107 
4770	82 157 171 
4771	90 122 150 
4772	43 69 110 
4773	119 
4774	89 123 156 
4775	88 
4776	171 
4777	17 
4778	150 
4779	177 
4780	81 
4781	17 123 153 
4782	68 73 172 
4783	186 
4784	95 
4785	198 
4786	47 
4787	13 73 197 
4788	160 165 194 
4789	119 175 181 
4790	11 71 134 
4791	144 172 198 
4792	147 156 174 
4793	103 119 122 
4794	74 
4795	123 
4796	56 
4797	62 72 101 
4798	88 
4799	65 96 131 
4800	1 9 157 
4801	65 68 101 
4802	134 
4803	188 
4804	131 
4805	67 126 183 
4806	94 121 193 
4807	162 
4808	96 
4809	10 120 165 
4810	44 77 192 
4811	26 110 136 
4812	92 138 166 
4813	37 78 148 
4814	61 
4815	36 116 154 
4816	54 
4817	59 87 115 
4818	20 57 65 
4819	61 94 198 
4820	101 110 137 
4821	56 95 154 
4822	158 163 194 
4823	119 
4824	164 
4825	197 
4826	160 
4827	12 35 134 
4828	171 
4829	32 49 61 
4830	26 75 133 
4831	13 
4832	62 
4833	146 
4834	81 
4835	69 152 154 
4836	7 105 173 
4837	174 
4838	180 
4839	55 65 153 
4840	188 
4841	120 143 151 
4842	18 92 146 
4843	95 
4844	79 125 154 
4845	34 154 182 
4846	131 172 194 
4847	38 62 137 
4848	169 
4849	26 80 154 
4850	136 
4851	38 121 175 
4852	59 
4853	22 137 141 
4854	16 52 144 
4855	54 59 68 
4856	188 
4857	50 69 83 
4858	106 
4859	77 
4860	38 47 174 
4861	134 
4862	152 154 197 
4863	6 21 127 
4864	41 91 128 
4865	2 88 96 
4866	82 
4867	1 106 125 
4868	3 32 185 
4869	52 71 109 
4870	9 
4871	112 118 144 
4872	122 
4873	120 
4874	68 90 183 
4875	72 
4876	68 171 176 
4877	81 
4878	55 
4879	103 158 172 
4880	156 
4881	168 
4882	59 
4883	99 
4884	5 47 146 
4885	136 163 187 
4886	89 
4887	30 64 181 
4888	22 68 127 
4889	139 140 155 
4890	44 93 170 
4891	43 63 74 
4892	171 
4893	163 
4894	146 
4895	1 26 190 
4896	67 138 176 
4897	27 91 160 
4898	77 
4899	134 
4900	144 
4901	26 
4902	183 
4903	48 126 158 
4904	121 
4905	17 
4906	31 102 160 
4907	96 115 132 
4908	110 
4909	51 128 181 
4910	24 137 169 
4911	3 59 128 
4912	40 78 186 
4913	116 
4914	132 148 189 
4915	90 
4916	81 
4917	71 87 138 
4918	172 
4919	128 
4920	171 
4921	154 184 186 
4922	12 
4923	8 62 106 
4924	59 
4925	18 172 180 
4926	47 110 154 
4927	43 
4928	99 
4929	30 
4930	74 
4931	127 152 185 
4932	52 119 163 
4933	91 120 198 
4934	30 93 185 
4935	41 91 94 
4936	90 116 119 
4937	46 121 174 
4938	125 
4939	10 57 177 
4940	95 
4941	17 37 68 
4942	122 
4943	80 
4944	173 
4945	37 43 96 
4946	19 41 107 
4947	26 128 160 
4948	94 186 195 
4949	13 113 119 
4950	10 19 186 
4951	54 102 168 
4952	81 
4953	26 
4954	78 
4955	68 
4956	1 40 45 
4957	49 122 138 
4958	79 
4959	78 124 189 
4960	67 
4961	25 97 136 
4962	95 156 176 
4963	43 113 123 
4964	130 154 173 
4965	137 171 178 
4966	43 168 188 
4967	59 124 153 
4968	62 88 105 
4969	61 183 196 
4970	162 
4971	37 112 167 
4972	96 
4973	20 40 138 
4974	23 183 197 
4975	47 90 112 
4976	73 
4977	21 115 172 
4978	144 
4979	59 94 173 
4980	1 38 183 
4981	122 186 195 
4982	152 
4983	172 
4984	137 145 170 
4985	170 
4986	126 155 170 
4987	9 26 126 
4988	11 102 172 
4989	144 
4990	52 147 163 
4991	163 
4992	67 130 166 
4993	27 94 117 
4994	7 158 172 
4995	73 98 193 
4996	49 
4997	21 
4998	11 
4999	62 138 158 
5000	92 96 112 
