1	7 8 12 
2	42 
3	112 
4	59 98 181 
5	102 136 162 
6	108 133 182 
7	23 
8	111 
9	1 
10	166 
11	60 90 161 
12	114 
13	70 
14	6 12 94 
15	23 28 139 
16	15 41 46 
17	1 37 51 
18	49 
19	164 
20	132 
21	183 
22	47 
23	145 
24	55 62 109 
25	68 103 113 
26	46 128 151 
27	23 49 74 
28	168 
29	12 48 106 
30	175 
31	100 167 189 
32	153 
33	104 
34	60 
35	75 
36	28 
37	98 
38	99 
39	103 
40	62 
41	155 
42	33 
43	51 109 129 
44	95 156 157 
45	175 
46	172 
47	167 
48	12 90 137 
49	59 149 173 
50	135 
51	112 
52	178 
53	4 71 164 
54	56 94 176 
55	7 21 157 
56	119 
57	35 
58	12 49 158 
59	12 
60	155 
61	141 
62	28 
63	15 44 134 
64	132 
65	54 59 109 
66	27 171 173 
67	69 
68	23 41 170 
69	33 
70	110 
71	15 91 97 
72	42 
73	135 
74	23 66 123 
75	40 
76	50 111 137 
77	5 148 183 
78	181 
79	23 125 139 
80	15 81 117 
81	28 
82	189 
83	78 79 187 
84	54 
85	4 
86	188 
87	35 
88	102 
89	49 
90	84 
91	84 85 133 
92	58 75 107 
93	128 
94	1 
95	117 
96	160 
97	20 87 178 
98	3 
99	86 91 127 
100	62 125 187 
101	37 100 158 
102	185 
103	97 
104	69 
105	111 
106	114 161 166 
107	7 
108	12 113 167 
109	148 
110	81 
111	23 
112	132 
113	19 29 60 
114	174 
115	162 
116	113 
117	12 67 80 
118	72 
119	23 
120	61 
121	104 
122	86 
123	41 
124	146 
125	12 157 181 
126	56 
127	57 136 168 
128	157 
129	66 148 162 
130	28 41 160 
131	156 
132	56 
133	56 129 173 
134	67 112 153 
135	8 83 128 
136	171 
137	16 
138	122 124 173 
139	122 
140	83 
141	51 137 181 
142	73 89 174 
143	107 
144	13 35 161 
145	5 
146	62 
147	100 
148	112 
149	133 
150	89 
151	117 163 169 
152	146 
153	187 
154	77 
155	122 
156	12 89 108 
157	140 174 187 
158	184 
159	186 
160	81 
161	112 
162	63 
163	29 
164	42 
165	21 97 133 
166	31 
167	103 117 137 
168	79 107 180 
169	60 100 151 
170	156 168 170 
171	49 107 136 
172	23 99 156 
173	5 132 133 
174	66 
175	28 73 102 
176	51 
177	99 
178	57 111 163 
179	140 
180	63 
181	162 
182	125 
183	52 53 77 
184	53 138 183 
185	25 98 117 
186	110 
187	70 
188	166 
189	16 78 165 
190	99 105 121 
191	116 
192	140 158 171 
193	66 
194	185 
195	188 
196	157 
197	136 
198	31 51 188 
199	89 
200	44 81 129 
201	154 
202	70 
203	168 
204	110 
205	3 
206	84 106 180 
207	104 
208	62 
209	32 102 136 
210	46 105 149 
211	143 
212	10 
213	72 
214	110 
215	101 
216	162 
217	101 
218	180 
219	98 
220	132 
221	64 
222	84 145 159 
223	70 
224	104 115 128 
225	45 
226	61 
227	51 145 157 
228	90 
229	107 
230	84 
231	4 54 141 
232	124 
233	2 
234	48 
235	22 24 78 
236	51 148 180 
237	161 
238	11 148 177 
239	125 
240	103 
241	116 
242	59 73 128 
243	31 
244	42 60 116 
245	110 
246	10 
247	53 100 152 
248	13 71 95 
249	51 151 169 
250	177 
251	47 
252	132 
253	20 31 98 
254	62 
255	163 
256	29 86 143 
257	175 
258	54 
259	42 
260	84 167 171 
261	36 117 154 
262	99 
263	32 58 168 
264	6 99 179 
265	26 
266	25 179 185 
267	79 
268	96 136 137 
269	62 
270	49 
271	51 
272	189 
273	74 110 131 
274	64 
275	188 
276	11 13 100 
277	81 
278	106 
279	7 
280	157 175 184 
281	116 
282	90 
283	66 
284	70 
285	39 57 63 
286	17 
287	85 181 186 
288	42 
289	35 49 183 
290	129 
291	22 
292	119 
293	170 
294	100 
295	46 
296	7 117 127 
297	71 
298	42 
299	62 
300	83 114 137 
301	186 
302	12 23 114 
303	10 15 96 
304	110 
305	116 
306	182 
307	63 148 177 
308	16 48 108 
309	67 
310	124 
311	46 49 182 
312	1 
313	67 
314	171 
315	15 57 152 
316	51 83 149 
317	16 105 156 
318	14 51 79 
319	176 
320	13 
321	65 171 189 
322	52 
323	99 140 187 
324	158 
325	99 
326	17 
327	6 58 109 
328	158 
329	99 133 165 
330	157 
331	83 99 103 
332	8 
333	79 158 181 
334	145 
335	132 
336	15 49 107 
337	98 
338	11 
339	12 
340	132 
341	15 
342	114 
343	26 114 179 
344	9 82 109 
345	95 
346	139 
347	29 132 181 
348	174 
349	61 
350	91 92 166 
351	26 35 183 
352	188 
353	128 
354	131 
355	19 144 158 
356	19 
357	53 69 100 
358	92 
359	141 
360	6 13 37 
361	7 159 183 
362	7 42 107 
363	161 
364	137 
365	47 104 167 
366	154 
367	162 
368	144 
369	116 
370	30 
371	67 
372	29 154 186 
373	170 
374	108 
375	108 
376	112 148 149 
377	151 
378	89 
379	75 
380	113 132 159 
381	53 
382	71 137 170 
383	42 
384	22 85 160 
385	66 143 182 
386	169 
387	66 184 186 
388	17 75 154 
389	71 91 128 
390	121 
391	6 
392	35 144 149 
393	84 
394	189 
395	73 152 175 
396	20 22 166 
397	1 
398	40 84 91 
399	37 76 122 
400	116 
401	16 
402	96 
403	59 148 153 
404	81 
405	91 111 112 
406	26 91 185 
407	168 
408	88 
409	88 98 112 
410	116 
411	139 
412	114 145 158 
413	147 
414	149 
415	30 84 90 
416	14 
417	74 
418	49 
419	5 34 35 
420	35 
421	31 74 137 
422	57 
423	17 
424	111 127 141 
425	137 
426	34 109 125 
427	39 41 85 
428	168 
429	153 
430	65 80 93 
431	19 61 151 
432	120 
433	81 
434	181 
435	45 49 98 
436	40 
437	66 
438	50 
439	1 117 158 
440	158 
441	19 
442	10 
443	100 145 190 
444	188 
445	32 
446	13 
447	24 112 115 
448	9 
449	86 
450	66 
451	73 
452	91 131 140 
453	88 
454	167 
455	22 132 171 
456	76 
457	41 83 189 
458	59 
459	79 
460	78 
461	153 
462	79 
463	97 
464	137 
465	39 95 107 
466	116 
467	180 
468	12 
469	72 
470	10 
471	142 
472	30 97 181 
473	62 
474	47 86 163 
475	73 114 124 
476	2 
477	83 125 184 
478	31 
479	26 
480	113 
481	71 
482	83 
483	11 62 120 
484	145 
485	145 
486	146 
487	63 
488	62 
489	62 99 116 
490	167 
491	6 26 64 
492	85 
493	166 
494	10 51 84 
495	80 94 117 
496	140 
497	79 98 126 
498	46 48 66 
499	98 117 175 
500	138 
501	21 
502	32 
503	42 
504	128 
505	129 
506	110 117 190 
507	163 
508	137 
509	137 
510	64 103 180 
511	35 104 145 
512	148 
513	155 
514	117 152 157 
515	20 
516	143 
517	16 121 158 
518	12 
519	187 
520	44 
521	7 117 179 
522	8 
523	12 
524	17 113 145 
525	151 
526	35 
527	37 101 169 
528	118 
529	39 83 190 
530	79 
531	116 
532	101 113 166 
533	67 
534	12 76 100 
535	175 
536	23 168 185 
537	79 138 177 
538	79 113 122 
539	66 72 146 
540	49 117 125 
541	12 95 176 
542	151 
543	36 105 187 
544	84 121 154 
545	54 
546	43 59 162 
547	152 
548	170 
549	76 90 117 
550	28 33 45 
551	60 
552	32 
553	35 
554	63 155 186 
555	83 
556	170 
557	166 
558	102 
559	41 
560	23 
561	87 166 170 
562	95 
563	167 
564	172 
565	149 
566	144 
567	149 
568	15 
569	169 
570	146 
571	155 
572	45 99 138 
573	110 117 185 
574	170 
575	79 96 151 
576	132 
577	66 158 185 
578	5 163 174 
579	7 61 65 
580	128 
581	33 57 79 
582	42 62 178 
583	106 
584	61 
585	17 
586	174 
587	19 52 185 
588	152 
589	140 
590	15 
591	157 
592	64 120 136 
593	9 62 108 
594	54 89 116 
595	107 
596	64 148 161 
597	117 160 170 
598	45 
599	170 
600	146 
601	3 
602	84 127 186 
603	16 84 104 
604	68 
605	42 
606	53 
607	7 49 187 
608	44 
609	161 
610	2 
611	17 
612	15 103 133 
613	44 151 177 
614	125 
615	84 
616	34 110 133 
617	22 37 105 
618	12 
619	101 
620	112 
621	79 
622	137 158 166 
623	2 11 88 
624	177 
625	34 
626	173 
627	116 136 161 
628	14 46 135 
629	11 23 85 
630	188 
631	22 149 180 
632	6 95 96 
633	157 
634	89 
635	37 41 55 
636	22 
637	144 
638	66 145 188 
639	23 83 84 
640	2 
641	34 
642	67 
643	161 
644	7 
645	64 110 180 
646	8 
647	1 19 163 
648	27 79 187 
649	145 
650	25 
651	125 
652	4 
653	47 
654	60 
655	118 
656	89 98 184 
657	157 
658	1 102 188 
659	95 140 190 
660	5 25 186 
661	12 74 180 
662	66 
663	144 
664	40 56 83 
665	44 
666	175 
667	171 
668	161 
669	22 57 178 
670	107 
671	29 49 135 
672	25 
673	67 
674	60 110 161 
675	66 71 185 
676	26 36 113 
677	114 148 153 
678	129 139 183 
679	136 
680	136 
681	4 23 91 
682	59 85 145 
683	18 48 59 
684	135 
685	168 
686	128 137 170 
687	1 11 184 
688	82 
689	6 
690	75 
691	173 
692	29 67 181 
693	172 
694	62 136 183 
695	185 
696	159 
697	6 48 51 
698	37 83 114 
699	122 
700	104 148 179 
701	133 147 187 
702	173 
703	128 
704	27 51 158 
705	16 62 110 
706	21 33 156 
707	124 
708	98 
709	62 
710	19 48 63 
711	148 
712	54 73 136 
713	17 123 148 
714	60 73 138 
715	122 133 142 
716	67 126 140 
717	12 13 99 
718	133 
719	32 58 83 
720	131 153 187 
721	98 148 163 
722	4 
723	29 127 152 
724	31 172 187 
725	114 
726	92 100 188 
727	35 
728	140 
729	31 79 112 
730	70 
731	119 
732	132 
733	96 126 137 
734	17 89 104 
735	56 
736	84 162 188 
737	23 
738	85 
739	99 
740	62 
741	84 
742	27 71 187 
743	34 63 187 
744	101 
745	94 
746	71 104 125 
747	9 
748	133 142 187 
749	42 97 184 
750	15 23 161 
751	34 53 95 
752	163 
753	85 106 170 
754	55 83 137 
755	61 80 83 
756	79 
757	41 60 180 
758	8 
759	55 
760	190 
761	116 
762	5 122 183 
763	62 181 183 
764	23 
765	16 
766	8 114 136 
767	110 
768	37 
769	12 
770	43 44 138 
771	23 
772	6 
773	177 
774	128 
775	2 
776	24 99 150 
777	15 97 108 
778	25 49 117 
779	3 33 136 
780	49 
781	44 90 178 
782	69 146 158 
783	103 
784	29 111 121 
785	29 
786	123 
787	23 128 132 
788	58 
789	13 
790	17 74 87 
791	107 
792	5 19 188 
793	20 36 89 
794	138 141 142 
795	91 
796	157 
797	156 
798	85 139 165 
799	11 
800	11 105 157 
801	88 
802	31 32 144 
803	82 
804	62 
805	156 
806	57 
807	111 142 187 
808	71 
809	66 
810	159 
811	14 
812	14 66 97 
813	104 
814	95 
815	25 
816	80 
817	127 
818	125 
819	85 
820	69 
821	54 120 163 
822	13 65 98 
823	54 80 100 
824	30 118 146 
825	168 
826	51 105 136 
827	6 104 113 
828	143 
829	46 
830	54 132 177 
831	74 105 114 
832	60 
833	107 
834	3 184 189 
835	8 25 64 
836	51 
837	90 126 137 
838	12 133 174 
839	83 
840	137 159 167 
841	91 
842	145 
843	39 
844	156 
845	11 31 53 
846	177 
847	64 
848	23 
849	29 49 53 
850	7 152 161 
851	158 
852	15 24 83 
853	62 97 129 
854	160 
855	164 
856	23 
857	123 
858	62 151 184 
859	186 
860	98 170 189 
861	17 
862	1 106 158 
863	73 
864	9 
865	1 
866	4 122 189 
867	88 
868	7 13 32 
869	66 180 188 
870	50 
871	25 
872	82 
873	86 
874	87 
875	42 79 168 
876	114 133 159 
877	156 
878	116 
879	137 
880	35 
881	47 142 174 
882	83 
883	71 
884	47 
885	166 
886	37 
887	181 
888	95 
889	7 
890	15 148 185 
891	55 91 109 
892	106 
893	29 
894	71 73 75 
895	110 
896	12 100 183 
897	20 
898	100 
899	7 35 132 
900	125 
901	41 
902	133 
903	123 158 190 
904	8 
905	116 
906	16 95 105 
907	146 
908	33 93 98 
909	21 44 146 
910	4 71 167 
911	172 
912	39 122 157 
913	179 
914	140 
915	31 81 188 
916	15 53 177 
917	188 
918	28 45 158 
919	39 
920	168 
921	71 
922	73 76 185 
923	174 
924	15 125 132 
925	33 108 146 
926	87 
927	13 77 158 
928	170 
929	9 67 162 
930	48 126 177 
931	27 91 183 
932	5 
933	85 
934	128 
935	181 
936	27 100 144 
937	76 
938	12 
939	67 
940	6 42 88 
941	54 
942	26 
943	50 93 117 
944	95 
945	133 
946	146 
947	39 75 112 
948	82 
949	170 
950	63 134 162 
951	190 
952	43 91 153 
953	126 
954	156 
955	12 107 146 
956	2 76 186 
957	37 80 117 
958	169 
959	8 66 176 
960	187 
961	77 
962	165 
963	186 
964	40 128 139 
965	137 
966	50 
967	115 
968	52 
969	8 
970	34 125 178 
971	2 13 156 
972	28 
973	97 148 151 
974	156 157 170 
975	12 126 148 
976	77 
977	173 
978	11 49 147 
979	48 69 132 
980	60 
981	95 
982	183 
983	88 125 179 
984	8 34 108 
985	127 168 178 
986	42 101 115 
987	30 117 151 
988	97 
989	26 
990	6 
991	27 95 97 
992	6 9 32 
993	158 
994	9 
995	59 117 183 
996	48 136 139 
997	35 53 57 
998	5 56 122 
999	49 
1000	72 
1001	57 83 158 
1002	49 68 114 
1003	31 
1004	32 53 76 
1005	115 
1006	133 136 162 
1007	23 
1008	15 28 121 
1009	154 
1010	91 
1011	31 
1012	71 85 117 
1013	174 
1014	71 103 168 
1015	60 144 177 
1016	152 
1017	38 
1018	133 
1019	127 
1020	139 
1021	182 
1022	19 23 129 
1023	62 
1024	114 
1025	7 42 140 
1026	8 89 142 
1027	46 
1028	14 91 109 
1029	91 
1030	28 49 77 
1031	100 145 158 
1032	86 
1033	15 
1034	109 
1035	97 
1036	108 
1037	75 111 157 
1038	71 102 116 
1039	16 20 89 
1040	24 58 166 
1041	85 86 187 
1042	85 170 181 
1043	98 
1044	112 
1045	129 
1046	42 158 182 
1047	107 
1048	12 35 59 
1049	122 
1050	7 54 145 
1051	82 
1052	42 84 111 
1053	10 24 114 
1054	100 
1055	98 
1056	10 
1057	93 
1058	81 
1059	93 
1060	29 62 183 
1061	75 
1062	148 168 179 
1063	125 
1064	26 78 166 
1065	179 
1066	145 
1067	50 107 168 
1068	51 165 185 
1069	132 
1070	22 51 161 
1071	126 160 163 
1072	169 
1073	83 84 118 
1074	96 
1075	11 
1076	83 154 170 
1077	29 
1078	37 
1079	137 
1080	117 
1081	158 
1082	139 
1083	125 
1084	22 
1085	15 
1086	112 
1087	2 
1088	82 148 157 
1089	180 
1090	6 54 152 
1091	101 
1092	49 99 158 
1093	145 153 190 
1094	36 61 175 
1095	181 
1096	116 
1097	18 
1098	6 
1099	81 
1100	42 
1101	93 
1102	49 
1103	15 157 168 
1104	39 96 114 
1105	71 
1106	8 25 94 
1107	92 163 179 
1108	80 
1109	183 
1110	73 
1111	23 26 88 
1112	32 103 171 
1113	149 
1114	74 
1115	17 
1116	157 
1117	149 
1118	91 
1119	45 
1120	133 
1121	85 
1122	48 
1123	79 130 174 
1124	117 
1125	46 
1126	4 23 168 
1127	51 55 58 
1128	156 
1129	94 107 128 
1130	69 124 148 
1131	51 67 165 
1132	112 
1133	15 
1134	5 
1135	12 
1136	51 
1137	20 41 98 
1138	132 
1139	17 83 148 
1140	62 72 122 
1141	151 
1142	88 
1143	27 84 153 
1144	65 
1145	144 
1146	73 
1147	54 
1148	38 
1149	76 100 122 
1150	43 
1151	7 
1152	12 145 166 
1153	6 
1154	39 49 83 
1155	54 
1156	74 
1157	100 
1158	34 
1159	139 
1160	17 141 152 
1161	140 
1162	54 79 80 
1163	80 
1164	63 
1165	95 120 145 
1166	52 
1167	88 
1168	1 7 99 
1169	16 
1170	152 
1171	134 
1172	60 89 185 
1173	99 
1174	9 23 44 
1175	20 
1176	31 161 179 
1177	67 
1178	89 110 122 
1179	169 
1180	12 124 139 
1181	28 66 122 
1182	41 
1183	116 146 162 
1184	170 
1185	136 
1186	44 
1187	15 40 122 
1188	123 
1189	179 
1190	94 96 161 
1191	110 
1192	182 
1193	7 85 131 
1194	54 113 136 
1195	133 
1196	91 
1197	158 
1198	74 135 171 
1199	59 
1200	105 
1201	98 
1202	122 
1203	54 
1204	98 105 168 
1205	71 
1206	166 
1207	5 131 144 
1208	114 
1209	59 
1210	54 137 150 
1211	145 
1212	186 
1213	71 72 135 
1214	73 
1215	3 143 156 
1216	23 28 49 
1217	110 
1218	46 180 187 
1219	39 147 154 
1220	46 
1221	45 141 156 
1222	95 133 145 
1223	46 
1224	73 148 166 
1225	9 
1226	4 12 33 
1227	50 85 88 
1228	93 
1229	42 105 184 
1230	116 
1231	85 150 163 
1232	2 
1233	48 
1234	72 158 183 
1235	31 
1236	75 
1237	120 
1238	122 
1239	162 
1240	98 106 113 
1241	19 
1242	59 
1243	114 
1244	153 
1245	83 
1246	168 
1247	167 
1248	144 
1249	67 
1250	3 126 127 
1251	174 
1252	116 
1253	37 128 152 
1254	23 
1255	44 83 127 
1256	51 
1257	28 
1258	63 
1259	101 
1260	123 
1261	8 44 122 
1262	84 157 179 
1263	7 
1264	148 
1265	80 
1266	72 90 174 
1267	49 
1268	92 
1269	11 115 184 
1270	180 
1271	170 
1272	86 147 177 
1273	2 66 166 
1274	90 
1275	132 
1276	136 
1277	63 132 158 
1278	172 
1279	12 36 108 
1280	35 95 136 
1281	18 28 125 
1282	143 145 158 
1283	71 
1284	158 
1285	1 5 51 
1286	29 100 190 
1287	59 
1288	40 
1289	156 
1290	158 
1291	20 
1292	43 61 137 
1293	22 
1294	8 57 85 
1295	2 51 146 
1296	44 
1297	98 
1298	99 128 186 
1299	32 105 148 
1300	10 
1301	12 62 87 
1302	67 
1303	186 
1304	139 187 190 
1305	165 
1306	53 
1307	42 
1308	168 
1309	38 
1310	75 112 117 
1311	6 97 128 
1312	157 
1313	181 
1314	60 
1315	156 
1316	2 139 181 
1317	165 
1318	140 
1319	151 
1320	7 
1321	111 
1322	113 
1323	59 
1324	24 140 168 
1325	152 
1326	26 50 174 
1327	69 129 156 
1328	20 25 42 
1329	105 
1330	120 
1331	128 
1332	107 
1333	61 
1334	131 
1335	24 50 122 
1336	132 163 184 
1337	99 
1338	49 
1339	168 
1340	33 
1341	91 
1342	12 
1343	29 65 104 
1344	188 
1345	110 132 141 
1346	71 
1347	24 
1348	57 
1349	102 
1350	42 
1351	2 91 128 
1352	115 
1353	51 92 164 
1354	33 
1355	147 
1356	181 
1357	78 
1358	166 
1359	16 48 127 
1360	36 
1361	11 
1362	142 
1363	42 
1364	129 135 172 
1365	46 
1366	2 4 51 
1367	54 66 151 
1368	97 
1369	105 
1370	39 59 172 
1371	57 
1372	75 
1373	42 
1374	3 100 107 
1375	100 
1376	37 
1377	18 
1378	40 50 131 
1379	68 
1380	122 
1381	20 
1382	163 
1383	90 
1384	104 
1385	137 
1386	147 
1387	168 
1388	25 
1389	42 45 111 
1390	143 
1391	15 133 159 
1392	78 
1393	36 
1394	161 
1395	165 
1396	101 
1397	87 91 108 
1398	35 106 182 
1399	144 
1400	171 
1401	35 50 154 
1402	2 116 169 
1403	160 
1404	86 
1405	174 
1406	12 
1407	157 
1408	102 180 182 
1409	24 
1410	184 
1411	58 
1412	114 
1413	161 
1414	87 
1415	66 
1416	57 
1417	66 
1418	91 
1419	122 
1420	51 
1421	29 
1422	45 
1423	6 61 130 
1424	174 
1425	57 148 166 
1426	29 
1427	14 
1428	49 137 149 
1429	186 
1430	32 62 150 
1431	62 
1432	35 142 166 
1433	2 
1434	128 
1435	24 48 175 
1436	48 66 176 
1437	161 
1438	163 
1439	6 63 94 
1440	64 
1441	188 
1442	37 
1443	37 
1444	54 120 183 
1445	55 
1446	22 
1447	29 
1448	49 133 145 
1449	6 14 136 
1450	73 
1451	80 
1452	125 
1453	32 86 133 
1454	47 132 153 
1455	186 
1456	160 
1457	27 29 137 
1458	51 105 117 
1459	122 
1460	22 
1461	1 37 40 
1462	33 
1463	21 
1464	158 
1465	61 
1466	188 
1467	91 100 163 
1468	153 168 179 
1469	35 
1470	187 
1471	8 
1472	98 
1473	120 
1474	173 
1475	79 125 184 
1476	62 
1477	8 113 164 
1478	133 138 145 
1479	172 175 179 
1480	83 92 112 
1481	17 55 75 
1482	67 
1483	71 104 159 
1484	1 115 182 
1485	171 
1486	9 88 99 
1487	148 
1488	71 85 116 
1489	161 
1490	12 
1491	60 
1492	21 28 151 
1493	42 132 133 
1494	121 
1495	140 
1496	116 
1497	73 
1498	139 140 173 
1499	63 
1500	80 156 176 
1501	164 
1502	15 58 171 
1503	3 
1504	12 
1505	30 168 170 
1506	122 
1507	9 
1508	108 
1509	73 104 153 
1510	23 
1511	67 
1512	9 
1513	72 
1514	20 21 157 
1515	15 
1516	25 95 170 
1517	1 42 86 
1518	190 
1519	133 
1520	134 153 158 
1521	24 91 144 
1522	34 
1523	30 
1524	62 
1525	9 43 57 
1526	99 
1527	98 
1528	150 
1529	137 172 187 
1530	8 79 109 
1531	163 
1532	117 128 160 
1533	48 61 163 
1534	28 79 174 
1535	62 149 186 
1536	83 
1537	106 
1538	118 
1539	51 125 164 
1540	17 35 136 
1541	70 74 175 
1542	100 117 132 
1543	34 83 146 
1544	43 159 189 
1545	62 130 133 
1546	54 104 145 
1547	35 
1548	133 
1549	183 
1550	54 
1551	137 148 179 
1552	50 
1553	49 
1554	19 32 62 
1555	110 
1556	15 49 114 
1557	11 70 129 
1558	61 
1559	37 52 146 
1560	115 119 137 
1561	188 
1562	42 142 162 
1563	170 
1564	101 106 148 
1565	66 
1566	145 
1567	70 
1568	2 27 146 
1569	61 
1570	132 146 147 
1571	44 56 161 
1572	10 55 120 
1573	118 
1574	122 
1575	37 135 180 
1576	72 124 172 
1577	58 
1578	186 
1579	55 
1580	158 
1581	158 
1582	108 116 145 
1583	80 
1584	80 
1585	179 
1586	42 74 156 
1587	51 57 169 
1588	109 123 154 
1589	23 91 185 
1590	53 
1591	66 
1592	35 98 115 
1593	16 
1594	7 51 164 
1595	30 91 112 
1596	73 
1597	179 
1598	154 
1599	11 105 127 
1600	35 38 80 
1601	7 143 177 
1602	66 125 179 
1603	6 36 129 
1604	44 87 110 
1605	99 
1606	79 
1607	10 134 168 
1608	59 
1609	51 59 139 
1610	36 42 156 
1611	42 98 117 
1612	2 23 125 
1613	31 
1614	140 156 170 
1615	146 
1616	119 
1617	12 
1618	17 
1619	20 
1620	77 
1621	72 
1622	62 
1623	36 
1624	137 
1625	23 67 80 
1626	116 
1627	32 148 155 
1628	17 25 156 
1629	116 
1630	187 
1631	95 
1632	104 
1633	22 91 93 
1634	75 
1635	19 
1636	23 
1637	80 
1638	11 69 148 
1639	105 
1640	7 
1641	70 73 131 
1642	170 
1643	87 
1644	115 
1645	168 
1646	15 157 179 
1647	145 
1648	21 
1649	74 
1650	40 
1651	157 
1652	55 78 171 
1653	15 105 148 
1654	41 
1655	11 
1656	25 120 168 
1657	26 44 71 
1658	58 68 157 
1659	7 15 163 
1660	7 54 110 
1661	66 122 127 
1662	61 83 121 
1663	28 
1664	151 
1665	66 117 169 
1666	7 12 15 
1667	137 
1668	2 93 102 
1669	5 107 116 
1670	70 118 148 
1671	89 
1672	15 
1673	132 
1674	49 
1675	37 
1676	42 49 102 
1677	22 91 93 
1678	129 
1679	173 
1680	30 99 182 
1681	67 
1682	124 
1683	121 
1684	29 
1685	74 
1686	107 
1687	98 
1688	138 
1689	49 131 178 
1690	152 
1691	27 54 56 
1692	38 
1693	38 
1694	93 
1695	59 122 165 
1696	12 49 134 
1697	22 122 175 
1698	149 
1699	21 35 81 
1700	99 150 151 
1701	113 
1702	23 
1703	80 
1704	42 96 127 
1705	22 
1706	3 38 137 
1707	75 116 163 
1708	46 
1709	173 
1710	169 
1711	138 
1712	188 
1713	125 
1714	17 
1715	91 
1716	44 85 187 
1717	70 91 140 
1718	25 27 93 
1719	66 114 152 
1720	12 
1721	55 89 138 
1722	41 145 188 
1723	173 
1724	97 
1725	58 
1726	58 87 184 
1727	122 139 151 
1728	28 
1729	86 
1730	175 
1731	69 106 162 
1732	1 133 165 
1733	82 107 131 
1734	35 37 174 
1735	9 
1736	124 
1737	176 
1738	74 106 132 
1739	25 77 188 
1740	159 
1741	145 
1742	52 168 179 
1743	118 175 176 
1744	121 124 160 
1745	37 97 183 
1746	135 
1747	145 
1748	188 
1749	183 
1750	68 80 117 
1751	112 
1752	73 107 153 
1753	117 
1754	59 
1755	53 
1756	3 9 71 
1757	42 110 161 
1758	79 
1759	58 
1760	62 95 162 
1761	108 171 175 
1762	82 125 186 
1763	2 22 154 
1764	5 25 100 
1765	87 
1766	50 129 154 
1767	65 113 161 
1768	49 
1769	157 
1770	2 
1771	135 
1772	184 
1773	173 
1774	190 
1775	158 
1776	190 
1777	27 49 67 
1778	128 139 155 
1779	43 50 182 
1780	124 
1781	7 
1782	11 
1783	1 
1784	20 84 173 
1785	8 23 165 
1786	1 
1787	125 
1788	1 119 134 
1789	11 88 116 
1790	41 72 145 
1791	27 
1792	170 
1793	48 
1794	5 26 66 
1795	42 57 167 
1796	97 107 187 
1797	16 101 177 
1798	82 122 139 
1799	158 
1800	116 
1801	11 73 75 
1802	68 
1803	33 111 134 
1804	58 72 100 
1805	58 
1806	185 
1807	75 
1808	16 31 98 
1809	149 
1810	77 121 176 
1811	62 
1812	155 
1813	125 
1814	32 90 187 
1815	51 76 128 
1816	25 48 91 
1817	82 91 99 
1818	62 69 111 
1819	48 
1820	122 
1821	43 78 103 
1822	83 
1823	61 
1824	166 
1825	101 120 178 
1826	114 
1827	144 
1828	170 
1829	12 101 113 
1830	52 95 97 
1831	111 
1832	60 80 151 
1833	57 
1834	67 
1835	15 
1836	34 
1837	30 69 149 
1838	35 83 118 
1839	168 
1840	9 94 100 
1841	48 118 148 
1842	35 95 156 
1843	61 87 136 
1844	1 
1845	113 
1846	185 
1847	42 64 150 
1848	118 
1849	44 64 139 
1850	76 
1851	79 
1852	151 
1853	33 83 145 
1854	128 
1855	13 
1856	109 
1857	114 
1858	156 
1859	27 
1860	42 
1861	39 59 100 
1862	16 126 136 
1863	44 
1864	49 114 185 
1865	126 
1866	123 
1867	33 99 190 
1868	75 149 174 
1869	100 
1870	121 
1871	186 
1872	94 153 189 
1873	43 
1874	22 
1875	9 
1876	68 
1877	37 117 137 
1878	134 
1879	100 
1880	38 97 150 
1881	76 88 100 
1882	92 170 179 
1883	38 
1884	46 
1885	149 
1886	8 126 179 
1887	35 
1888	68 
1889	37 163 174 
1890	51 
1891	74 
1892	2 
1893	43 
1894	76 
1895	154 
1896	15 
1897	1 16 63 
1898	98 
1899	5 151 160 
1900	135 
1901	14 20 183 
1902	37 92 168 
1903	188 
1904	100 
1905	89 136 160 
1906	37 131 133 
1907	177 
1908	37 
1909	149 
1910	9 100 188 
1911	6 
1912	17 
1913	71 
1914	46 
1915	22 133 153 
1916	30 
1917	60 
1918	79 95 188 
1919	115 
1920	165 
1921	170 
1922	115 
1923	93 
1924	148 
1925	35 
1926	11 165 182 
1927	7 83 107 
1928	2 17 73 
1929	51 
1930	7 65 148 
1931	91 
1932	116 119 186 
1933	51 64 94 
1934	125 
1935	95 
1936	137 
1937	188 
1938	22 112 183 
1939	83 98 133 
1940	132 
1941	22 42 161 
1942	20 63 140 
1943	138 
1944	73 84 99 
1945	170 
1946	38 80 110 
1947	115 
1948	3 66 132 
1949	73 
1950	23 
1951	42 94 100 
1952	163 
1953	36 63 158 
1954	22 
1955	4 35 39 
1956	177 
1957	161 
1958	40 157 166 
1959	99 
1960	107 
1961	2 22 84 
1962	73 137 185 
1963	18 
1964	109 
1965	60 
1966	175 
1967	35 
1968	91 
1969	84 
1970	6 
1971	163 
1972	95 119 146 
1973	166 
1974	121 140 179 
1975	43 
1976	74 136 151 
1977	58 
1978	125 
1979	51 136 179 
1980	188 
1981	115 
1982	58 
1983	66 
1984	110 112 166 
1985	1 32 187 
1986	133 139 179 
1987	44 53 176 
1988	98 
1989	51 
1990	23 98 126 
1991	37 148 167 
1992	117 
1993	42 112 122 
1994	79 
1995	128 
1996	99 
1997	65 73 116 
1998	153 
1999	89 154 188 
2000	163 
2001	100 127 184 
2002	62 116 145 
2003	66 
2004	17 
2005	6 46 95 
2006	58 157 166 
2007	8 
2008	170 
2009	15 137 143 
2010	119 
2011	147 
2012	12 56 156 
2013	61 100 181 
2014	13 122 186 
2015	176 
2016	144 
2017	45 69 90 
2018	93 181 189 
2019	16 125 139 
2020	144 
2021	65 123 166 
2022	78 
2023	70 
2024	117 
2025	158 
2026	181 
2027	188 
2028	22 126 184 
2029	92 
2030	42 
2031	57 105 177 
2032	47 91 166 
2033	186 
2034	48 166 175 
2035	62 66 70 
2036	175 
2037	186 
2038	34 37 103 
2039	42 
2040	100 
2041	90 
2042	62 
2043	100 107 187 
2044	94 
2045	65 73 114 
2046	1 
2047	19 
2048	61 
2049	32 110 133 
2050	115 
2051	83 85 107 
2052	172 
2053	4 
2054	1 112 164 
2055	57 84 132 
2056	183 
2057	53 114 174 
2058	98 
2059	138 178 184 
2060	10 
2061	33 
2062	40 
2063	48 87 138 
2064	30 52 150 
2065	120 133 177 
2066	139 
2067	12 45 99 
2068	170 
2069	15 77 106 
2070	125 139 173 
2071	56 
2072	19 
2073	166 
2074	74 97 177 
2075	70 
2076	84 112 152 
2077	2 20 166 
2078	35 72 111 
2079	29 66 100 
2080	49 66 112 
2081	5 117 178 
2082	35 
2083	112 
2084	182 
2085	27 
2086	2 9 158 
2087	15 35 136 
2088	86 105 116 
2089	4 
2090	79 
2091	31 74 163 
2092	107 156 168 
2093	2 
2094	11 
2095	143 
2096	60 61 158 
2097	63 
2098	125 
2099	145 
2100	104 140 151 
2101	137 
2102	16 64 100 
2103	175 
2104	84 
2105	186 
2106	15 
2107	72 
2108	62 90 180 
2109	159 
2110	111 
2111	59 
2112	19 24 77 
2113	19 
2114	89 
2115	116 132 185 
2116	15 
2117	133 
2118	7 
2119	21 76 88 
2120	71 
2121	4 
2122	129 
2123	23 
2124	71 
2125	112 117 168 
2126	150 
2127	41 
2128	75 
2129	100 
2130	97 147 163 
2131	17 
2132	112 153 181 
2133	130 
2134	121 
2135	75 
2136	148 
2137	132 151 166 
2138	41 
2139	85 
2140	80 
2141	85 
2142	49 54 170 
2143	31 35 67 
2144	156 
2145	83 99 132 
2146	189 
2147	183 
2148	131 
2149	121 
2150	83 95 183 
2151	25 133 139 
2152	108 
2153	82 
2154	91 
2155	151 
2156	69 187 188 
2157	13 
2158	14 
2159	34 
2160	116 
2161	111 145 152 
2162	151 
2163	37 
2164	27 
2165	15 19 54 
2166	42 
2167	5 42 133 
2168	112 132 161 
2169	78 100 132 
2170	16 
2171	37 
2172	187 
2173	54 104 190 
2174	15 30 165 
2175	25 
2176	84 
2177	114 
2178	95 97 113 
2179	128 
2180	107 
2181	151 
2182	155 
2183	7 
2184	1 
2185	51 
2186	11 
2187	63 
2188	168 
2189	104 
2190	158 
2191	23 
2192	41 
2193	83 
2194	51 144 151 
2195	43 
2196	60 
2197	183 
2198	21 
2199	148 
2200	33 47 57 
2201	117 
2202	174 
2203	17 65 71 
2204	47 93 153 
2205	52 102 143 
2206	73 84 95 
2207	35 61 62 
2208	23 
2209	79 95 179 
2210	67 
2211	37 71 80 
2212	54 
2213	24 
2214	49 
2215	23 50 83 
2216	35 55 89 
2217	31 49 170 
2218	109 
2219	49 122 141 
2220	14 52 113 
2221	40 74 105 
2222	124 
2223	97 109 147 
2224	6 24 109 
2225	9 
2226	127 
2227	25 150 187 
2228	73 91 166 
2229	100 139 162 
2230	63 
2231	78 125 140 
2232	39 44 119 
2233	190 
2234	115 144 159 
2235	130 
2236	148 158 168 
2237	77 155 165 
2238	113 
2239	94 101 125 
2240	32 118 133 
2241	30 128 165 
2242	154 
2243	76 
2244	157 
2245	50 
2246	98 114 175 
2247	71 107 116 
2248	156 
2249	18 
2250	65 128 170 
2251	39 
2252	155 
2253	23 67 172 
2254	156 
2255	29 125 134 
2256	19 157 188 
2257	83 112 175 
2258	172 
2259	82 
2260	53 
2261	178 
2262	90 113 115 
2263	57 
2264	8 
2265	187 
2266	52 
2267	131 161 173 
2268	61 
2269	23 
2270	29 
2271	15 112 113 
2272	2 27 50 
2273	16 84 113 
2274	42 117 153 
2275	62 
2276	143 
2277	7 66 100 
2278	3 26 133 
2279	65 
2280	43 
2281	160 
2282	51 129 132 
2283	3 
2284	1 73 171 
2285	85 
2286	144 
2287	34 
2288	42 115 168 
2289	129 
2290	89 
2291	55 
2292	66 
2293	91 111 142 
2294	167 
2295	12 87 112 
2296	17 49 129 
2297	141 
2298	51 
2299	16 34 120 
2300	165 
2301	119 
2302	49 67 131 
2303	151 
2304	18 73 162 
2305	167 
2306	81 99 148 
2307	158 
2308	70 
2309	149 157 175 
2310	15 35 132 
2311	112 
2312	11 
2313	103 
2314	19 
2315	157 
2316	188 
2317	144 
2318	187 
2319	67 79 185 
2320	104 
2321	153 
2322	18 110 175 
2323	12 79 162 
2324	79 
2325	112 
2326	29 
2327	86 
2328	13 58 83 
2329	67 
2330	164 
2331	76 
2332	156 
2333	52 
2334	160 
2335	163 166 184 
2336	111 
2337	89 
2338	99 
2339	180 
2340	186 
2341	6 
2342	137 
2343	97 98 136 
2344	175 
2345	36 
2346	7 48 156 
2347	63 
2348	175 
2349	4 25 169 
2350	47 
2351	67 
2352	174 
2353	117 140 144 
2354	29 184 190 
2355	13 108 168 
2356	169 
2357	122 
2358	12 100 121 
2359	186 
2360	132 189 190 
2361	132 
2362	122 130 168 
2363	126 
2364	38 108 186 
2365	164 
2366	84 
2367	112 167 174 
2368	187 
2369	84 110 150 
2370	150 
2371	143 
2372	175 
2373	17 87 145 
2374	40 60 107 
2375	132 
2376	168 
2377	49 112 167 
2378	94 95 111 
2379	8 
2380	100 108 130 
2381	50 
2382	1 43 97 
2383	100 
2384	83 
2385	15 147 185 
2386	112 132 159 
2387	48 52 85 
2388	49 168 180 
2389	19 
2390	46 107 175 
2391	168 
2392	29 61 157 
2393	30 
2394	24 
2395	152 
2396	145 
2397	175 
2398	13 24 187 
2399	22 
2400	28 
2401	112 
2402	35 95 127 
2403	62 
2404	41 143 175 
2405	86 160 163 
2406	109 120 140 
2407	43 
2408	170 
2409	6 
2410	2 45 175 
2411	32 44 188 
2412	40 
2413	160 
2414	35 
2415	41 44 95 
2416	35 65 129 
2417	60 
2418	63 
2419	34 42 98 
2420	40 134 188 
2421	153 
2422	61 
2423	59 
2424	187 
2425	90 136 137 
2426	7 
2427	21 155 182 
2428	12 30 137 
2429	55 74 175 
2430	128 
2431	62 158 190 
2432	175 
2433	137 
2434	66 83 84 
2435	63 
2436	23 
2437	127 
2438	172 
2439	65 
2440	125 
2441	20 82 111 
2442	60 83 190 
2443	133 
2444	129 
2445	178 
2446	179 
2447	45 
2448	150 
2449	62 
2450	50 62 148 
2451	81 97 136 
2452	9 
2453	122 145 165 
2454	145 
2455	69 
2456	69 
2457	15 145 164 
2458	170 
2459	142 
2460	13 50 128 
2461	164 
2462	66 99 107 
2463	127 
2464	2 18 104 
2465	177 
2466	82 133 168 
2467	77 
2468	187 
2469	32 
2470	148 161 187 
2471	117 156 186 
2472	73 
2473	112 158 170 
2474	36 
2475	4 
2476	62 
2477	62 71 170 
2478	163 
2479	6 62 113 
2480	25 
2481	158 
2482	123 
2483	186 
2484	101 
2485	83 86 146 
2486	117 159 167 
2487	140 156 174 
2488	90 
2489	171 
2490	150 
2491	23 81 101 
2492	17 90 153 
2493	83 
2494	37 41 125 
2495	161 
2496	65 
2497	85 
2498	115 
2499	168 
2500	12 46 158 
2501	28 59 97 
2502	8 9 186 
2503	97 
2504	130 
2505	116 
2506	96 
2507	154 
2508	163 
2509	173 
2510	137 
2511	118 
2512	132 135 175 
2513	66 
2514	73 148 159 
2515	98 132 156 
2516	24 172 186 
2517	79 
2518	102 
2519	7 113 165 
2520	104 
2521	102 137 162 
2522	32 80 91 
2523	112 
2524	47 
2525	7 
2526	74 125 130 
2527	135 168 183 
2528	84 
2529	18 
2530	174 
2531	26 68 76 
2532	53 125 163 
2533	115 
2534	40 64 110 
2535	81 83 132 
2536	80 84 188 
2537	174 
2538	130 
2539	28 
2540	100 108 179 
2541	142 
2542	123 
2543	112 125 148 
2544	61 
2545	171 
2546	118 
2547	115 
2548	109 
2549	51 131 153 
2550	161 
2551	84 100 148 
2552	56 
2553	182 
2554	73 
2555	156 
2556	136 
2557	64 
2558	155 
2559	59 
2560	113 
2561	44 
2562	103 
2563	64 179 183 
2564	34 59 189 
2565	176 
2566	40 
2567	73 
2568	105 112 115 
2569	151 
2570	20 
2571	173 
2572	6 22 133 
2573	49 
2574	125 
2575	77 85 97 
2576	91 
2577	160 
2578	183 
2579	96 
2580	50 97 185 
2581	75 116 132 
2582	13 42 61 
2583	57 
2584	117 132 178 
2585	55 56 163 
2586	9 83 104 
2587	76 
2588	35 82 166 
2589	40 
2590	32 
2591	5 128 162 
2592	80 
2593	38 175 190 
2594	6 
2595	108 
2596	180 
2597	154 
2598	158 
2599	52 
2600	160 
2601	114 
2602	62 66 174 
2603	30 54 172 
2604	70 
2605	37 
2606	15 74 97 
2607	60 95 117 
2608	7 30 83 
2609	120 175 180 
2610	68 
2611	42 85 128 
2612	29 
2613	116 
2614	63 
2615	90 106 140 
2616	132 
2617	144 
2618	50 
2619	17 83 187 
2620	114 156 187 
2621	79 
2622	10 56 79 
2623	162 
2624	148 
2625	58 
2626	137 
2627	189 
2628	31 
2629	143 
2630	57 
2631	53 
2632	142 
2633	48 76 97 
2634	39 89 160 
2635	105 
2636	66 
2637	32 
2638	121 
2639	51 
2640	117 135 172 
2641	144 
2642	175 
2643	40 107 145 
2644	169 
2645	105 
2646	27 110 117 
2647	160 
2648	86 
2649	42 85 137 
2650	12 62 179 
2651	24 83 105 
2652	73 
2653	71 
2654	56 
2655	49 97 157 
2656	51 
2657	29 
2658	66 
2659	23 93 147 
2660	148 
2661	139 
2662	11 41 137 
2663	55 
2664	42 
2665	98 
2666	161 
2667	71 83 128 
2668	40 97 127 
2669	110 
2670	181 
2671	49 59 85 
2672	159 
2673	20 133 149 
2674	154 
2675	64 90 110 
2676	143 156 188 
2677	14 49 163 
2678	44 95 148 
2679	154 
2680	63 97 158 
2681	57 163 186 
2682	98 122 168 
2683	95 112 190 
2684	100 
2685	62 151 160 
2686	35 177 183 
2687	156 
2688	100 
2689	36 
2690	43 58 125 
2691	6 96 139 
2692	70 
2693	35 
2694	161 
2695	178 
2696	136 
2697	47 
2698	58 100 109 
2699	116 
2700	55 85 135 
2701	94 
2702	24 53 166 
2703	125 161 187 
2704	28 78 174 
2705	49 83 121 
2706	31 55 113 
2707	12 62 79 
2708	40 
2709	83 
2710	123 
2711	8 63 128 
2712	152 
2713	82 142 181 
2714	112 117 188 
2715	180 
2716	99 
2717	163 
2718	37 85 110 
2719	172 
2720	75 
2721	76 84 185 
2722	104 
2723	174 
2724	124 
2725	4 48 101 
2726	156 
2727	42 
2728	33 42 142 
2729	136 
2730	73 151 158 
2731	45 
2732	74 96 108 
2733	125 
2734	83 
2735	134 154 174 
2736	29 68 123 
2737	133 
2738	39 
2739	23 32 64 
2740	56 
2741	148 
2742	122 
2743	62 
2744	37 
2745	95 
2746	114 
2747	83 128 161 
2748	16 84 88 
2749	98 
2750	24 40 187 
2751	37 
2752	2 40 68 
2753	107 
2754	32 
2755	93 145 170 
2756	105 
2757	142 
2758	44 138 153 
2759	98 
2760	82 
2761	182 
2762	75 
2763	117 
2764	34 37 105 
2765	45 83 98 
2766	188 
2767	72 
2768	49 
2769	100 
2770	77 125 126 
2771	116 
2772	186 
2773	62 
2774	19 75 79 
2775	100 116 136 
2776	32 49 170 
2777	116 
2778	58 128 160 
2779	157 
2780	178 
2781	83 
2782	139 169 173 
2783	133 
2784	39 
2785	57 84 159 
2786	22 127 144 
2787	178 
2788	182 
2789	97 
2790	164 
2791	34 148 170 
2792	40 101 174 
2793	41 
2794	149 
2795	3 
2796	79 164 185 
2797	2 52 178 
2798	81 163 170 
2799	188 
2800	153 
2801	114 
2802	36 161 183 
2803	43 91 109 
2804	84 
2805	15 149 190 
2806	2 
2807	53 
2808	82 
2809	68 86 175 
2810	32 91 166 
2811	157 
2812	98 175 179 
2813	29 30 139 
2814	126 
2815	55 
2816	14 101 132 
2817	32 117 188 
2818	23 44 187 
2819	131 
2820	5 
2821	30 
2822	2 
2823	66 101 157 
2824	122 
2825	62 66 134 
2826	167 
2827	42 46 55 
2828	1 117 120 
2829	4 83 156 
2830	105 
2831	126 
2832	148 
2833	87 118 157 
2834	78 
2835	5 
2836	14 19 122 
2837	8 
2838	152 
2839	46 
2840	75 134 148 
2841	35 
2842	79 
2843	131 161 171 
2844	70 
2845	2 115 163 
2846	122 
2847	40 
2848	23 
2849	37 
2850	11 12 108 
2851	50 
2852	125 
2853	13 
2854	11 
2855	3 
2856	144 
2857	23 91 130 
2858	41 
2859	15 158 186 
2860	29 31 83 
2861	122 132 153 
2862	95 107 108 
2863	22 
2864	27 97 137 
2865	1 67 112 
2866	81 
2867	66 73 142 
2868	146 148 179 
2869	11 
2870	89 
2871	15 35 149 
2872	51 122 140 
2873	63 117 156 
2874	77 168 171 
2875	62 
2876	143 
2877	92 108 120 
2878	89 96 97 
2879	80 
2880	20 60 98 
2881	78 
2882	8 66 178 
2883	12 65 181 
2884	17 51 101 
2885	98 117 133 
2886	63 156 171 
2887	80 
2888	42 
2889	7 32 75 
2890	34 
2891	108 
2892	9 111 145 
2893	32 
2894	83 
2895	27 105 136 
2896	147 
2897	2 84 148 
2898	9 99 148 
2899	83 168 187 
2900	79 117 168 
2901	85 
2902	10 
2903	96 
2904	50 57 166 
2905	111 133 175 
2906	151 
2907	29 
2908	125 
2909	17 40 148 
2910	171 
2911	34 137 139 
2912	96 
2913	119 
2914	37 99 160 
2915	34 128 158 
2916	188 
2917	134 
2918	98 
2919	49 
2920	120 
2921	66 
2922	12 115 132 
2923	45 177 179 
2924	2 95 100 
2925	43 91 188 
2926	34 144 174 
2927	34 102 145 
2928	6 163 188 
2929	65 
2930	134 
2931	140 
2932	11 30 168 
2933	41 156 181 
2934	87 
2935	38 
2936	136 
2937	100 
2938	110 
2939	5 
2940	147 
2941	102 
2942	144 170 175 
2943	181 
2944	31 
2945	146 
2946	2 
2947	83 
2948	141 
2949	41 112 132 
2950	105 
2951	15 74 160 
2952	145 
2953	156 
2954	42 117 124 
2955	68 
2956	81 99 100 
2957	7 100 186 
2958	12 42 49 
2959	63 
2960	174 
2961	181 
2962	8 51 67 
2963	27 73 168 
2964	29 146 175 
2965	32 
2966	116 134 151 
2967	156 
2968	172 
2969	1 71 168 
2970	143 
2971	68 89 177 
2972	170 
2973	188 
2974	41 51 62 
2975	21 
2976	148 
2977	71 
2978	166 
2979	51 80 158 
2980	5 100 154 
2981	87 
2982	188 
2983	66 102 173 
2984	35 
2985	132 
2986	15 71 165 
2987	52 
2988	11 
2989	3 
2990	73 
2991	156 
2992	5 
2993	4 75 155 
2994	2 5 128 
2995	189 
2996	8 23 175 
2997	6 
2998	113 
2999	168 
3000	23 121 157 
3001	166 
3002	169 
3003	37 62 113 
3004	91 
3005	42 
3006	116 131 173 
3007	37 
3008	184 
3009	4 95 96 
3010	103 125 184 
3011	60 
3012	61 120 122 
3013	113 
3014	146 
3015	1 
3016	149 
3017	51 60 86 
3018	150 
3019	3 
3020	99 
3021	4 12 57 
3022	37 122 169 
3023	83 85 179 
3024	17 
3025	70 85 137 
3026	84 
3027	3 
3028	41 
3029	50 77 116 
3030	133 
3031	86 119 130 
3032	168 
3033	41 95 183 
3034	62 98 132 
3035	60 
3036	43 110 146 
3037	12 158 160 
3038	132 
3039	87 151 156 
3040	71 133 176 
3041	22 33 40 
3042	44 107 110 
3043	30 
3044	185 
3045	83 
3046	81 
3047	145 172 173 
3048	5 132 180 
3049	62 111 168 
3050	90 
3051	119 165 183 
3052	115 
3053	11 86 87 
3054	18 87 115 
3055	42 
3056	42 
3057	28 98 145 
3058	29 66 122 
3059	19 
3060	168 
3061	103 
3062	2 
3063	4 98 174 
3064	112 145 148 
3065	69 84 145 
3066	179 
3067	18 
3068	125 
3069	84 86 122 
3070	5 
3071	4 23 172 
3072	184 
3073	57 
3074	133 
3075	170 
3076	67 93 160 
3077	57 110 112 
3078	129 140 159 
3079	136 
3080	59 
3081	137 155 175 
3082	100 105 162 
3083	144 
3084	15 101 142 
3085	51 180 189 
3086	12 71 152 
3087	42 85 142 
3088	54 161 175 
3089	31 63 166 
3090	62 77 91 
3091	112 
3092	19 37 51 
3093	121 143 173 
3094	51 
3095	127 131 183 
3096	116 
3097	89 113 116 
3098	26 
3099	17 145 188 
3100	103 
3101	6 
3102	62 93 129 
3103	132 151 152 
3104	168 
3105	116 120 137 
3106	48 
3107	25 34 181 
3108	138 
3109	46 136 180 
3110	91 
3111	2 35 97 
3112	35 131 135 
3113	181 
3114	87 
3115	153 
3116	21 
3117	96 
3118	3 8 188 
3119	12 111 126 
3120	15 158 161 
3121	60 
3122	112 
3123	15 
3124	20 145 162 
3125	102 
3126	39 122 123 
3127	21 
3128	163 
3129	162 
3130	83 137 170 
3131	168 
3132	7 
3133	34 74 105 
3134	186 
3135	185 
3136	57 75 125 
3137	1 
3138	132 137 180 
3139	26 
3140	51 
3141	18 101 156 
3142	186 
3143	27 
3144	78 117 156 
3145	7 
3146	106 125 130 
3147	152 
3148	43 
3149	159 161 179 
3150	29 
3151	153 
3152	163 
3153	42 71 170 
3154	158 
3155	23 44 145 
3156	30 
3157	28 54 183 
3158	107 132 170 
3159	34 71 166 
3160	22 83 122 
3161	123 153 170 
3162	156 
3163	49 
3164	37 
3165	16 37 99 
3166	81 101 114 
3167	184 
3168	59 
3169	91 158 179 
3170	46 136 148 
3171	32 101 103 
3172	47 
3173	34 76 106 
3174	180 
3175	51 
3176	165 
3177	42 95 106 
3178	25 79 100 
3179	20 
3180	141 
3181	81 
3182	149 
3183	65 99 153 
3184	49 157 158 
3185	19 27 128 
3186	120 
3187	145 
3188	154 
3189	1 80 101 
3190	50 
3191	95 
3192	125 
3193	91 
3194	87 168 172 
3195	51 66 151 
3196	21 
3197	120 
3198	128 
3199	62 170 174 
3200	61 
3201	69 112 178 
3202	156 
3203	133 
3204	85 138 144 
3205	62 
3206	81 99 170 
3207	100 175 180 
3208	77 
3209	71 
3210	51 
3211	127 140 185 
3212	17 45 175 
3213	188 
3214	130 
3215	179 
3216	185 
3217	48 
3218	70 
3219	144 
3220	158 
3221	42 
3222	139 
3223	29 66 68 
3224	32 76 184 
3225	27 
3226	115 
3227	176 
3228	105 
3229	83 106 163 
3230	108 
3231	147 
3232	54 82 130 
3233	78 
3234	162 
3235	107 
3236	8 
3237	23 26 166 
3238	163 
3239	93 
3240	176 
3241	91 
3242	26 108 128 
3243	56 108 132 
3244	83 
3245	148 
3246	15 25 148 
3247	60 
3248	23 49 153 
3249	161 
3250	93 117 140 
3251	131 
3252	99 
3253	1 
3254	149 
3255	11 34 68 
3256	62 
3257	13 44 134 
3258	42 62 119 
3259	91 
3260	92 
3261	12 
3262	61 
3263	2 
3264	84 98 120 
3265	19 103 159 
3266	41 
3267	68 
3268	85 113 169 
3269	114 
3270	24 
3271	177 
3272	110 
3273	54 
3274	176 
3275	12 57 91 
3276	9 
3277	7 101 103 
3278	73 
3279	2 53 79 
3280	102 
3281	130 
3282	15 139 181 
3283	69 103 153 
3284	141 
3285	98 
3286	2 64 174 
3287	37 83 145 
3288	136 
3289	79 
3290	62 
3291	49 
3292	71 88 186 
3293	12 60 107 
3294	35 106 184 
3295	42 
3296	12 63 176 
3297	61 
3298	121 
3299	146 
3300	126 
3301	15 
3302	26 
3303	15 
3304	6 
3305	1 54 156 
3306	31 61 132 
3307	73 101 143 
3308	15 
3309	109 
3310	84 
3311	42 62 83 
3312	181 
3313	123 
3314	117 
3315	67 
3316	66 132 141 
3317	5 64 83 
3318	123 
3319	164 
3320	188 
3321	93 
3322	19 
3323	41 
3324	107 
3325	126 
3326	93 
3327	12 
3328	153 
3329	136 
3330	66 100 101 
3331	119 
3332	83 
3333	42 
3334	133 
3335	32 
3336	5 112 179 
3337	52 94 136 
3338	6 72 80 
3339	51 
3340	24 83 186 
3341	82 
3342	12 136 184 
3343	71 
3344	5 
3345	51 66 87 
3346	36 
3347	186 
3348	155 
3349	137 
3350	7 
3351	54 130 135 
3352	91 113 157 
3353	10 
3354	74 
3355	5 91 129 
3356	109 
3357	170 
3358	163 
3359	112 142 145 
3360	178 
3361	114 
3362	12 140 186 
3363	73 
3364	151 
3365	81 
3366	156 
3367	94 152 157 
3368	107 155 158 
3369	133 
3370	12 99 108 
3371	61 73 100 
3372	37 77 179 
3373	21 78 136 
3374	42 
3375	157 
3376	98 
3377	190 
3378	62 99 137 
3379	79 124 173 
3380	130 163 174 
3381	26 54 62 
3382	153 
3383	15 28 66 
3384	118 
3385	73 
3386	157 169 181 
3387	138 
3388	145 
3389	26 170 177 
3390	7 41 69 
3391	156 
3392	20 51 172 
3393	69 
3394	93 
3395	23 109 170 
3396	15 91 117 
3397	19 132 170 
3398	59 66 102 
3399	131 
3400	1 66 174 
3401	23 
3402	117 
3403	166 
3404	66 
3405	144 
3406	8 
3407	186 
3408	102 
3409	114 
3410	138 
3411	62 
3412	29 
3413	1 103 142 
3414	100 
3415	59 
3416	38 111 132 
3417	13 
3418	138 
3419	156 
3420	97 
3421	66 
3422	95 167 184 
3423	112 
3424	98 
3425	175 
3426	45 168 181 
3427	163 
3428	114 
3429	50 
3430	170 
3431	5 
3432	95 
3433	173 
3434	33 
3435	11 35 41 
3436	107 
3437	6 
3438	96 100 102 
3439	142 
3440	32 
3441	79 
3442	61 
3443	73 
3444	103 
3445	89 
3446	100 125 160 
3447	10 
3448	37 
3449	40 133 144 
3450	62 
3451	74 
3452	59 156 169 
3453	93 
3454	2 
3455	151 
3456	37 
3457	4 97 149 
3458	60 117 174 
3459	94 96 112 
3460	76 
3461	51 128 137 
3462	121 
3463	152 
3464	145 149 187 
3465	54 
3466	40 
3467	165 
3468	54 
3469	187 
3470	33 83 178 
3471	56 
3472	8 
3473	145 
3474	15 144 161 
3475	107 150 170 
3476	84 126 133 
3477	17 34 148 
3478	66 
3479	144 
3480	11 125 179 
3481	152 
3482	29 51 139 
3483	84 114 115 
3484	97 
3485	117 
3486	97 120 171 
3487	70 
3488	105 139 146 
3489	8 
3490	6 58 132 
3491	66 
3492	51 105 127 
3493	99 
3494	139 
3495	171 
3496	105 
3497	57 
3498	8 33 71 
3499	114 
3500	62 90 160 
3501	62 
3502	46 
3503	99 125 136 
3504	72 78 99 
3505	118 
3506	23 153 179 
3507	29 57 122 
3508	13 
3509	186 
3510	25 70 122 
3511	125 
3512	60 160 168 
3513	89 99 183 
3514	22 132 143 
3515	2 105 181 
3516	14 91 160 
3517	61 72 179 
3518	121 
3519	51 
3520	40 
3521	76 
3522	7 148 184 
3523	5 64 188 
3524	14 
3525	137 
3526	115 132 156 
3527	24 78 144 
3528	183 
3529	103 134 163 
3530	92 
3531	61 
3532	141 159 179 
3533	26 
3534	96 
3535	156 
3536	179 
3537	77 112 161 
3538	120 
3539	165 
3540	32 
3541	164 
3542	110 
3543	23 
3544	19 89 91 
3545	132 
3546	20 
3547	79 
3548	1 
3549	136 
3550	44 91 97 
3551	90 111 172 
3552	23 
3553	51 119 136 
3554	22 126 189 
3555	55 
3556	12 
3557	169 
3558	125 
3559	53 
3560	158 
3561	28 
3562	85 
3563	18 
3564	133 
3565	89 
3566	61 71 104 
3567	51 
3568	10 28 109 
3569	33 133 143 
3570	37 
3571	8 65 116 
3572	34 
3573	137 
3574	8 89 149 
3575	71 118 156 
3576	11 
3577	21 157 173 
3578	33 
3579	87 
3580	60 
3581	34 
3582	58 61 168 
3583	1 
3584	100 
3585	58 108 185 
3586	12 166 172 
3587	20 57 96 
3588	107 
3589	1 
3590	154 
3591	120 
3592	40 
3593	34 92 174 
3594	32 
3595	29 32 156 
3596	25 87 134 
3597	91 97 133 
3598	94 95 185 
3599	57 
3600	3 
3601	41 
3602	185 
3603	51 162 170 
3604	153 
3605	98 
3606	28 134 163 
3607	23 
3608	23 51 73 
3609	24 
3610	7 
3611	43 
3612	57 
3613	133 
3614	40 96 174 
3615	63 107 125 
3616	16 
3617	152 
3618	71 
3619	175 
3620	44 74 80 
3621	2 
3622	179 
3623	44 
3624	105 174 175 
3625	148 
3626	5 100 108 
3627	137 
3628	5 12 175 
3629	111 
3630	11 67 136 
3631	102 
3632	122 
3633	47 
3634	95 
3635	129 
3636	41 89 154 
3637	116 163 175 
3638	78 91 98 
3639	1 
3640	75 76 148 
3641	158 
3642	60 
3643	125 
3644	108 163 178 
3645	177 
3646	55 125 134 
3647	155 
3648	7 86 115 
3649	73 
3650	2 50 67 
3651	98 101 183 
3652	61 147 180 
3653	107 
3654	100 
3655	54 79 133 
3656	21 
3657	79 
3658	156 
3659	7 34 96 
3660	41 
3661	57 
3662	127 146 154 
3663	4 39 187 
3664	168 
3665	22 41 137 
3666	114 152 157 
3667	33 34 176 
3668	23 99 102 
3669	62 72 146 
3670	188 
3671	170 
3672	84 
3673	168 
3674	3 
3675	19 50 116 
3676	65 83 168 
3677	107 
3678	184 
3679	187 
3680	161 
3681	40 
3682	117 133 163 
3683	50 133 180 
3684	25 80 148 
3685	64 89 114 
3686	42 
3687	146 
3688	59 
3689	100 
3690	84 
3691	13 137 153 
3692	66 
3693	66 89 134 
3694	27 159 180 
3695	10 80 94 
3696	91 127 168 
3697	120 
3698	71 136 169 
3699	2 
3700	133 
3701	67 
3702	74 
3703	129 
3704	126 
3705	19 91 177 
3706	56 128 138 
3707	62 
3708	13 100 125 
3709	88 
3710	166 
3711	87 95 148 
3712	79 115 145 
3713	112 132 166 
3714	38 148 157 
3715	54 
3716	64 
3717	15 
3718	89 
3719	75 
3720	11 
3721	168 
3722	83 
3723	78 
3724	12 71 163 
3725	41 
3726	12 22 124 
3727	128 
3728	17 
3729	28 32 34 
3730	7 73 185 
3731	139 158 177 
3732	28 105 163 
3733	73 84 188 
3734	24 
3735	146 
3736	163 
3737	145 
3738	41 112 117 
3739	165 
3740	1 54 125 
3741	42 
3742	136 186 190 
3743	125 
3744	51 
3745	61 
3746	70 
3747	101 145 181 
3748	157 166 183 
3749	35 51 167 
3750	162 
3751	170 
3752	97 133 172 
3753	18 158 170 
3754	45 60 104 
3755	25 
3756	23 39 85 
3757	128 
3758	86 124 168 
3759	173 
3760	159 
3761	95 
3762	149 
3763	11 
3764	74 105 189 
3765	166 
3766	64 
3767	96 175 179 
3768	110 
3769	37 95 166 
3770	12 89 156 
3771	41 115 147 
3772	98 
3773	89 
3774	23 57 175 
3775	2 
3776	49 132 156 
3777	14 
3778	61 
3779	54 
3780	15 
3781	1 24 122 
3782	125 
3783	188 
3784	27 76 91 
3785	156 
3786	28 86 171 
3787	95 157 188 
3788	79 
3789	69 115 148 
3790	163 171 177 
3791	19 
3792	67 98 122 
3793	175 
3794	101 
3795	31 37 114 
3796	114 
3797	48 130 150 
3798	188 
3799	51 54 125 
3800	182 
3801	64 
3802	56 94 127 
3803	120 140 148 
3804	41 95 102 
3805	156 
3806	22 160 170 
3807	33 66 145 
3808	26 
3809	78 125 182 
3810	67 95 131 
3811	86 
3812	83 114 131 
3813	62 
3814	87 
3815	128 
3816	125 
3817	5 
3818	100 
3819	138 
3820	117 
3821	59 
3822	183 
3823	26 59 179 
3824	122 133 163 
3825	5 21 156 
3826	30 
3827	132 
3828	4 12 144 
3829	73 
3830	88 95 146 
3831	64 
3832	15 16 110 
3833	6 91 188 
3834	97 107 116 
3835	9 
3836	125 
3837	37 83 92 
3838	96 
3839	16 67 97 
3840	10 22 70 
3841	54 
3842	115 129 135 
3843	12 40 45 
3844	58 80 161 
3845	12 83 143 
3846	132 
3847	62 
3848	59 152 158 
3849	89 100 146 
3850	62 
3851	123 134 136 
3852	73 
3853	146 
3854	57 
3855	7 35 104 
3856	41 
3857	85 
3858	26 125 170 
3859	76 
3860	154 
3861	40 
3862	122 
3863	1 
3864	66 
3865	160 
3866	96 163 170 
3867	16 54 142 
3868	17 117 174 
3869	14 79 179 
3870	23 66 175 
3871	66 71 174 
3872	22 
3873	145 183 188 
3874	15 
3875	43 
3876	134 
3877	179 
3878	15 
3879	58 98 100 
3880	102 
3881	89 117 144 
3882	81 
3883	11 79 108 
3884	7 18 33 
3885	19 27 41 
3886	101 
3887	108 166 174 
3888	78 
3889	57 129 137 
3890	6 
3891	19 42 74 
3892	128 150 162 
3893	28 76 133 
3894	93 
3895	33 
3896	54 62 121 
3897	32 104 168 
3898	16 
3899	137 
3900	132 
3901	7 60 186 
3902	132 
3903	54 
3904	145 
3905	172 
3906	13 
3907	51 86 139 
3908	71 97 101 
3909	53 74 188 
3910	2 121 147 
3911	122 
3912	3 79 158 
3913	83 100 145 
3914	49 54 168 
3915	23 
3916	127 
3917	166 
3918	24 67 114 
3919	74 99 104 
3920	2 22 99 
3921	102 
3922	16 62 103 
3923	70 166 190 
3924	158 
3925	15 17 109 
3926	71 74 103 
3927	1 57 114 
3928	31 92 106 
3929	157 
3930	53 80 145 
3931	163 
3932	107 
3933	112 
3934	67 
3935	92 139 145 
3936	166 
3937	56 65 99 
3938	43 104 174 
3939	133 
3940	36 117 158 
3941	6 37 42 
3942	189 
3943	23 32 115 
3944	122 
3945	45 
3946	175 
3947	103 
3948	89 
3949	169 
3950	100 
3951	179 
3952	108 
3953	86 
3954	133 134 146 
3955	154 
3956	1 
3957	81 118 161 
3958	43 70 168 
3959	1 
3960	129 
3961	62 
3962	175 
3963	73 108 175 
3964	62 
3965	35 
3966	115 
3967	60 
3968	31 
3969	117 
3970	161 
3971	87 127 156 
3972	23 
3973	51 
3974	188 
3975	148 
3976	84 
3977	181 
3978	136 
3979	145 151 187 
3980	190 
3981	32 33 35 
3982	41 
3983	23 78 83 
3984	95 
3985	77 
3986	145 159 185 
3987	66 84 88 
3988	15 148 188 
3989	12 152 154 
3990	133 
3991	25 
3992	1 73 172 
3993	2 26 29 
3994	9 14 79 
3995	51 
3996	2 
3997	19 115 167 
3998	128 
3999	15 
4000	12 93 113 
4001	8 
4002	161 
4003	91 
4004	12 15 77 
4005	56 
4006	48 97 98 
4007	36 47 148 
4008	35 
4009	133 
4010	26 
4011	15 101 133 
4012	170 
4013	101 149 188 
4014	58 66 115 
4015	141 144 185 
4016	136 
4017	12 42 49 
4018	94 96 140 
4019	91 
4020	148 
4021	59 71 146 
4022	16 
4023	75 
4024	79 
4025	15 29 128 
4026	114 
4027	87 
4028	13 
4029	43 
4030	85 
4031	49 53 74 
4032	158 
4033	93 
4034	65 
4035	62 152 170 
4036	60 124 168 
4037	21 
4038	33 140 176 
4039	128 
4040	4 17 170 
4041	88 
4042	91 
4043	1 159 169 
4044	143 
4045	121 
4046	93 157 187 
4047	14 81 85 
4048	138 
4049	145 
4050	134 
4051	102 162 183 
4052	45 
4053	39 
4054	117 144 146 
4055	57 
4056	37 80 129 
4057	83 
4058	7 80 155 
4059	45 
4060	50 
4061	31 
4062	68 76 157 
4063	38 61 84 
4064	148 
4065	70 
4066	49 91 132 
4067	104 145 165 
4068	56 
4069	25 51 92 
4070	156 
4071	128 134 145 
4072	48 
4073	42 
4074	28 56 74 
4075	121 148 156 
4076	23 80 114 
4077	7 
4078	101 
4079	33 162 163 
4080	133 
4081	98 122 189 
4082	98 
4083	70 109 158 
4084	189 
4085	71 
4086	12 56 101 
4087	131 
4088	115 122 143 
4089	17 
4090	133 154 165 
4091	116 
4092	81 
4093	85 150 187 
4094	64 
4095	121 145 149 
4096	62 99 120 
4097	47 50 133 
4098	16 73 96 
4099	32 
4100	66 158 163 
4101	21 97 123 
4102	137 175 190 
4103	37 
4104	133 
4105	13 101 112 
4106	67 145 151 
4107	16 44 161 
4108	16 21 65 
4109	6 7 122 
4110	21 
4111	19 
4112	89 
4113	100 157 185 
4114	162 
4115	72 163 166 
4116	4 
4117	10 38 122 
4118	8 15 172 
4119	56 71 185 
4120	175 
4121	184 
4122	128 
4123	17 67 71 
4124	20 27 66 
4125	77 
4126	133 164 182 
4127	1 20 117 
4128	42 
4129	145 
4130	136 137 140 
4131	59 
4132	56 79 85 
4133	190 
4134	108 
4135	62 
4136	29 68 99 
4137	65 
4138	136 
4139	162 
4140	140 
4141	68 
4142	47 66 179 
4143	148 
4144	168 
4145	62 88 162 
4146	19 83 162 
4147	86 115 157 
4148	40 
4149	16 42 91 
4150	179 
4151	165 
4152	107 128 145 
4153	97 
4154	42 
4155	15 
4156	25 
4157	6 83 149 
4158	89 
4159	59 61 161 
4160	32 33 110 
4161	87 
4162	40 73 130 
4163	6 
4164	21 23 28 
4165	7 160 177 
4166	7 35 144 
4167	83 
4168	25 
4169	71 
4170	77 111 178 
4171	18 35 83 
4172	148 
4173	100 170 188 
4174	27 
4175	71 114 125 
4176	115 
4177	132 
4178	101 
4179	170 
4180	175 
4181	101 
4182	4 
4183	165 
4184	121 
4185	19 
4186	30 66 122 
4187	26 
4188	22 
4189	73 107 122 
4190	95 
4191	107 
4192	49 
4193	149 
4194	49 
4195	181 
4196	15 40 78 
4197	51 
4198	90 98 151 
4199	32 37 103 
4200	111 
4201	42 
4202	17 
4203	145 152 188 
4204	12 
4205	168 
4206	91 
4207	120 
4208	27 154 183 
4209	179 
4210	100 117 181 
4211	70 
4212	2 120 170 
4213	153 
4214	165 
4215	34 
4216	87 101 141 
4217	184 
4218	51 
4219	16 116 117 
4220	66 
4221	62 
4222	61 
4223	22 47 120 
4224	44 
4225	84 
4226	12 58 164 
4227	91 116 148 
4228	74 89 146 
4229	41 
4230	34 
4231	14 
4232	2 
4233	62 105 180 
4234	5 104 107 
4235	97 
4236	125 146 165 
4237	105 
4238	28 
4239	14 35 141 
4240	16 
4241	84 
4242	54 90 158 
4243	126 
4244	59 60 152 
4245	29 108 160 
4246	117 
4247	91 
4248	34 100 136 
4249	35 136 181 
4250	134 164 188 
4251	188 
4252	26 67 151 
4253	17 
4254	179 
4255	174 
4256	158 
4257	116 117 185 
4258	14 59 160 
4259	105 
4260	140 
4261	98 109 131 
4262	70 104 184 
4263	82 149 173 
4264	117 148 175 
4265	61 
4266	132 
4267	56 128 183 
4268	26 
4269	6 35 91 
4270	183 
4271	166 
4272	179 
4273	103 
4274	73 83 120 
4275	99 
4276	12 
4277	119 174 186 
4278	37 
4279	112 
4280	105 
4281	91 
4282	29 
4283	85 
4284	35 
4285	90 144 181 
4286	31 67 97 
4287	1 11 150 
4288	8 183 186 
4289	28 55 73 
4290	64 121 158 
4291	78 
4292	21 97 139 
4293	53 97 139 
4294	71 
4295	38 67 99 
4296	39 90 103 
4297	127 
4298	170 
4299	156 
4300	84 
4301	186 
4302	29 110 133 
4303	71 
4304	29 
4305	117 
4306	8 14 16 
4307	5 28 74 
4308	79 
4309	95 
4310	125 
4311	67 
4312	76 112 186 
4313	2 170 184 
4314	143 
4315	34 146 186 
4316	143 
4317	75 
4318	27 
4319	105 
4320	21 
4321	185 
4322	104 
4323	6 155 172 
4324	35 101 156 
4325	13 48 139 
4326	31 55 119 
4327	27 41 49 
4328	78 
4329	8 71 172 
4330	159 
4331	51 
4332	19 86 91 
4333	87 
4334	153 
4335	15 60 137 
4336	111 
4337	51 85 92 
4338	66 101 176 
4339	145 
4340	66 
4341	51 
4342	56 67 186 
4343	9 137 153 
4344	23 91 170 
4345	41 117 174 
4346	22 
4347	1 114 118 
4348	7 40 66 
4349	98 
4350	62 132 168 
4351	186 
4352	13 16 18 
4353	62 
4354	100 
4355	7 160 163 
4356	95 162 177 
4357	15 
4358	108 
4359	188 
4360	170 
4361	96 125 154 
4362	43 
4363	115 
4364	133 136 172 
4365	156 
4366	145 
4367	23 42 170 
4368	2 
4369	84 
4370	83 
4371	104 
4372	74 90 148 
4373	71 151 186 
4374	183 
4375	15 17 39 
4376	34 160 168 
4377	67 145 165 
4378	34 73 157 
4379	157 
4380	37 42 112 
4381	35 57 146 
4382	16 122 163 
4383	88 91 154 
4384	187 
4385	67 
4386	107 112 128 
4387	128 145 173 
4388	54 121 152 
4389	125 
4390	163 
4391	109 148 168 
4392	115 121 181 
4393	168 
4394	100 
4395	15 
4396	14 23 161 
4397	67 
4398	136 
4399	46 
4400	27 
4401	15 
4402	17 20 58 
4403	174 
4404	31 68 145 
4405	170 
4406	98 
4407	87 121 135 
4408	13 165 186 
4409	59 88 139 
4410	117 
4411	180 
4412	116 
4413	26 66 79 
4414	16 
4415	157 
4416	11 
4417	146 159 166 
4418	29 33 85 
4419	3 170 190 
4420	109 116 118 
4421	170 
4422	10 73 75 
4423	87 
4424	15 151 157 
4425	4 29 133 
4426	42 
4427	37 48 66 
4428	112 
4429	20 92 102 
4430	103 
4431	37 
4432	5 
4433	59 
4434	73 
4435	111 181 186 
4436	110 
4437	170 
4438	67 
4439	29 111 136 
4440	145 
4441	46 67 145 
4442	143 171 182 
4443	39 77 138 
4444	22 
4445	91 
4446	25 
4447	175 
4448	37 40 175 
4449	177 
4450	45 59 82 
4451	166 
4452	148 
4453	137 
4454	151 
4455	71 
4456	61 66 92 
4457	85 124 166 
4458	105 
4459	15 
4460	99 
4461	23 39 168 
4462	115 
4463	11 59 163 
4464	60 61 91 
4465	23 108 150 
4466	57 
4467	177 
4468	190 
4469	46 
4470	32 41 114 
4471	43 47 125 
4472	12 24 84 
4473	180 
4474	168 
4475	41 91 145 
4476	15 
4477	143 
4478	1 157 162 
4479	117 119 168 
4480	161 
4481	133 
4482	145 
4483	101 
4484	62 134 158 
4485	57 
4486	2 
4487	136 
4488	9 
4489	35 43 56 
4490	117 
4491	14 43 96 
4492	144 
4493	158 
4494	5 
4495	100 
4496	97 127 187 
4497	39 
4498	126 136 147 
4499	29 111 148 
4500	23 123 132 
4501	170 
4502	122 140 145 
4503	91 
4504	120 141 190 
4505	85 122 185 
4506	156 
4507	149 
4508	41 118 122 
4509	83 129 183 
4510	143 152 179 
4511	11 
4512	48 89 114 
4513	20 
4514	136 
4515	16 95 174 
4516	17 75 153 
4517	75 
4518	68 100 121 
4519	73 77 90 
4520	47 122 182 
4521	156 
4522	19 
4523	67 
4524	40 
4525	122 146 180 
4526	2 79 125 
4527	12 102 126 
4528	175 
4529	74 
4530	117 153 179 
4531	49 104 136 
4532	70 101 175 
4533	2 32 95 
4534	49 
4535	60 109 174 
4536	48 
4537	26 66 145 
4538	97 
4539	81 114 118 
4540	79 
4541	59 
4542	57 71 184 
4543	29 
4544	23 38 87 
4545	102 
4546	19 
4547	2 55 166 
4548	91 132 180 
4549	51 
4550	7 23 181 
4551	17 125 152 
4552	67 
4553	16 149 153 
4554	73 
4555	142 168 190 
4556	37 
4557	6 72 101 
4558	95 117 154 
4559	99 
4560	2 
4561	99 132 173 
4562	110 
4563	156 
4564	66 
4565	14 41 81 
4566	73 
4567	125 152 184 
4568	146 
4569	36 122 136 
4570	59 95 174 
4571	161 
4572	186 
4573	115 
4574	184 
4575	5 
4576	71 
4577	23 91 117 
4578	18 62 79 
4579	32 148 167 
4580	49 
4581	7 
4582	83 148 161 
4583	19 
4584	19 
4585	35 84 157 
4586	93 110 148 
4587	151 
4588	100 
4589	6 
4590	125 
4591	72 129 173 
4592	11 34 93 
4593	12 29 159 
4594	149 
4595	31 42 187 
4596	12 60 76 
4597	140 
4598	17 
4599	1 
4600	25 
4601	29 
4602	105 
4603	157 
4604	91 139 178 
4605	133 
4606	26 
4607	166 
4608	7 107 132 
4609	89 
4610	145 
4611	45 112 159 
4612	84 
4613	79 89 161 
4614	180 
4615	89 133 183 
4616	29 
4617	13 
4618	61 98 152 
4619	121 
4620	86 156 163 
4621	23 
4622	2 
4623	158 
4624	132 
4625	187 
4626	128 
4627	163 
4628	57 
4629	23 107 160 
4630	66 116 149 
4631	174 
4632	20 60 121 
4633	98 
4634	29 
4635	5 116 155 
4636	24 61 166 
4637	23 
4638	117 
4639	100 133 185 
4640	51 76 153 
4641	99 
4642	91 
4643	115 
4644	31 83 161 
4645	23 
4646	166 
4647	59 
4648	190 
4649	34 
4650	148 
4651	99 153 157 
4652	83 152 188 
4653	23 49 181 
4654	9 41 87 
4655	22 136 187 
4656	1 
4657	61 
4658	46 
4659	42 
4660	7 12 140 
4661	184 
4662	8 49 117 
4663	108 
4664	145 
4665	45 55 184 
4666	83 
4667	153 
4668	19 
4669	132 156 174 
4670	54 79 152 
4671	98 
4672	105 
4673	48 106 137 
4674	1 
4675	157 
4676	9 52 116 
4677	156 
4678	108 
4679	140 
4680	12 39 95 
4681	25 
4682	180 
4683	110 
4684	6 
4685	39 66 187 
4686	102 178 180 
4687	73 
4688	8 
4689	12 20 84 
4690	49 100 163 
4691	34 
4692	128 
4693	73 156 165 
4694	47 115 158 
4695	125 151 187 
4696	91 
4697	59 
4698	112 
4699	190 
4700	14 127 181 
4701	156 173 175 
4702	157 
4703	66 94 157 
4704	98 
4705	42 110 158 
4706	41 60 134 
4707	139 148 175 
4708	2 5 54 
4709	37 128 175 
4710	112 
4711	35 61 157 
4712	11 84 174 
4713	151 
4714	9 37 148 
4715	29 67 125 
4716	46 51 188 
4717	79 132 166 
4718	45 61 178 
4719	12 52 139 
4720	40 
4721	39 83 100 
4722	105 117 188 
4723	133 
4724	149 
4725	1 90 146 
4726	67 
4727	99 
4728	140 
4729	112 
4730	34 95 131 
4731	52 54 125 
4732	8 71 81 
4733	51 122 149 
4734	137 139 166 
4735	2 68 107 
4736	139 
4737	132 166 168 
4738	170 
4739	186 
4740	59 
4741	42 
4742	132 
4743	3 128 136 
4744	39 50 157 
4745	41 68 78 
4746	9 15 105 
4747	133 
4748	42 
4749	188 
4750	84 133 161 
4751	148 
4752	24 69 81 
4753	132 
4754	168 
4755	105 
4756	2 13 98 
4757	89 135 150 
4758	179 
4759	42 
4760	16 
4761	16 42 187 
4762	5 
4763	11 46 128 
4764	87 
4765	42 91 92 
4766	16 46 112 
4767	110 
4768	41 68 183 
4769	59 
4770	125 
4771	49 
4772	162 
4773	61 
4774	29 140 153 
4775	185 
4776	134 140 161 
4777	67 
4778	54 75 185 
4779	146 
4780	122 
4781	42 
4782	85 
4783	25 
4784	91 102 117 
4785	83 117 137 
4786	139 
4787	35 62 125 
4788	2 
4789	66 68 163 
4790	60 
4791	74 81 109 
4792	37 43 163 
4793	148 
4794	26 37 61 
4795	74 
4796	8 
4797	57 
4798	162 
4799	37 
4800	37 
4801	148 
4802	183 
4803	183 
4804	9 60 142 
4805	1 29 101 
4806	69 70 87 
4807	11 
4808	59 
4809	100 
4810	12 117 167 
4811	29 114 179 
4812	12 13 125 
4813	46 91 179 
4814	153 
4815	116 
4816	41 
4817	3 34 99 
4818	42 128 144 
4819	37 
4820	168 
4821	46 148 153 
4822	101 
4823	42 
4824	66 
4825	168 
4826	40 
4827	71 
4828	45 117 161 
4829	58 149 166 
4830	15 
4831	34 
4832	22 
4833	149 
4834	45 98 145 
4835	95 
4836	122 133 158 
4837	117 
4838	103 114 133 
4839	83 115 163 
4840	11 17 91 
4841	83 
4842	73 74 91 
4843	15 
4844	145 
4845	44 
4846	49 115 133 
4847	67 78 138 
4848	50 67 132 
4849	67 103 125 
4850	8 
4851	44 
4852	170 
4853	157 
4854	98 124 133 
4855	34 174 179 
4856	12 
4857	12 
4858	174 
4859	85 
4860	122 123 145 
4861	74 
4862	35 
4863	3 41 168 
4864	97 
4865	12 
4866	66 
4867	161 
4868	12 
4869	35 
4870	145 
4871	44 106 116 
4872	62 
4873	121 145 189 
4874	186 
4875	14 136 187 
4876	41 118 141 
4877	12 19 184 
4878	30 37 123 
4879	125 
4880	44 101 113 
4881	132 
4882	22 137 185 
4883	73 
4884	1 37 168 
4885	133 
4886	91 
4887	79 
4888	168 
4889	29 145 170 
4890	100 
4891	17 
4892	59 
4893	53 91 96 
4894	46 106 134 
4895	62 80 182 
4896	39 98 164 
4897	16 163 175 
4898	95 111 137 
4899	49 
4900	188 
4901	183 
4902	111 159 183 
4903	73 
4904	6 
4905	91 
4906	23 138 181 
4907	137 
4908	31 98 160 
4909	59 100 175 
4910	125 
4911	139 
4912	50 66 152 
4913	51 137 190 
4914	163 
4915	156 
4916	91 
4917	83 87 126 
4918	46 139 157 
4919	27 40 136 
4920	19 
4921	24 42 73 
4922	6 
4923	95 
4924	2 18 107 
4925	14 19 76 
4926	40 
4927	115 
4928	114 
4929	85 
4930	107 
4931	16 20 42 
4932	44 151 182 
4933	71 
4934	98 
4935	34 48 76 
4936	114 
4937	62 
4938	136 141 181 
4939	66 
4940	79 
4941	183 
4942	11 32 61 
4943	67 91 188 
4944	59 61 66 
4945	66 
4946	15 29 65 
4947	41 
4948	51 66 95 
4949	38 89 98 
4950	1 187 190 
4951	187 
4952	100 152 184 
4953	21 35 66 
4954	79 
4955	99 
4956	47 168 170 
4957	128 
4958	2 63 186 
4959	42 147 165 
4960	79 
4961	130 158 189 
4962	7 101 189 
4963	51 
4964	67 78 187 
4965	6 101 104 
4966	84 
4967	8 29 175 
4968	23 27 159 
4969	74 
4970	66 
4971	45 122 123 
4972	23 
4973	79 
4974	12 
4975	18 145 154 
4976	51 
4977	1 114 161 
4978	117 
4979	15 59 159 
4980	24 80 140 
4981	60 
4982	139 
4983	41 148 158 
4984	34 
4985	73 
4986	78 79 183 
4987	61 143 186 
4988	71 
4989	73 
4990	58 71 190 
4991	149 183 185 
4992	49 123 188 
4993	110 
4994	101 109 188 
4995	91 
4996	84 
4997	145 
4998	107 
4999	6 90 125 
5000	23 
