1	89 
2	115 
3	64 
4	64 
5	6 18 72 
6	110 
7	128 
8	36 
9	119 
10	87 93 133 
11	119 
12	34 
13	122 
14	43 
15	23 60 80 
16	17 
17	14 44 94 
18	23 
19	2 
20	127 
21	60 
22	47 
23	28 
24	41 
25	66 
26	132 
27	101 
28	119 
29	12 
30	69 
31	25 62 105 
32	53 
33	18 77 96 
34	47 
35	6 
36	72 
37	96 
38	7 48 101 
39	128 
40	19 
41	26 
42	24 67 134 
43	46 
44	6 
45	63 
46	124 
47	9 63 100 
48	49 
49	1 
50	87 
51	98 
52	30 65 128 
53	82 
54	7 
55	111 
56	59 66 137 
57	9 
58	34 
59	12 
60	23 
61	7 38 73 
62	29 91 116 
63	136 
64	90 
65	31 
66	10 
67	31 60 102 
68	19 29 123 
69	41 57 94 
70	60 
71	10 
72	14 
73	7 
74	58 
75	116 
76	53 
77	9 19 100 
78	5 38 132 
79	59 
80	134 
81	63 
82	64 
83	47 
84	66 
85	133 
86	46 
87	17 31 51 
88	5 
89	48 
90	88 
91	121 
92	89 
93	11 28 75 
94	6 28 85 
95	25 
96	7 17 24 
97	16 
98	96 
99	6 
100	85 
101	88 
102	37 
103	32 58 105 
104	39 
105	131 
106	30 
107	4 18 68 
108	116 
109	33 
110	63 
111	29 
112	25 31 71 
113	19 
114	111 
115	26 
116	134 
117	116 
118	94 116 132 
119	16 
120	41 53 101 
121	37 
122	36 
123	23 
124	86 
125	7 21 28 
126	10 
127	94 
128	26 106 119 
129	16 54 86 
130	43 47 85 
131	4 47 86 
132	80 
133	2 
134	83 
135	17 
136	137 
137	16 17 61 
138	75 
139	96 
140	17 49 112 
141	58 
142	94 
143	53 70 122 
144	55 
145	106 
146	99 
147	24 
148	20 
149	28 47 124 
150	73 
151	10 
152	75 96 137 
153	21 
154	2 
155	129 132 134 
156	75 
157	2 
158	25 94 103 
159	62 
160	78 
161	16 69 91 
162	21 
163	26 
164	40 
165	39 85 137 
166	98 
167	80 
168	79 
169	81 
170	76 
171	128 
172	128 
173	28 29 102 
174	33 
175	23 75 138 
176	80 86 126 
177	73 
178	97 
179	25 45 86 
180	86 
181	11 
182	20 
183	85 
184	102 
185	90 
186	91 
187	10 
188	59 
189	26 
190	36 
191	10 
192	40 
193	2 
194	83 
195	9 
196	59 71 99 
197	25 
198	29 
199	1 
200	36 
201	12 40 64 
202	110 
203	38 
204	24 129 130 
205	68 
206	130 
207	106 
208	58 109 116 
209	88 
210	76 114 119 
211	116 
212	29 79 96 
213	23 
214	36 
215	33 
216	67 77 129 
217	130 
218	47 72 116 
219	5 63 117 
220	23 
221	116 
222	18 26 40 
223	82 
224	1 
225	52 89 126 
226	11 46 110 
227	47 
228	129 
229	136 
230	46 
231	93 
232	138 
233	129 
234	16 
235	81 
236	43 
237	6 
238	32 
239	137 
240	19 52 62 
241	57 68 137 
242	5 
243	119 126 135 
244	29 38 87 
245	71 
246	36 
247	16 
248	24 
249	90 
250	128 
251	14 
252	28 
253	105 
254	7 
255	112 
256	85 
257	123 
258	97 
259	122 
260	131 
261	62 
262	131 
263	47 
264	60 80 99 
265	48 
266	54 
267	6 58 128 
268	60 62 118 
269	32 123 132 
270	9 
271	14 
272	90 108 109 
273	36 117 126 
274	20 36 86 
275	12 
276	47 
277	69 71 85 
278	71 
279	114 
280	36 42 46 
281	89 130 136 
282	6 24 137 
283	58 
284	14 113 128 
285	89 
286	28 60 102 
287	4 18 23 
288	137 
289	13 
290	17 
291	2 5 80 
292	8 
293	28 136 137 
294	4 58 77 
295	132 
296	28 
297	135 
298	18 23 116 
299	50 
300	85 
301	64 73 137 
302	59 128 138 
303	60 
304	126 
305	30 33 115 
306	90 
307	133 
308	47 
309	124 
310	21 106 133 
311	45 
312	14 
313	41 
314	50 
315	10 
316	109 
317	89 
318	126 
319	19 
320	24 
321	133 
322	70 
323	41 
324	8 
325	64 
326	115 
327	13 
328	2 
329	17 53 57 
330	75 
331	118 
332	76 
333	26 
334	62 
335	124 
336	22 
337	56 
338	109 
339	110 
340	51 
341	16 
342	96 
343	81 
344	29 
345	130 
346	102 
347	136 
348	131 
349	58 
350	115 
351	120 
352	47 
353	133 
354	28 
355	81 88 113 
356	12 
357	136 
358	18 
359	62 
360	64 65 67 
361	23 
362	107 113 117 
363	53 
364	33 
365	29 
366	6 
367	57 69 95 
368	59 
369	85 
370	80 
371	53 
372	43 
373	136 
374	13 38 117 
375	90 
376	84 
377	60 
378	31 
379	24 28 126 
380	130 
381	121 
382	39 
383	54 
384	123 
385	34 
386	58 
387	122 
388	59 
389	39 
390	83 
391	31 
392	133 
393	66 
394	99 
395	22 
396	46 
397	9 
398	120 121 128 
399	13 
400	31 
401	70 
402	26 
403	39 47 126 
404	18 
405	3 
406	110 
407	29 50 137 
408	67 
409	50 
410	79 
411	119 
412	72 
413	54 71 86 
414	5 72 92 
415	54 
416	5 
417	38 129 138 
418	86 
419	101 
420	66 78 118 
421	77 84 135 
422	54 
423	48 
424	17 90 100 
425	13 
426	10 47 85 
427	39 
428	115 
429	84 
430	47 
431	76 
432	81 
433	115 
434	31 
435	82 
436	135 
437	127 
438	124 
439	124 
440	103 
441	31 
442	115 
443	54 
444	54 80 116 
445	19 
446	67 
447	86 
448	7 
449	53 
450	136 
451	28 
452	29 
453	2 
454	77 
455	122 124 126 
456	38 
457	17 
458	13 
459	128 
460	79 96 134 
461	81 96 97 
462	57 
463	39 
464	33 70 94 
465	12 
466	69 
467	137 
468	89 
469	50 
470	66 
471	63 
472	48 
473	136 
474	30 
475	80 
476	70 
477	3 
478	52 
479	60 80 131 
480	102 
481	119 
482	116 
483	94 
484	24 
485	55 93 134 
486	40 
487	28 73 136 
488	131 
489	71 
490	30 31 123 
491	80 
492	80 
493	53 86 119 
494	19 
495	1 
496	120 
497	6 
498	47 
499	99 
500	18 
501	31 65 86 
502	26 38 46 
503	108 
504	80 
505	18 54 133 
506	24 
507	12 81 138 
508	63 
509	132 
510	7 112 135 
511	127 
512	68 128 134 
513	133 
514	9 32 104 
515	26 
516	115 
517	113 
518	113 
519	3 
520	99 
521	94 
522	58 
523	130 
524	123 
525	21 112 130 
526	116 
527	29 
528	92 
529	46 70 128 
530	79 
531	116 
532	75 116 117 
533	41 
534	97 
535	6 
536	129 
537	116 117 137 
538	69 
539	117 
540	93 
541	70 
542	23 
543	7 23 94 
544	83 
545	90 
546	10 
547	53 
548	131 
549	136 
550	36 
551	89 116 134 
552	39 
553	130 
554	105 
555	44 
556	92 
557	36 49 130 
558	63 81 126 
559	26 
560	19 
561	1 5 116 
562	99 
563	68 
564	36 
565	105 
566	66 
567	4 
568	85 92 115 
569	76 
570	110 
571	50 
572	89 
573	58 68 113 
574	42 49 117 
575	10 
576	118 
577	94 124 126 
578	93 
579	108 
580	56 
581	52 
582	51 
583	6 
584	71 
585	58 
586	53 
587	96 
588	70 75 134 
589	89 
590	21 67 100 
591	2 18 131 
592	86 
593	101 
594	73 
595	79 
596	24 
597	112 
598	65 
599	63 89 136 
600	55 
601	115 
602	33 
603	65 
604	17 18 50 
605	26 51 87 
606	26 
607	5 
608	71 
609	118 133 138 
610	117 
611	33 
612	97 
613	87 94 131 
614	31 
615	3 
616	109 
617	18 63 138 
618	92 95 102 
619	137 
620	39 93 133 
621	91 
622	24 
623	106 
624	13 
625	55 
626	128 
627	105 
628	29 
629	53 104 111 
630	18 
631	29 
632	73 
633	80 104 133 
634	131 
635	99 
636	47 
637	124 
638	21 
639	17 123 133 
640	38 
641	118 
642	29 
643	70 
644	19 81 108 
645	85 
646	96 
647	66 102 135 
648	111 
649	6 44 75 
650	83 
651	26 
652	89 
653	52 
654	55 
655	126 
656	96 
657	34 
658	74 
659	20 
660	79 
661	74 
662	18 
663	135 
664	94 
665	93 
666	5 57 105 
667	69 
668	88 104 133 
669	125 
670	2 
671	23 
672	28 
673	116 
674	55 
675	12 
676	53 
677	71 
678	115 
679	21 50 69 
680	94 
681	40 
682	89 
683	118 
684	87 
685	23 24 46 
686	12 20 115 
687	75 
688	36 85 99 
689	51 
690	115 
691	53 
692	63 
693	31 60 124 
694	64 
695	61 
696	29 59 101 
697	33 
698	70 
699	109 
700	138 
701	55 
702	43 
703	1 
704	80 
705	130 
706	74 
707	77 
708	137 
709	62 
710	32 
711	19 63 65 
712	61 
713	15 
714	33 
715	30 89 119 
716	19 115 126 
717	9 
718	7 
719	60 89 136 
720	99 
721	132 
722	77 
723	79 
724	81 
725	135 
726	17 50 109 
727	17 
728	135 
729	35 
730	66 
731	126 
732	44 
733	50 
734	38 
735	28 62 115 
736	38 78 114 
737	34 
738	28 89 101 
739	137 
740	94 
741	39 
742	53 
743	24 
744	8 14 48 
745	136 
746	80 
747	126 
748	81 
749	98 
750	17 
751	105 
752	54 
753	124 
754	38 89 109 
755	23 
756	119 
757	73 
758	9 
759	55 
760	75 
761	45 
762	60 
763	29 
764	100 
765	5 
766	97 
767	71 90 117 
768	28 
769	60 
770	40 
771	54 
772	52 
773	26 66 94 
774	13 
775	2 25 65 
776	33 
777	7 29 47 
778	114 
779	136 
780	136 
781	92 
782	63 
783	45 
784	100 
785	10 68 137 
786	114 
787	82 
788	108 
789	1 
790	100 
791	72 79 83 
792	117 
793	67 
794	71 
795	37 
796	24 53 62 
797	22 
798	75 
799	72 
800	6 
801	49 76 94 
802	86 
803	19 
804	6 
805	6 50 66 
806	81 
807	53 
808	96 
809	128 
810	53 
811	15 
812	75 
813	60 
814	91 
815	93 
816	129 
817	133 
818	67 74 109 
819	94 
820	67 
821	38 45 122 
822	23 
823	44 
824	80 
825	36 
826	115 
827	7 103 129 
828	19 61 92 
829	24 
830	80 91 110 
831	128 
832	21 
833	94 
834	63 
835	116 
836	126 
837	60 
838	87 
839	52 66 88 
840	70 
841	9 126 135 
842	94 
843	23 35 94 
844	94 
845	119 
846	9 28 123 
847	108 
848	49 111 128 
849	80 
850	43 
851	33 
852	58 
853	9 
854	110 
855	3 23 50 
856	50 
857	47 58 133 
858	73 
859	81 
860	28 
861	99 
862	55 
863	12 116 127 
864	7 50 81 
865	109 
866	80 
867	70 
868	37 40 112 
869	8 101 122 
870	62 72 104 
871	8 
872	112 
873	103 
874	16 
875	79 
876	55 
877	43 
878	33 83 136 
879	12 92 137 
880	9 
881	19 
882	29 
883	19 45 76 
884	20 
885	36 
886	82 
887	66 
888	17 
889	115 
890	136 
891	119 
892	58 89 123 
893	22 38 61 
894	28 
895	101 124 133 
896	106 
897	54 
898	84 89 134 
899	34 
900	66 
901	103 
902	103 
903	93 
904	75 
905	83 
906	56 87 109 
907	4 
908	54 
909	126 
910	65 117 128 
911	42 
912	24 
913	30 
914	19 
915	99 
916	119 
917	24 37 73 
918	36 
919	72 91 115 
920	90 105 128 
921	26 40 129 
922	29 80 93 
923	102 
924	9 20 94 
925	30 
926	17 
927	38 82 130 
928	26 109 134 
929	97 
930	77 
931	128 
932	5 16 31 
933	56 
934	47 
935	33 
936	128 
937	6 14 15 
938	16 78 131 
939	12 100 126 
940	67 
941	124 
942	57 
943	47 
944	131 
945	16 
946	4 
947	50 
948	56 
949	43 
950	83 
951	20 53 75 
952	137 
953	105 
954	129 
955	102 
956	25 
957	28 111 126 
958	101 
959	100 
960	98 
961	19 
962	78 
963	97 
964	99 
965	12 
966	79 
967	9 
968	108 
969	58 
970	5 
971	132 
972	9 17 87 
973	33 
974	43 63 99 
975	6 
976	103 
977	136 
978	12 
979	28 
980	26 37 117 
981	12 80 102 
982	72 
983	57 
984	21 
985	100 
986	131 
987	29 40 75 
988	28 
989	30 
990	73 
991	66 
992	63 94 119 
993	63 
994	28 72 132 
995	124 
996	32 
997	126 
998	82 
999	10 
1000	6 
1001	130 
1002	131 
1003	76 
1004	99 
1005	130 
1006	73 
1007	6 
1008	25 
1009	25 36 54 
1010	105 
1011	28 
1012	63 
1013	31 
1014	96 
1015	118 
1016	103 
1017	62 
1018	55 
1019	77 
1020	18 133 136 
1021	58 
1022	86 
1023	40 
1024	38 
1025	47 
1026	57 
1027	14 
1028	19 59 63 
1029	40 
1030	60 
1031	136 
1032	109 
1033	64 
1034	136 
1035	10 
1036	66 
1037	7 24 129 
1038	55 
1039	133 
1040	119 
1041	7 94 101 
1042	28 126 136 
1043	127 
1044	128 
1045	28 55 101 
1046	31 
1047	24 
1048	34 94 103 
1049	19 
1050	3 
1051	36 
1052	101 
1053	33 
1054	131 
1055	79 124 126 
1056	95 
1057	45 66 81 
1058	82 
1059	120 
1060	76 
1061	24 
1062	122 
1063	65 
1064	20 53 66 
1065	8 
1066	58 
1067	1 
1068	45 
1069	130 
1070	40 
1071	34 
1072	116 
1073	79 
1074	62 
1075	113 
1076	23 36 55 
1077	29 
1078	3 
1079	107 
1080	89 
1081	43 
1082	98 
1083	2 
1084	63 
1085	24 
1086	102 
1087	52 
1088	24 44 119 
1089	6 
1090	78 
1091	108 
1092	128 
1093	55 
1094	60 
1095	45 
1096	63 
1097	109 
1098	46 
1099	29 
1100	94 
1101	111 
1102	64 
1103	117 
1104	76 
1105	128 
1106	101 
1107	26 
1108	55 
1109	115 
1110	66 
1111	29 77 113 
1112	3 
1113	37 
1114	38 62 121 
1115	126 
1116	46 
1117	100 
1118	18 
1119	95 
1120	49 119 138 
1121	54 113 118 
1122	13 
1123	67 105 113 
1124	23 
1125	21 39 90 
1126	23 77 105 
1127	62 
1128	14 
1129	78 
1130	96 
1131	72 93 129 
1132	4 7 134 
1133	9 16 46 
1134	126 
1135	63 
1136	21 
1137	87 
1138	63 
1139	24 
1140	2 
1141	18 
1142	38 102 118 
1143	60 
1144	52 128 134 
1145	17 119 137 
1146	50 
1147	133 
1148	133 
1149	1 
1150	66 
1151	22 
1152	65 
1153	67 86 138 
1154	115 
1155	89 
1156	93 
1157	58 
1158	102 
1159	56 
1160	24 87 135 
1161	54 84 135 
1162	53 
1163	41 62 116 
1164	66 
1165	106 
1166	2 46 109 
1167	62 
1168	61 
1169	43 
1170	16 
1171	81 
1172	84 
1173	118 
1174	55 
1175	128 
1176	46 
1177	9 
1178	19 101 128 
1179	64 
1180	23 
1181	117 
1182	47 94 113 
1183	3 
1184	41 50 105 
1185	23 
1186	68 71 77 
1187	99 
1188	136 
1189	19 
1190	137 
1191	70 96 105 
1192	86 
1193	32 
1194	53 72 114 
1195	122 
1196	130 
1197	72 119 136 
1198	61 
1199	6 44 118 
1200	22 
1201	130 
1202	134 
1203	35 
1204	51 
1205	65 
1206	81 99 120 
1207	76 
1208	119 
1209	130 
1210	4 
1211	104 
1212	46 
1213	25 
1214	137 
1215	6 
1216	35 41 44 
1217	125 
1218	14 
1219	2 3 124 
1220	63 
1221	90 
1222	13 
1223	87 
1224	136 
1225	31 
1226	115 
1227	133 
1228	21 
1229	18 40 63 
1230	137 
1231	48 80 132 
1232	51 
1233	86 
1234	29 
1235	69 
1236	28 
1237	53 134 135 
1238	78 79 105 
1239	34 
1240	115 
1241	128 
1242	122 
1243	49 120 125 
1244	66 
1245	69 121 128 
1246	24 
1247	56 126 130 
1248	32 43 93 
1249	49 115 137 
1250	48 130 137 
1251	70 
1252	90 
1253	75 
1254	116 
1255	85 
1256	46 
1257	28 67 131 
1258	70 
1259	77 
1260	4 
1261	58 
1262	57 
1263	15 53 83 
1264	122 
1265	40 
1266	18 66 137 
1267	28 
1268	17 
1269	46 
1270	58 
1271	36 50 78 
1272	115 
1273	50 
1274	41 
1275	41 
1276	64 
1277	33 
1278	115 
1279	85 
1280	137 
1281	108 
1282	85 103 118 
1283	6 
1284	78 
1285	89 
1286	44 
1287	62 
1288	69 
1289	13 
1290	92 
1291	63 92 101 
1292	23 
1293	3 
1294	103 
1295	63 
1296	77 
1297	131 
1298	83 
1299	15 
1300	124 
1301	29 62 115 
1302	7 50 54 
1303	62 
1304	47 
1305	55 58 109 
1306	5 
1307	117 
1308	121 
1309	137 
1310	108 
1311	20 
1312	66 
1313	38 
1314	115 
1315	6 
1316	51 
1317	9 50 105 
1318	119 
1319	90 
1320	22 27 62 
1321	86 
1322	23 63 115 
1323	65 99 132 
1324	135 
1325	30 
1326	6 
1327	51 86 128 
1328	36 
1329	55 
1330	53 
1331	11 
1332	28 
1333	17 
1334	53 
1335	107 
1336	16 
1337	25 
1338	13 20 41 
1339	57 
1340	45 77 134 
1341	18 
1342	64 
1343	43 51 90 
1344	66 
1345	70 
1346	57 
1347	79 
1348	44 
1349	96 
1350	39 
1351	16 
1352	86 
1353	4 
1354	5 
1355	31 47 130 
1356	86 
1357	69 
1358	33 
1359	130 
1360	55 
1361	50 
1362	76 
1363	96 
1364	65 
1365	19 
1366	26 
1367	99 
1368	136 
1369	19 26 85 
1370	37 
1371	2 
1372	38 
1373	117 
1374	27 90 101 
1375	80 
1376	124 
1377	19 25 111 
1378	122 
1379	60 108 135 
1380	96 
1381	85 
1382	5 57 66 
1383	46 66 94 
1384	126 
1385	9 
1386	67 
1387	65 
1388	137 
1389	53 67 128 
1390	4 89 122 
1391	73 78 114 
1392	83 86 111 
1393	42 46 120 
1394	67 128 133 
1395	18 122 135 
1396	89 
1397	17 
1398	63 
1399	53 
1400	24 26 100 
1401	40 
1402	60 67 77 
1403	122 
1404	12 
1405	47 104 137 
1406	68 
1407	7 
1408	33 85 89 
1409	95 
1410	60 
1411	23 
1412	38 
1413	3 
1414	9 23 73 
1415	20 
1416	2 
1417	14 118 131 
1418	15 
1419	86 
1420	63 115 119 
1421	26 38 132 
1422	47 
1423	57 
1424	75 82 113 
1425	105 
1426	60 84 118 
1427	63 86 135 
1428	16 
1429	85 
1430	124 
1431	119 
1432	114 
1433	18 
1434	38 
1435	62 
1436	45 63 89 
1437	56 
1438	80 
1439	15 29 75 
1440	92 
1441	42 
1442	69 
1443	43 
1444	81 
1445	22 
1446	32 
1447	63 
1448	45 77 101 
1449	25 52 119 
1450	123 
1451	118 
1452	28 
1453	20 
1454	32 
1455	95 
1456	71 
1457	115 
1458	36 
1459	86 
1460	22 46 67 
1461	35 54 65 
1462	67 
1463	56 90 96 
1464	53 80 127 
1465	54 58 125 
1466	94 
1467	60 
1468	71 
1469	116 
1470	24 
1471	34 
1472	44 77 137 
1473	4 
1474	6 
1475	118 
1476	33 
1477	61 
1478	58 
1479	39 67 80 
1480	67 
1481	58 
1482	59 
1483	105 
1484	22 
1485	16 
1486	128 
1487	116 
1488	74 
1489	11 
1490	28 99 119 
1491	55 
1492	126 
1493	3 85 87 
1494	94 
1495	7 
1496	61 
1497	39 
1498	57 
1499	119 
1500	78 
1501	88 97 114 
1502	39 
1503	79 
1504	19 32 37 
1505	18 63 71 
1506	53 65 125 
1507	59 
1508	1 33 73 
1509	105 
1510	68 
1511	66 
1512	128 
1513	97 109 111 
1514	81 
1515	82 
1516	41 
1517	76 
1518	126 
1519	125 
1520	38 
1521	86 118 137 
1522	74 79 122 
1523	53 
1524	124 
1525	48 
1526	15 
1527	122 
1528	89 
1529	39 
1530	72 
1531	94 
1532	75 
1533	12 24 53 
1534	21 61 94 
1535	46 
1536	8 
1537	53 54 136 
1538	133 
1539	132 
1540	130 
1541	21 22 63 
1542	12 
1543	45 
1544	12 
1545	75 
1546	23 49 79 
1547	30 
1548	21 
1549	22 
1550	60 
1551	133 
1552	118 
1553	18 86 134 
1554	38 
1555	95 
1556	9 
1557	72 
1558	5 
1559	29 39 86 
1560	94 104 114 
1561	135 
1562	108 
1563	17 24 101 
1564	34 
1565	40 
1566	17 
1567	66 
1568	80 
1569	31 
1570	55 
1571	17 
1572	136 
1573	137 
1574	18 
1575	41 70 90 
1576	51 
1577	121 
1578	80 
1579	17 31 67 
1580	56 65 79 
1581	119 
1582	106 
1583	107 
1584	6 
1585	73 
1586	40 
1587	55 
1588	133 
1589	130 
1590	16 67 80 
1591	62 
1592	11 
1593	24 
1594	4 
1595	87 
1596	101 
1597	15 40 74 
1598	126 
1599	16 
1600	100 
1601	47 
1602	123 
1603	42 
1604	123 
1605	19 
1606	47 
1607	34 
1608	82 
1609	54 
1610	19 
1611	97 
1612	10 
1613	31 
1614	13 18 60 
1615	21 46 51 
1616	99 
1617	61 
1618	45 
1619	110 
1620	44 79 122 
1621	64 
1622	122 
1623	39 
1624	51 63 102 
1625	33 64 100 
1626	48 
1627	45 
1628	49 
1629	108 119 124 
1630	46 
1631	75 
1632	110 
1633	21 
1634	58 
1635	74 
1636	43 
1637	115 
1638	117 
1639	119 
1640	134 
1641	115 
1642	124 
1643	129 
1644	131 
1645	30 85 103 
1646	4 80 81 
1647	48 77 96 
1648	38 
1649	22 
1650	33 
1651	136 
1652	44 
1653	116 
1654	39 
1655	26 
1656	17 40 102 
1657	130 
1658	23 
1659	60 
1660	113 
1661	18 
1662	58 
1663	24 
1664	99 109 113 
1665	70 
1666	10 
1667	38 
1668	37 96 99 
1669	108 
1670	27 
1671	64 
1672	118 
1673	128 
1674	79 
1675	103 
1676	47 63 89 
1677	101 
1678	32 
1679	128 
1680	6 63 89 
1681	4 100 135 
1682	96 
1683	51 
1684	13 
1685	2 14 22 
1686	70 
1687	66 
1688	54 
1689	17 
1690	117 
1691	6 
1692	53 
1693	86 
1694	55 
1695	36 
1696	53 63 130 
1697	51 119 137 
1698	19 
1699	47 76 100 
1700	105 
1701	4 32 44 
1702	116 
1703	31 78 89 
1704	115 
1705	114 
1706	53 
1707	55 62 126 
1708	112 
1709	80 82 112 
1710	89 
1711	119 
1712	28 
1713	112 
1714	124 
1715	39 
1716	121 
1717	20 27 135 
1718	12 58 67 
1719	95 
1720	87 
1721	79 120 128 
1722	30 
1723	28 
1724	103 
1725	55 
1726	42 
1727	4 26 72 
1728	69 
1729	86 92 101 
1730	18 31 71 
1731	137 
1732	72 
1733	119 
1734	99 
1735	60 
1736	63 
1737	5 
1738	15 77 126 
1739	118 
1740	29 60 69 
1741	14 23 79 
1742	3 
1743	6 
1744	107 
1745	76 
1746	71 
1747	11 20 52 
1748	13 17 40 
1749	42 
1750	38 118 119 
1751	26 63 128 
1752	56 104 113 
1753	89 
1754	73 
1755	22 
1756	21 
1757	137 
1758	17 
1759	81 
1760	46 
1761	24 65 80 
1762	109 
1763	47 
1764	94 
1765	17 
1766	17 53 133 
1767	43 47 78 
1768	14 105 110 
1769	50 
1770	46 
1771	9 79 122 
1772	111 
1773	4 
1774	31 
1775	129 
1776	92 
1777	26 38 115 
1778	10 
1779	115 
1780	133 
1781	10 72 126 
1782	26 
1783	41 
1784	79 
1785	46 
1786	99 
1787	56 
1788	45 
1789	25 
1790	34 
1791	62 
1792	15 
1793	136 
1794	101 
1795	119 
1796	77 
1797	38 63 95 
1798	99 
1799	71 
1800	35 
1801	97 104 114 
1802	4 
1803	68 75 124 
1804	7 
1805	37 41 126 
1806	136 
1807	12 45 68 
1808	24 
1809	38 
1810	128 
1811	56 
1812	53 
1813	128 
1814	87 
1815	119 
1816	101 
1817	24 119 136 
1818	85 
1819	52 
1820	110 
1821	89 
1822	132 
1823	22 99 130 
1824	74 
1825	49 
1826	46 112 122 
1827	53 64 105 
1828	21 
1829	80 114 135 
1830	25 
1831	61 
1832	130 
1833	28 84 107 
1834	62 
1835	63 80 105 
1836	22 
1837	58 
1838	73 
1839	86 
1840	89 
1841	137 
1842	102 
1843	137 
1844	51 
1845	73 
1846	29 
1847	24 29 136 
1848	23 
1849	114 
1850	39 
1851	107 
1852	76 
1853	91 
1854	17 
1855	95 
1856	99 
1857	71 119 120 
1858	113 
1859	86 
1860	117 
1861	85 
1862	18 
1863	51 
1864	17 
1865	4 96 101 
1866	60 
1867	94 
1868	44 
1869	66 
1870	41 58 104 
1871	61 
1872	65 
1873	133 
1874	35 
1875	54 
1876	114 
1877	77 
1878	43 94 128 
1879	120 
1880	47 48 128 
1881	45 
1882	128 
1883	59 92 135 
1884	126 
1885	130 
1886	16 
1887	60 
1888	47 
1889	46 
1890	104 
1891	1 113 119 
1892	126 
1893	101 
1894	53 
1895	49 
1896	5 
1897	133 
1898	137 
1899	31 
1900	100 
1901	9 
1902	94 
1903	41 
1904	137 
1905	134 
1906	126 
1907	74 
1908	101 
1909	22 
1910	63 
1911	63 65 122 
1912	128 
1913	75 
1914	24 
1915	54 
1916	6 72 100 
1917	9 
1918	19 58 131 
1919	55 
1920	87 
1921	21 36 90 
1922	117 
1923	94 
1924	98 
1925	103 
1926	119 
1927	80 
1928	26 109 124 
1929	19 66 130 
1930	66 
1931	112 
1932	42 
1933	68 
1934	119 
1935	104 
1936	58 
1937	86 
1938	29 54 114 
1939	127 
1940	79 
1941	12 
1942	17 
1943	75 
1944	99 
1945	60 
1946	12 14 127 
1947	122 
1948	50 
1949	34 
1950	109 
1951	119 
1952	19 
1953	128 
1954	73 
1955	87 
1956	18 68 69 
1957	27 49 86 
1958	66 
1959	31 
1960	53 79 81 
1961	16 
1962	7 12 26 
1963	51 
1964	115 
1965	45 
1966	106 
1967	67 
1968	21 
1969	80 
1970	14 29 131 
1971	56 
1972	43 
1973	50 
1974	12 116 133 
1975	110 
1976	81 
1977	33 
1978	59 
1979	72 
1980	19 100 136 
1981	3 
1982	47 
1983	84 
1984	66 116 128 
1985	78 
1986	108 
1987	45 
1988	113 
1989	76 
1990	17 60 130 
1991	52 
1992	118 
1993	55 133 135 
1994	75 
1995	4 70 81 
1996	23 
1997	113 
1998	102 
1999	36 69 132 
2000	36 
2001	19 
2002	40 
2003	24 79 125 
2004	8 
2005	6 
2006	15 57 69 
2007	6 
2008	51 
2009	51 
2010	23 
2011	77 
2012	131 
2013	86 
2014	70 
2015	29 
2016	12 20 94 
2017	132 
2018	40 
2019	58 73 105 
2020	101 
2021	14 
2022	21 
2023	136 
2024	17 46 131 
2025	38 70 121 
2026	58 
2027	29 
2028	92 116 122 
2029	43 
2030	26 94 132 
2031	16 
2032	23 28 48 
2033	69 
2034	118 
2035	47 
2036	19 
2037	18 
2038	118 
2039	96 
2040	2 99 124 
2041	55 
2042	29 
2043	21 
2044	42 107 132 
2045	63 
2046	23 
2047	83 
2048	18 
2049	87 
2050	50 95 137 
2051	5 11 92 
2052	63 
2053	84 
2054	29 
2055	24 42 108 
2056	134 
2057	33 
2058	93 
2059	92 
2060	136 
2061	108 
2062	124 
2063	115 
2064	130 
2065	39 
2066	106 
2067	6 60 70 
2068	41 
2069	47 
2070	119 
2071	14 
2072	117 
2073	46 79 89 
2074	57 69 94 
2075	72 76 93 
2076	12 
2077	86 
2078	53 
2079	6 
2080	71 
2081	130 
2082	28 63 81 
2083	26 75 119 
2084	9 
2085	19 
2086	65 66 89 
2087	59 68 99 
2088	121 
2089	23 
2090	2 
2091	61 
2092	136 
2093	30 68 76 
2094	80 
2095	5 
2096	4 
2097	71 
2098	125 
2099	79 
2100	29 45 86 
2101	16 
2102	2 80 126 
2103	64 
2104	51 
2105	39 
2106	35 
2107	137 
2108	8 
2109	62 71 83 
2110	102 
2111	24 
2112	36 
2113	118 
2114	66 
2115	9 100 113 
2116	34 
2117	22 
2118	20 55 99 
2119	54 
2120	91 
2121	6 57 130 
2122	18 
2123	22 
2124	88 
2125	7 
2126	53 60 117 
2127	86 
2128	73 
2129	17 
2130	37 
2131	16 
2132	6 
2133	118 
2134	96 
2135	117 
2136	73 
2137	36 
2138	128 
2139	103 119 120 
2140	54 
2141	8 
2142	112 
2143	128 
2144	76 
2145	6 
2146	131 
2147	65 
2148	2 
2149	28 86 133 
2150	79 
2151	81 
2152	32 
2153	31 88 95 
2154	117 
2155	28 
2156	18 55 130 
2157	52 
2158	84 
2159	83 
2160	29 
2161	61 
2162	21 41 101 
2163	78 
2164	94 
2165	6 
2166	7 
2167	46 
2168	8 16 22 
2169	19 
2170	31 87 119 
2171	108 
2172	36 
2173	77 
2174	18 
2175	75 
2176	68 
2177	80 
2178	126 
2179	115 
2180	55 
2181	110 
2182	133 
2183	55 
2184	17 
2185	4 80 135 
2186	47 50 80 
2187	97 117 121 
2188	2 4 60 
2189	110 
2190	23 26 94 
2191	58 63 70 
2192	35 
2193	96 97 116 
2194	135 
2195	130 
2196	6 
2197	67 
2198	17 74 126 
2199	42 
2200	17 
2201	46 
2202	84 
2203	76 
2204	1 
2205	38 58 67 
2206	119 
2207	131 
2208	51 
2209	19 119 136 
2210	98 
2211	30 55 135 
2212	135 
2213	53 
2214	39 
2215	76 
2216	14 
2217	60 
2218	5 
2219	66 
2220	23 
2221	63 
2222	124 
2223	24 
2224	16 
2225	73 
2226	66 
2227	70 
2228	4 33 56 
2229	62 
2230	41 
2231	36 
2232	130 
2233	38 
2234	112 118 134 
2235	112 
2236	15 29 67 
2237	135 
2238	30 
2239	126 
2240	117 
2241	67 
2242	112 
2243	134 
2244	42 
2245	46 52 99 
2246	29 30 46 
2247	23 
2248	79 
2249	55 
2250	122 
2251	24 
2252	133 
2253	9 
2254	109 
2255	87 
2256	109 
2257	80 
2258	8 62 137 
2259	39 
2260	29 
2261	68 
2262	68 
2263	4 
2264	54 
2265	49 
2266	40 
2267	1 115 128 
2268	63 
2269	89 
2270	119 
2271	102 
2272	62 
2273	116 
2274	96 
2275	30 
2276	38 
2277	27 
2278	90 
2279	74 
2280	6 120 134 
2281	118 
2282	22 44 126 
2283	133 
2284	77 
2285	24 
2286	28 105 118 
2287	8 
2288	100 
2289	7 
2290	34 77 117 
2291	39 
2292	27 
2293	12 
2294	81 
2295	72 
2296	11 52 65 
2297	22 
2298	54 
2299	134 
2300	4 123 132 
2301	46 
2302	47 115 131 
2303	1 
2304	8 
2305	26 
2306	115 
2307	114 
2308	101 
2309	11 
2310	18 56 134 
2311	40 
2312	4 
2313	115 
2314	63 67 78 
2315	54 
2316	48 
2317	106 
2318	123 
2319	116 
2320	111 
2321	123 
2322	15 
2323	33 
2324	82 
2325	122 
2326	44 107 123 
2327	100 
2328	29 
2329	124 
2330	66 
2331	138 
2332	51 
2333	85 
2334	23 80 93 
2335	84 
2336	7 
2337	59 
2338	7 
2339	122 
2340	60 
2341	66 
2342	133 
2343	53 
2344	32 
2345	118 
2346	82 
2347	65 85 136 
2348	49 61 63 
2349	29 87 110 
2350	36 
2351	104 
2352	100 
2353	29 
2354	133 
2355	6 
2356	37 
2357	21 78 117 
2358	66 
2359	32 
2360	22 66 124 
2361	53 
2362	3 52 58 
2363	77 
2364	134 
2365	25 
2366	40 
2367	2 38 68 
2368	116 
2369	53 
2370	50 62 113 
2371	65 
2372	24 
2373	4 
2374	93 
2375	59 
2376	129 
2377	43 
2378	11 84 117 
2379	128 
2380	122 
2381	30 
2382	6 
2383	85 
2384	113 
2385	11 
2386	12 
2387	7 51 53 
2388	115 
2389	8 95 96 
2390	67 
2391	85 
2392	50 
2393	7 
2394	74 
2395	29 
2396	35 
2397	60 124 133 
2398	28 
2399	73 
2400	102 
2401	42 
2402	12 48 78 
2403	58 
2404	10 29 73 
2405	126 
2406	23 59 115 
2407	104 117 130 
2408	25 
2409	16 
2410	23 
2411	64 
2412	130 
2413	131 
2414	80 97 131 
2415	123 
2416	110 
2417	128 
2418	60 
2419	25 
2420	122 
2421	3 
2422	84 
2423	52 
2424	5 
2425	26 77 138 
2426	37 85 117 
2427	50 102 137 
2428	16 
2429	44 
2430	43 
2431	60 
2432	40 
2433	54 63 105 
2434	123 
2435	105 
2436	16 
2437	28 
2438	94 
2439	50 
2440	53 
2441	116 
2442	41 
2443	127 
2444	81 
2445	106 
2446	6 43 81 
2447	16 
2448	44 
2449	51 
2450	81 
2451	70 
2452	4 8 43 
2453	6 
2454	93 
2455	36 63 128 
2456	56 
2457	62 
2458	98 105 119 
2459	23 
2460	19 23 126 
2461	137 
2462	60 
2463	135 
2464	68 109 133 
2465	86 
2466	39 
2467	55 
2468	86 
2469	117 
2470	17 
2471	35 
2472	99 
2473	75 
2474	64 
2475	69 
2476	78 
2477	34 
2478	36 
2479	9 
2480	66 
2481	18 26 76 
2482	90 
2483	6 21 89 
2484	86 
2485	115 
2486	79 
2487	132 
2488	54 
2489	17 86 96 
2490	68 
2491	133 
2492	47 
2493	96 
2494	26 35 71 
2495	119 
2496	77 
2497	43 
2498	80 
2499	24 
2500	12 
2501	6 
2502	134 
2503	18 
2504	28 116 122 
2505	117 
2506	42 
2507	126 
2508	37 
2509	19 
2510	71 
2511	104 
2512	109 
2513	121 
2514	74 
2515	49 
2516	28 
2517	101 
2518	17 
2519	99 
2520	90 97 117 
2521	12 
2522	64 
2523	72 
2524	41 
2525	70 
2526	23 26 64 
2527	7 
2528	2 
2529	18 
2530	24 
2531	64 
2532	26 
2533	25 53 75 
2534	89 
2535	29 
2536	69 
2537	55 
2538	28 
2539	118 
2540	54 
2541	12 27 67 
2542	40 76 97 
2543	12 108 125 
2544	26 
2545	101 
2546	112 
2547	3 
2548	127 
2549	91 
2550	62 
2551	91 
2552	16 
2553	32 
2554	13 
2555	29 
2556	68 
2557	28 115 128 
2558	48 
2559	19 
2560	55 
2561	73 
2562	33 
2563	30 
2564	21 68 81 
2565	18 
2566	94 
2567	20 66 102 
2568	10 40 58 
2569	136 
2570	126 
2571	6 
2572	76 
2573	90 
2574	86 
2575	41 
2576	22 68 129 
2577	80 83 85 
2578	89 
2579	101 
2580	94 
2581	12 
2582	92 
2583	127 
2584	57 
2585	10 
2586	23 
2587	4 
2588	132 
2589	14 
2590	12 47 80 
2591	31 
2592	42 
2593	55 
2594	4 29 131 
2595	94 
2596	130 
2597	80 
2598	29 
2599	39 
2600	16 
2601	92 96 120 
2602	54 
2603	106 
2604	61 75 96 
2605	97 
2606	43 
2607	137 
2608	51 
2609	17 
2610	26 
2611	101 
2612	115 
2613	5 46 110 
2614	27 
2615	87 
2616	126 
2617	79 84 125 
2618	76 
2619	116 
2620	94 
2621	80 
2622	94 
2623	67 69 85 
2624	4 
2625	105 
2626	85 
2627	21 68 112 
2628	21 
2629	27 
2630	82 
2631	56 67 110 
2632	44 
2633	21 
2634	107 
2635	28 
2636	52 
2637	76 
2638	21 
2639	84 
2640	116 
2641	132 
2642	19 63 117 
2643	19 
2644	99 
2645	135 
2646	35 
2647	17 
2648	137 
2649	29 101 131 
2650	28 
2651	66 
2652	137 
2653	55 
2654	90 
2655	24 73 120 
2656	19 
2657	39 
2658	113 
2659	85 
2660	42 
2661	73 
2662	36 
2663	124 
2664	25 
2665	96 133 134 
2666	66 
2667	33 
2668	137 
2669	46 
2670	21 87 89 
2671	136 
2672	46 
2673	94 
2674	45 
2675	66 
2676	102 
2677	19 34 78 
2678	49 59 79 
2679	53 
2680	21 24 133 
2681	12 
2682	138 
2683	49 
2684	11 
2685	64 
2686	38 
2687	49 
2688	65 
2689	46 
2690	123 
2691	7 75 119 
2692	41 
2693	69 
2694	58 
2695	8 
2696	23 66 125 
2697	54 
2698	73 
2699	79 
2700	60 
2701	119 
2702	64 
2703	81 
2704	29 
2705	80 
2706	53 
2707	4 75 102 
2708	86 
2709	95 98 132 
2710	89 
2711	12 40 118 
2712	133 
2713	32 
2714	112 
2715	40 
2716	10 
2717	65 
2718	40 43 96 
2719	12 108 126 
2720	26 
2721	94 99 101 
2722	102 
2723	4 
2724	24 
2725	42 
2726	96 
2727	80 
2728	39 
2729	118 
2730	86 
2731	134 
2732	109 
2733	95 
2734	128 
2735	136 
2736	12 75 114 
2737	26 
2738	128 
2739	38 
2740	15 
2741	2 
2742	133 
2743	13 
2744	67 
2745	135 
2746	130 
2747	83 
2748	117 125 133 
2749	57 
2750	48 
2751	124 
2752	81 
2753	36 
2754	126 
2755	33 
2756	96 
2757	27 
2758	8 
2759	50 58 91 
2760	17 
2761	50 
2762	46 
2763	132 
2764	18 
2765	45 46 88 
2766	62 
2767	117 
2768	55 67 105 
2769	114 
2770	107 
2771	67 
2772	117 
2773	16 43 81 
2774	79 85 96 
2775	24 
2776	14 75 119 
2777	11 79 94 
2778	83 
2779	18 
2780	122 
2781	57 
2782	18 
2783	134 
2784	17 
2785	9 50 113 
2786	36 
2787	130 
2788	128 
2789	101 
2790	123 
2791	125 
2792	113 
2793	16 
2794	115 134 137 
2795	5 101 119 
2796	106 
2797	70 105 137 
2798	88 
2799	35 
2800	24 
2801	60 
2802	28 
2803	23 24 109 
2804	70 
2805	60 
2806	102 
2807	70 
2808	38 
2809	116 
2810	48 
2811	53 
2812	18 
2813	124 
2814	79 
2815	56 
2816	79 
2817	56 
2818	13 136 137 
2819	78 
2820	100 112 133 
2821	41 51 69 
2822	56 
2823	60 62 94 
2824	67 
2825	125 
2826	11 
2827	60 
2828	77 
2829	29 
2830	12 
2831	29 55 112 
2832	119 
2833	7 
2834	63 
2835	22 
2836	69 84 137 
2837	14 
2838	35 
2839	107 
2840	6 7 98 
2841	73 
2842	79 
2843	114 
2844	62 
2845	87 
2846	45 
2847	28 
2848	69 
2849	77 
2850	112 
2851	28 46 119 
2852	36 38 128 
2853	87 
2854	6 39 99 
2855	66 
2856	57 
2857	106 
2858	13 
2859	113 
2860	88 
2861	89 110 133 
2862	122 
2863	61 
2864	57 
2865	38 
2866	63 
2867	39 
2868	37 76 137 
2869	33 
2870	37 93 133 
2871	26 
2872	77 
2873	38 
2874	29 
2875	78 
2876	119 
2877	74 
2878	87 
2879	26 
2880	56 96 128 
2881	5 
2882	26 28 87 
2883	128 
2884	57 
2885	22 
2886	56 
2887	135 
2888	138 
2889	113 
2890	94 
2891	92 
2892	133 
2893	17 
2894	47 
2895	62 
2896	99 
2897	87 
2898	23 27 40 
2899	67 
2900	10 62 119 
2901	60 
2902	64 
2903	42 
2904	38 57 129 
2905	25 
2906	115 
2907	12 73 76 
2908	136 
2909	53 
2910	8 
2911	41 
2912	77 
2913	116 
2914	56 
2915	27 
2916	45 
2917	51 
2918	131 
2919	70 
2920	13 18 31 
2921	4 45 72 
2922	39 
2923	80 
2924	125 
2925	54 
2926	15 
2927	74 
2928	118 
2929	21 85 131 
2930	63 
2931	14 
2932	88 
2933	50 
2934	14 
2935	107 
2936	92 
2937	19 95 133 
2938	61 
2939	45 
2940	67 
2941	7 
2942	58 
2943	104 
2944	34 53 111 
2945	135 
2946	133 
2947	77 
2948	119 
2949	14 
2950	135 
2951	86 
2952	46 
2953	93 
2954	87 
2955	102 
2956	101 
2957	19 45 75 
2958	86 
2959	52 
2960	65 97 119 
2961	128 
2962	126 
2963	22 
2964	71 87 136 
2965	136 
2966	53 
2967	134 
2968	118 
2969	39 72 134 
2970	81 
2971	4 48 52 
2972	136 
2973	103 
2974	14 
2975	117 
2976	30 
2977	12 85 137 
2978	86 105 138 
2979	18 
2980	36 
2981	138 
2982	87 
2983	7 
2984	1 
2985	54 
2986	132 
2987	15 59 133 
2988	40 
2989	18 37 115 
2990	25 
2991	32 
2992	29 
2993	36 
2994	60 
2995	127 
2996	80 
2997	50 54 133 
2998	31 60 103 
2999	92 
3000	2 22 124 
3001	54 
3002	18 
3003	94 
3004	14 53 56 
3005	38 
3006	92 
3007	42 
3008	137 
3009	114 
3010	23 76 128 
3011	4 
3012	25 
3013	17 23 46 
3014	24 68 99 
3015	59 
3016	60 
3017	30 32 105 
3018	55 
3019	132 
3020	126 
3021	104 
3022	36 
3023	39 
3024	86 
3025	121 
3026	71 
3027	53 
3028	21 
3029	20 
3030	51 63 72 
3031	86 
3032	20 26 112 
3033	112 
3034	12 
3035	118 
3036	18 
3037	26 46 133 
3038	95 
3039	29 
3040	75 
3041	132 
3042	38 
3043	118 
3044	24 
3045	138 
3046	34 64 115 
3047	75 
3048	95 
3049	130 
3050	39 
3051	1 
3052	79 
3053	54 
3054	99 
3055	60 
3056	7 
3057	42 
3058	55 
3059	16 70 113 
3060	105 
3061	63 
3062	101 
3063	119 
3064	50 66 116 
3065	29 
3066	17 
3067	78 
3068	117 
3069	77 
3070	80 
3071	89 
3072	118 
3073	131 
3074	58 
3075	65 
3076	25 
3077	69 70 79 
3078	17 
3079	109 135 137 
3080	130 
3081	63 
3082	119 
3083	44 
3084	71 
3085	78 
3086	10 
3087	109 
3088	112 
3089	54 
3090	18 
3091	29 
3092	54 
3093	12 42 128 
3094	30 115 126 
3095	52 
3096	77 
3097	4 
3098	103 
3099	14 
3100	4 28 94 
3101	4 
3102	115 
3103	19 
3104	122 
3105	138 
3106	16 
3107	16 101 116 
3108	50 55 100 
3109	138 
3110	39 
3111	67 
3112	72 
3113	17 
3114	12 
3115	107 
3116	29 
3117	115 
3118	106 
3119	124 
3120	34 
3121	10 13 36 
3122	6 
3123	67 
3124	125 
3125	26 58 118 
3126	15 
3127	85 
3128	8 60 128 
3129	129 
3130	60 
3131	30 60 136 
3132	65 92 120 
3133	58 
3134	124 
3135	89 
3136	73 
3137	12 
3138	137 
3139	128 
3140	18 58 127 
3141	4 
3142	17 
3143	103 
3144	43 
3145	58 
3146	47 
3147	111 
3148	26 72 126 
3149	66 
3150	46 
3151	36 
3152	41 
3153	40 58 130 
3154	137 
3155	107 
3156	61 
3157	112 
3158	132 
3159	45 
3160	27 74 100 
3161	16 51 63 
3162	127 
3163	18 53 119 
3164	43 
3165	51 
3166	118 
3167	135 
3168	62 
3169	17 47 135 
3170	23 65 70 
3171	136 
3172	38 
3173	55 
3174	60 
3175	104 
3176	78 
3177	7 
3178	77 
3179	73 
3180	31 39 124 
3181	14 79 121 
3182	11 
3183	12 
3184	19 
3185	29 70 82 
3186	90 
3187	12 112 117 
3188	24 28 92 
3189	27 
3190	49 
3191	124 
3192	28 
3193	84 
3194	87 
3195	110 
3196	29 
3197	41 57 105 
3198	107 
3199	136 
3200	23 68 97 
3201	52 59 67 
3202	31 
3203	100 116 123 
3204	87 
3205	39 51 62 
3206	45 
3207	129 
3208	79 
3209	63 
3210	25 
3211	31 
3212	102 
3213	44 
3214	21 
3215	5 55 105 
3216	77 
3217	4 35 130 
3218	33 
3219	88 
3220	26 29 80 
3221	60 
3222	114 
3223	126 
3224	14 94 95 
3225	50 
3226	77 86 132 
3227	16 
3228	88 
3229	4 
3230	116 
3231	4 60 123 
3232	125 
3233	79 
3234	79 
3235	100 
3236	35 
3237	41 
3238	79 
3239	98 113 124 
3240	9 
3241	102 
3242	121 
3243	125 
3244	12 70 109 
3245	52 123 128 
3246	35 
3247	23 
3248	49 
3249	40 80 112 
3250	20 
3251	29 33 116 
3252	50 80 123 
3253	114 
3254	76 
3255	39 
3256	105 
3257	39 
3258	26 
3259	63 
3260	29 
3261	11 
3262	14 53 105 
3263	68 96 116 
3264	85 
3265	137 
3266	87 136 137 
3267	117 
3268	97 
3269	17 113 126 
3270	115 
3271	138 
3272	65 
3273	89 
3274	67 
3275	31 36 60 
3276	60 63 115 
3277	62 67 94 
3278	127 
3279	77 
3280	19 
3281	29 
3282	85 
3283	78 
3284	59 
3285	22 100 133 
3286	47 
3287	24 68 82 
3288	32 
3289	63 
3290	11 
3291	34 
3292	36 
3293	11 
3294	19 71 111 
3295	2 
3296	20 
3297	5 
3298	94 
3299	29 73 100 
3300	98 
3301	36 
3302	133 
3303	104 
3304	29 
3305	30 38 66 
3306	70 
3307	77 
3308	41 
3309	63 75 126 
3310	50 
3311	16 
3312	50 
3313	51 
3314	61 
3315	89 
3316	4 
3317	28 101 136 
3318	76 
3319	115 
3320	27 40 84 
3321	24 
3322	24 
3323	67 130 132 
3324	2 29 106 
3325	37 
3326	118 
3327	108 
3328	57 
3329	53 
3330	6 
3331	48 
3332	38 106 113 
3333	58 
3334	105 
3335	108 
3336	127 
3337	120 
3338	41 78 128 
3339	58 
3340	21 
3341	50 
3342	19 
3343	16 
3344	17 
3345	85 
3346	120 
3347	28 
3348	132 
3349	62 
3350	9 
3351	28 50 120 
3352	17 23 94 
3353	4 
3354	72 
3355	72 
3356	39 
3357	66 
3358	60 
3359	133 
3360	67 
3361	26 
3362	67 
3363	96 
3364	89 
3365	60 
3366	115 
3367	118 
3368	7 
3369	25 38 87 
3370	51 58 107 
3371	116 
3372	40 
3373	51 
3374	117 
3375	40 
3376	51 
3377	54 
3378	63 
3379	133 
3380	36 55 109 
3381	74 
3382	78 89 105 
3383	31 62 115 
3384	112 
3385	20 
3386	120 
3387	84 
3388	79 
3389	99 
3390	89 
3391	85 
3392	6 
3393	52 
3394	100 
3395	103 
3396	115 
3397	124 
3398	6 
3399	81 
3400	33 
3401	45 86 122 
3402	86 
3403	24 
3404	128 
3405	9 
3406	15 
3407	131 
3408	2 109 111 
3409	117 
3410	8 
3411	133 
3412	89 
3413	136 
3414	54 
3415	122 
3416	137 
3417	135 
3418	37 
3419	137 
3420	1 
3421	32 
3422	24 
3423	18 
3424	67 
3425	122 
3426	25 
3427	16 17 73 
3428	61 
3429	12 
3430	29 70 97 
3431	73 
3432	83 
3433	123 
3434	128 
3435	38 
3436	35 75 130 
3437	44 
3438	44 
3439	112 
3440	38 
3441	119 
3442	79 
3443	115 
3444	124 
3445	50 
3446	28 58 98 
3447	66 
3448	117 
3449	133 
3450	31 
3451	81 114 132 
3452	4 89 119 
3453	137 
3454	60 
3455	4 47 115 
3456	21 85 128 
3457	89 
3458	122 
3459	99 
3460	18 80 137 
3461	96 
3462	9 
3463	51 
3464	126 
3465	15 
3466	98 
3467	40 
3468	75 
3469	130 
3470	19 
3471	84 
3472	80 
3473	36 
3474	94 
3475	11 
3476	28 94 133 
3477	5 45 64 
3478	22 
3479	73 
3480	33 37 137 
3481	87 
3482	69 
3483	12 
3484	55 
3485	3 
3486	94 
3487	31 
3488	46 
3489	26 68 130 
3490	57 
3491	69 
3492	6 
3493	94 
3494	58 
3495	121 
3496	89 
3497	7 
3498	66 
3499	21 87 115 
3500	18 
3501	65 
3502	5 
3503	8 
3504	68 
3505	133 
3506	72 
3507	62 
3508	57 
3509	17 64 80 
3510	101 
3511	84 
3512	51 
3513	133 
3514	19 
3515	100 
3516	131 
3517	116 
3518	116 
3519	94 
3520	136 
3521	115 
3522	70 
3523	124 
3524	86 
3525	17 
3526	65 
3527	29 66 76 
3528	23 29 42 
3529	60 
3530	116 
3531	4 
3532	12 
3533	51 
3534	58 
3535	29 40 119 
3536	14 
3537	133 
3538	87 122 127 
3539	46 
3540	89 
3541	48 99 137 
3542	49 
3543	6 
3544	115 
3545	38 
3546	17 
3547	28 
3548	132 
3549	28 51 115 
3550	135 
3551	19 135 136 
3552	128 
3553	82 111 122 
3554	2 89 137 
3555	125 
3556	54 113 122 
3557	31 32 130 
3558	86 
3559	8 81 133 
3560	23 
3561	105 
3562	1 
3563	69 
3564	106 
3565	81 
3566	15 79 120 
3567	72 
3568	117 
3569	50 73 75 
3570	1 
3571	7 
3572	18 
3573	17 
3574	3 66 81 
3575	7 94 132 
3576	1 
3577	1 6 28 
3578	116 
3579	95 
3580	43 
3581	99 
3582	97 
3583	126 
3584	17 26 33 
3585	26 
3586	103 
3587	24 
3588	128 
3589	95 
3590	118 
3591	40 86 112 
3592	23 
3593	89 99 102 
3594	100 
3595	67 
3596	40 
3597	46 
3598	86 
3599	60 
3600	115 
3601	19 59 84 
3602	88 
3603	133 
3604	38 84 123 
3605	58 
3606	21 
3607	52 65 89 
3608	76 
3609	38 
3610	26 
3611	119 
3612	14 
3613	28 
3614	137 
3615	29 55 131 
3616	1 55 125 
3617	31 
3618	26 
3619	19 98 118 
3620	114 
3621	87 
3622	17 91 130 
3623	48 
3624	9 
3625	70 
3626	16 54 123 
3627	76 
3628	25 136 137 
3629	133 
3630	65 
3631	126 
3632	42 
3633	46 
3634	119 
3635	33 
3636	28 
3637	124 
3638	124 
3639	75 
3640	119 
3641	30 
3642	6 36 94 
3643	28 50 65 
3644	123 
3645	64 99 116 
3646	107 
3647	79 
3648	55 
3649	26 135 137 
3650	72 
3651	23 
3652	47 
3653	118 
3654	13 15 102 
3655	50 
3656	74 
3657	115 
3658	86 
3659	81 86 135 
3660	41 
3661	73 
3662	21 48 128 
3663	7 
3664	137 
3665	115 
3666	121 
3667	17 27 39 
3668	78 
3669	14 53 66 
3670	115 
3671	28 
3672	47 79 117 
3673	106 
3674	62 
3675	133 
3676	134 
3677	116 
3678	114 
3679	52 
3680	58 
3681	23 86 102 
3682	51 
3683	107 
3684	66 
3685	77 
3686	30 
3687	38 
3688	39 
3689	58 
3690	92 
3691	58 
3692	103 
3693	93 
3694	88 
3695	73 79 98 
3696	16 
3697	23 
3698	129 
3699	77 
3700	135 
3701	1 
3702	100 
3703	24 
3704	24 
3705	63 
3706	127 
3707	70 
3708	25 81 116 
3709	45 
3710	50 
3711	130 
3712	43 
3713	24 65 76 
3714	60 
3715	126 
3716	66 
3717	4 
3718	23 28 128 
3719	119 
3720	1 
3721	50 
3722	6 36 134 
3723	90 
3724	26 
3725	28 131 132 
3726	71 
3727	120 
3728	95 
3729	132 
3730	81 
3731	20 
3732	37 
3733	134 
3734	78 
3735	4 
3736	40 
3737	40 
3738	29 56 111 
3739	37 
3740	11 
3741	32 
3742	37 
3743	28 91 126 
3744	135 
3745	6 
3746	122 
3747	99 
3748	122 
3749	70 
3750	108 
3751	81 
3752	133 
3753	18 
3754	7 78 80 
3755	51 
3756	41 
3757	64 78 91 
3758	38 
3759	115 
3760	132 
3761	109 
3762	75 
3763	115 
3764	115 
3765	46 
3766	28 96 113 
3767	18 
3768	19 53 60 
3769	21 
3770	108 
3771	16 41 67 
3772	6 
3773	70 
3774	93 
3775	69 
3776	124 
3777	51 
3778	50 65 99 
3779	26 80 115 
3780	117 
3781	46 65 137 
3782	71 112 130 
3783	28 
3784	45 
3785	16 19 113 
3786	85 
3787	21 
3788	72 
3789	49 
3790	20 
3791	102 
3792	49 
3793	80 
3794	68 
3795	26 
3796	126 
3797	57 
3798	7 
3799	55 
3800	136 
3801	3 
3802	136 
3803	4 
3804	126 
3805	31 
3806	136 
3807	23 
3808	14 101 105 
3809	36 
3810	6 
3811	99 
3812	130 
3813	99 
3814	48 80 115 
3815	24 43 81 
3816	70 
3817	1 
3818	94 
3819	33 45 103 
3820	95 
3821	106 
3822	31 
3823	20 
3824	2 
3825	138 
3826	44 
3827	119 
3828	81 
3829	88 
3830	61 
3831	75 
3832	18 
3833	31 100 106 
3834	60 
3835	16 53 60 
3836	101 116 122 
3837	50 
3838	53 
3839	21 
3840	124 
3841	134 
3842	33 48 87 
3843	4 78 98 
3844	15 
3845	7 
3846	78 
3847	51 
3848	63 
3849	35 90 134 
3850	79 
3851	54 
3852	77 79 80 
3853	86 
3854	14 
3855	34 
3856	108 
3857	41 
3858	6 46 56 
3859	81 
3860	53 62 126 
3861	53 58 137 
3862	26 
3863	89 
3864	55 
3865	51 
3866	57 
3867	39 
3868	127 
3869	62 
3870	130 
3871	65 
3872	44 
3873	1 
3874	86 
3875	35 54 58 
3876	32 
3877	4 
3878	122 
3879	71 
3880	32 69 104 
3881	116 
3882	116 
3883	47 
3884	6 
3885	27 
3886	53 
3887	15 36 107 
3888	94 
3889	53 
3890	4 87 89 
3891	21 73 86 
3892	77 
3893	23 31 123 
3894	113 
3895	55 
3896	82 
3897	13 
3898	92 
3899	95 118 122 
3900	12 
3901	5 92 99 
3902	4 9 122 
3903	11 
3904	38 
3905	97 
3906	95 
3907	86 
3908	81 
3909	122 
3910	98 
3911	119 
3912	19 26 41 
3913	60 
3914	7 43 115 
3915	124 
3916	46 90 130 
3917	30 
3918	48 
3919	82 
3920	81 
3921	41 
3922	94 
3923	79 
3924	49 
3925	22 58 98 
3926	100 
3927	105 
3928	73 
3929	100 
3930	4 6 72 
3931	134 
3932	29 
3933	18 85 120 
3934	67 
3935	67 
3936	80 
3937	33 
3938	61 
3939	116 
3940	99 
3941	93 
3942	39 46 93 
3943	68 
3944	46 
3945	16 
3946	99 
3947	130 
3948	126 
3949	91 
3950	118 
3951	24 85 114 
3952	7 
3953	3 
3954	63 
3955	118 
3956	28 
3957	67 69 118 
3958	40 
3959	31 
3960	27 
3961	18 
3962	70 
3963	137 
3964	91 
3965	81 
3966	91 
3967	125 
3968	124 
3969	2 
3970	47 
3971	104 
3972	77 
3973	51 
3974	1 63 99 
3975	132 
3976	116 
3977	18 
3978	38 
3979	50 
3980	66 
3981	36 40 69 
3982	5 50 86 
3983	122 
3984	5 
3985	78 81 85 
3986	94 
3987	7 
3988	89 
3989	76 
3990	14 96 108 
3991	47 
3992	131 
3993	93 
3994	82 
3995	122 
3996	87 
3997	46 50 118 
3998	7 
3999	117 
4000	99 
4001	10 
4002	9 
4003	21 
4004	70 
4005	115 
4006	123 
4007	112 
4008	58 
4009	33 
4010	60 102 107 
4011	80 
4012	81 101 107 
4013	26 32 56 
4014	68 
4015	31 90 114 
4016	54 
4017	55 
4018	47 
4019	17 
4020	101 
4021	35 
4022	108 
4023	105 
4024	75 
4025	93 
4026	4 59 98 
4027	101 
4028	114 
4029	43 
4030	100 
4031	101 
4032	51 
4033	7 
4034	99 
4035	89 
4036	29 
4037	23 
4038	17 114 130 
4039	130 
4040	119 
4041	7 
4042	33 
4043	84 119 129 
4044	46 
4045	5 
4046	8 85 133 
4047	63 82 104 
4048	28 
4049	82 
4050	133 
4051	109 121 127 
4052	119 
4053	95 100 105 
4054	21 
4055	99 
4056	68 
4057	46 
4058	53 
4059	50 
4060	29 
4061	2 5 60 
4062	137 
4063	2 89 121 
4064	15 
4065	3 
4066	104 
4067	65 
4068	29 
4069	70 111 124 
4070	112 
4071	100 
4072	100 
4073	57 94 133 
4074	46 58 67 
4075	95 
4076	101 
4077	32 
4078	94 
4079	69 
4080	9 
4081	122 
4082	133 
4083	105 
4084	50 
4085	81 90 94 
4086	49 
4087	12 
4088	50 67 94 
4089	46 53 60 
4090	121 
4091	68 
4092	88 
4093	5 23 101 
4094	36 101 128 
4095	28 
4096	85 
4097	55 
4098	100 
4099	135 
4100	94 
4101	31 
4102	67 
4103	17 
4104	24 
4105	18 60 124 
4106	68 
4107	89 
4108	121 
4109	100 
4110	28 
4111	17 
4112	99 
4113	126 
4114	19 
4115	122 
4116	85 
4117	10 40 72 
4118	99 
4119	18 41 98 
4120	119 
4121	40 
4122	38 
4123	116 
4124	51 
4125	110 
4126	125 
4127	65 
4128	39 
4129	44 
4130	7 
4131	135 
4132	24 32 126 
4133	38 
4134	58 60 99 
4135	46 
4136	23 
4137	55 
4138	137 
4139	56 
4140	60 64 70 
4141	87 
4142	43 
4143	46 
4144	85 
4145	5 18 80 
4146	87 
4147	132 
4148	94 105 133 
4149	66 
4150	46 124 135 
4151	27 
4152	83 85 127 
4153	75 
4154	2 72 126 
4155	42 47 128 
4156	126 
4157	101 
4158	109 
4159	28 81 88 
4160	86 100 137 
4161	135 
4162	114 
4163	63 126 136 
4164	60 
4165	133 
4166	69 
4167	24 40 63 
4168	46 62 94 
4169	60 
4170	17 93 134 
4171	94 
4172	91 
4173	15 19 23 
4174	63 
4175	18 115 130 
4176	131 
4177	63 
4178	58 
4179	79 
4180	52 
4181	13 
4182	4 
4183	46 88 105 
4184	106 137 138 
4185	17 87 117 
4186	80 
4187	66 
4188	137 
4189	63 
4190	83 
4191	39 
4192	3 9 67 
4193	108 
4194	80 
4195	52 
4196	71 98 124 
4197	132 
4198	6 51 94 
4199	70 
4200	47 
4201	7 
4202	79 
4203	94 
4204	4 24 89 
4205	50 
4206	47 94 132 
4207	52 
4208	19 
4209	126 
4210	81 
4211	111 
4212	90 
4213	115 
4214	86 
4215	18 
4216	4 23 122 
4217	131 
4218	89 110 136 
4219	7 
4220	69 
4221	6 
4222	122 
4223	64 
4224	119 
4225	39 
4226	43 99 125 
4227	17 
4228	81 
4229	62 
4230	124 
4231	97 
4232	3 26 47 
4233	137 
4234	99 
4235	38 49 75 
4236	96 
4237	80 
4238	128 
4239	46 
4240	24 27 134 
4241	92 
4242	63 
4243	134 
4244	119 
4245	5 
4246	14 
4247	135 
4248	31 
4249	130 
4250	28 
4251	4 
4252	136 
4253	90 113 133 
4254	106 
4255	19 
4256	123 
4257	119 
4258	33 
4259	53 
4260	5 89 116 
4261	66 
4262	128 
4263	130 
4264	75 
4265	128 
4266	119 
4267	56 
4268	45 
4269	87 
4270	133 
4271	86 
4272	94 
4273	4 86 133 
4274	102 
4275	69 
4276	4 
4277	26 
4278	34 70 85 
4279	2 66 104 
4280	113 
4281	129 
4282	50 
4283	57 
4284	103 
4285	63 
4286	38 
4287	30 
4288	62 72 117 
4289	136 
4290	55 
4291	125 
4292	77 
4293	24 70 137 
4294	45 56 99 
4295	86 
4296	61 119 133 
4297	79 
4298	58 
4299	21 
4300	24 
4301	31 
4302	81 
4303	29 
4304	18 
4305	24 
4306	2 
4307	80 
4308	119 
4309	78 
4310	69 
4311	89 
4312	117 
4313	124 
4314	86 
4315	87 
4316	23 
4317	15 
4318	41 
4319	36 
4320	90 
4321	40 
4322	6 17 137 
4323	60 
4324	89 
4325	14 70 109 
4326	115 
4327	66 
4328	16 
4329	131 
4330	30 
4331	75 
4332	94 
4333	97 
4334	2 14 17 
4335	35 84 130 
4336	53 
4337	111 
4338	65 75 77 
4339	33 
4340	40 
4341	21 
4342	23 
4343	47 56 68 
4344	46 
4345	65 
4346	89 
4347	80 
4348	73 
4349	111 
4350	42 
4351	116 
4352	18 21 62 
4353	62 76 119 
4354	130 
4355	105 
4356	38 
4357	55 
4358	26 
4359	29 
4360	23 
4361	46 73 95 
4362	43 
4363	33 
4364	72 
4365	131 
4366	4 
4367	87 
4368	133 
4369	23 
4370	67 
4371	55 
4372	17 124 130 
4373	19 24 63 
4374	44 
4375	56 
4376	42 
4377	33 
4378	128 
4379	41 
4380	35 
4381	41 
4382	59 
4383	29 
4384	29 
4385	56 
4386	53 
4387	46 113 116 
4388	81 
4389	56 
4390	116 
4391	81 
4392	50 
4393	18 
4394	105 
4395	38 66 99 
4396	64 
4397	30 
4398	26 
4399	39 105 118 
4400	73 
4401	54 
4402	119 
4403	30 
4404	92 
4405	137 
4406	36 
4407	114 
4408	47 71 108 
4409	13 
4410	60 
4411	2 
4412	6 
4413	70 
4414	86 
4415	60 
4416	137 
4417	114 
4418	46 
4419	66 
4420	93 
4421	135 
4422	116 
4423	50 71 84 
4424	9 
4425	64 
4426	16 
4427	101 
4428	26 
4429	86 
4430	76 
4431	116 
4432	89 
4433	134 
4434	58 
4435	44 70 111 
4436	69 
4437	80 
4438	63 
4439	77 
4440	7 
4441	47 
4442	119 
4443	133 
4444	12 
4445	126 
4446	95 
4447	54 
4448	126 
4449	76 94 100 
4450	34 61 75 
4451	23 
4452	12 54 63 
4453	115 
4454	76 
4455	24 75 83 
4456	133 
4457	18 30 81 
4458	85 
4459	37 
4460	114 
4461	114 
4462	50 
4463	48 
4464	32 
4465	17 
4466	80 
4467	45 116 132 
4468	103 
4469	30 
4470	46 
4471	101 
4472	118 
4473	24 
4474	4 
4475	46 
4476	60 
4477	56 
4478	50 
4479	79 
4480	55 93 100 
4481	3 
4482	80 
4483	64 
4484	29 
4485	40 
4486	86 
4487	86 
4488	60 
4489	40 70 108 
4490	89 
4491	6 
4492	46 
4493	41 
4494	55 
4495	54 
4496	26 
4497	13 116 128 
4498	55 
4499	126 
4500	40 
4501	14 79 87 
4502	52 
4503	17 
4504	60 70 126 
4505	53 86 132 
4506	45 
4507	16 94 118 
4508	7 
4509	54 66 85 
4510	67 
4511	38 
4512	6 17 114 
4513	126 
4514	134 
4515	19 48 50 
4516	20 
4517	69 
4518	28 36 85 
4519	52 
4520	93 
4521	18 50 85 
4522	43 
4523	20 
4524	128 
4525	116 
4526	7 
4527	14 
4528	31 
4529	115 
4530	24 
4531	77 
4532	33 99 128 
4533	77 
4534	47 
4535	96 
4536	30 
4537	53 
4538	40 
4539	39 
4540	77 101 131 
4541	87 
4542	29 
4543	36 
4544	18 19 31 
4545	117 
4546	130 
4547	70 
4548	24 30 115 
4549	122 
4550	28 29 91 
4551	26 41 50 
4552	95 
4553	24 
4554	119 
4555	7 23 116 
4556	134 
4557	47 60 78 
4558	53 135 137 
4559	85 118 133 
4560	70 88 130 
4561	60 
4562	58 
4563	101 
4564	48 
4565	19 
4566	69 
4567	55 73 87 
4568	92 
4569	17 113 133 
4570	113 
4571	1 25 116 
4572	55 
4573	28 
4574	60 
4575	96 
4576	105 
4577	43 116 136 
4578	28 54 86 
4579	37 
4580	16 
4581	79 
4582	130 
4583	8 9 17 
4584	102 
4585	6 
4586	17 
4587	29 
4588	5 62 103 
4589	6 
4590	32 60 66 
4591	19 
4592	95 
4593	21 
4594	6 
4595	63 
4596	126 
4597	97 
4598	37 
4599	17 
4600	60 
4601	116 
4602	105 
4603	87 
4604	21 
4605	75 
4606	34 
4607	20 87 103 
4608	64 
4609	122 
4610	62 
4611	136 
4612	1 
4613	99 
4614	72 
4615	5 
4616	72 
4617	3 10 87 
4618	55 
4619	126 
4620	49 
4621	6 
4622	75 111 135 
4623	53 
4624	100 
4625	30 
4626	10 
4627	86 
4628	48 
4629	44 
4630	23 48 76 
4631	29 
4632	103 
4633	85 
4634	111 
4635	6 86 118 
4636	13 
4637	21 
4638	55 
4639	118 
4640	6 
4641	40 
4642	99 
4643	13 18 44 
4644	109 
4645	29 69 135 
4646	87 
4647	21 
4648	24 106 137 
4649	11 28 44 
4650	89 101 135 
4651	60 
4652	63 69 112 
4653	46 
4654	53 
4655	16 48 122 
4656	136 
4657	111 
4658	28 48 79 
4659	57 
4660	77 
4661	105 
4662	12 
4663	123 
4664	23 24 103 
4665	69 
4666	69 
4667	67 
4668	18 
4669	28 
4670	54 
4671	81 
4672	116 
4673	23 
4674	58 
4675	136 
4676	114 
4677	38 
4678	39 87 116 
4679	116 
4680	53 
4681	66 126 136 
4682	24 
4683	84 
4684	55 
4685	12 
4686	66 
4687	4 
4688	64 
4689	46 
4690	133 
4691	43 
4692	6 28 73 
4693	71 
4694	48 69 111 
4695	24 
4696	30 
4697	44 
4698	55 64 135 
4699	86 
4700	32 38 62 
4701	108 
4702	33 
4703	5 
4704	19 67 78 
4705	47 
4706	76 
4707	6 
4708	99 
4709	30 
4710	89 
4711	46 
4712	130 
4713	34 80 96 
4714	38 
4715	7 
4716	24 
4717	67 
4718	14 
4719	99 
4720	30 
4721	116 
4722	126 
4723	62 
4724	50 
4725	50 
4726	69 
4727	53 
4728	47 
4729	103 
4730	17 31 136 
4731	55 116 133 
4732	16 
4733	56 
4734	12 
4735	26 
4736	21 62 113 
4737	28 
4738	78 
4739	51 
4740	30 
4741	89 
4742	22 
4743	90 
4744	20 
4745	58 
4746	47 
4747	60 
4748	55 
4749	39 
4750	100 
4751	119 
4752	94 
4753	50 
4754	18 38 102 
4755	47 65 85 
4756	17 
4757	137 
4758	71 
4759	42 87 89 
4760	62 73 112 
4761	54 
4762	32 
4763	124 
4764	118 
4765	38 
4766	12 16 118 
4767	117 
4768	43 
4769	23 
4770	60 
4771	38 
4772	105 
4773	86 
4774	9 
4775	6 20 137 
4776	4 91 130 
4777	75 94 132 
4778	99 
4779	96 
4780	45 
4781	123 
4782	64 
4783	9 
4784	17 38 136 
4785	19 
4786	26 
4787	26 
4788	122 
4789	9 
4790	79 
4791	16 
4792	94 
4793	80 
4794	80 
4795	100 
4796	63 
4797	6 
4798	117 
4799	58 
4800	5 
4801	48 
4802	6 
4803	40 
4804	19 81 92 
4805	119 
4806	31 
4807	87 
4808	117 
4809	9 
4810	86 
4811	87 
4812	19 
4813	29 
4814	117 
4815	131 
4816	55 
4817	99 
4818	19 80 118 
4819	21 
4820	92 
4821	16 73 130 
4822	43 
4823	40 
4824	23 
4825	102 
4826	126 
4827	51 
4828	7 38 76 
4829	94 
4830	66 70 119 
4831	117 
4832	96 
4833	9 13 134 
4834	81 
4835	51 
4836	105 
4837	50 
4838	67 
4839	71 77 126 
4840	73 
4841	45 
4842	17 23 41 
4843	29 
4844	18 39 108 
4845	65 
4846	25 
4847	19 
4848	78 
4849	116 
4850	21 
4851	80 
4852	21 28 117 
4853	2 
4854	90 
4855	18 
4856	12 
4857	85 
4858	36 
4859	68 
4860	86 
4861	60 
4862	62 101 112 
4863	46 
4864	36 
4865	56 
4866	26 64 111 
4867	22 
4868	134 
4869	101 
4870	50 
4871	36 
4872	4 76 101 
4873	64 
4874	24 
4875	5 
4876	135 
4877	132 
4878	122 
4879	101 
4880	53 
4881	46 
4882	99 
4883	85 
4884	136 
4885	29 
4886	43 
4887	55 
4888	60 
4889	24 
4890	9 
4891	7 26 94 
4892	60 88 137 
4893	126 
4894	115 
4895	76 
4896	100 
4897	115 
4898	113 
4899	19 
4900	34 65 129 
4901	4 50 66 
4902	58 
4903	67 
4904	113 
4905	72 
4906	66 
4907	34 93 132 
4908	47 106 119 
4909	23 
4910	73 86 97 
4911	55 
4912	41 
4913	94 
4914	51 
4915	109 
4916	19 45 121 
4917	12 
4918	133 
4919	81 
4920	62 
4921	29 
4922	66 
4923	75 
4924	126 
4925	44 55 92 
4926	117 
4927	22 
4928	7 23 128 
4929	38 
4930	134 
4931	131 
4932	13 47 66 
4933	26 68 90 
4934	23 
4935	85 
4936	75 
4937	23 
4938	75 
4939	77 
4940	18 
4941	36 41 89 
4942	118 
4943	46 
4944	51 54 94 
4945	63 
4946	17 
4947	50 
4948	38 
4949	23 
4950	133 
4951	22 
4952	58 
4953	79 
4954	16 64 113 
4955	132 
4956	7 43 113 
4957	115 
4958	7 16 128 
4959	130 
4960	99 
4961	23 
4962	38 
4963	29 
4964	126 
4965	131 
4966	119 
4967	89 
4968	24 
4969	67 
4970	55 77 78 
4971	29 
4972	18 
4973	30 
4974	2 96 105 
4975	134 
4976	46 53 130 
4977	109 
4978	24 
4979	19 66 136 
4980	29 
4981	29 
4982	86 
4983	9 
4984	53 
4985	40 
4986	119 
4987	66 
4988	51 
4989	116 
4990	48 79 136 
4991	67 
4992	55 
4993	9 
4994	136 
4995	99 
4996	85 
4997	24 
4998	73 
4999	69 74 131 
5000	45 46 49 
