1	20 
2	25 
3	46 
4	32 
5	41 
6	78 
7	114 
8	66 
9	81 
10	80 
11	7 8 27 
12	8 
13	107 
14	117 
15	18 
16	88 
17	14 89 108 
18	16 
19	79 
20	3 
21	85 
22	107 
23	79 103 117 
24	77 
25	74 
26	98 
27	31 
28	14 
29	107 
30	81 
31	5 
32	28 48 106 
33	41 
34	17 
35	78 
36	32 
37	99 
38	25 
39	99 
40	81 
41	106 
42	47 
43	25 
44	14 
45	21 
46	122 
47	27 
48	97 
49	33 
50	34 
51	35 
52	106 
53	86 
54	77 
55	21 
56	57 
57	42 
58	105 
59	88 
60	65 
61	74 
62	25 
63	58 
64	105 
65	68 
66	60 
67	54 
68	42 
69	17 
70	117 
71	89 
72	81 
73	58 
74	109 
75	17 
76	109 
77	114 
78	16 72 100 
79	69 
80	67 
81	14 
82	32 65 95 
83	83 
84	25 
85	20 
86	107 
87	115 
88	34 
89	115 
90	49 
91	30 
92	45 
93	54 
94	106 
95	24 
96	21 
97	121 
98	22 
99	108 
100	102 
101	16 
102	94 
103	74 
104	46 
105	105 
106	106 
107	54 
108	42 84 89 
109	44 
110	51 
111	70 
112	72 
113	1 
114	88 
115	66 
116	45 
117	100 
118	61 
119	117 
120	105 
121	13 
122	43 
123	94 
124	117 
125	63 
126	113 
127	88 
128	53 
129	13 39 112 
130	7 
131	107 
132	95 
133	4 
134	63 
135	47 
136	17 
137	83 
138	106 
139	39 75 122 
140	62 
141	93 
142	48 
143	1 
144	29 
145	4 
146	8 
147	12 
148	15 
149	3 
150	100 
151	78 
152	118 
153	83 
154	16 
155	46 
156	38 
157	4 
158	53 
159	83 
160	16 
161	48 
162	104 
163	9 
164	48 
165	98 117 122 
166	8 
167	58 
168	34 
169	37 66 70 
170	23 
171	120 
172	80 
173	49 
174	47 
175	113 
176	24 
177	65 
178	106 
179	101 
180	95 
181	5 16 18 
182	28 
183	32 86 89 
184	23 63 93 
185	16 
186	78 
187	98 
188	82 
189	18 
190	29 
191	16 
192	78 
193	33 
194	102 
195	52 
196	64 
197	85 
198	103 
199	4 14 33 
200	119 
201	8 
202	16 34 46 
203	72 
204	44 
205	109 
206	81 
207	48 
208	52 
209	100 
210	58 
211	46 79 91 
212	48 117 122 
213	85 
214	5 
215	50 
216	16 
217	74 85 93 
218	25 
219	65 
220	67 
221	40 
222	20 
223	25 
224	5 
225	58 
226	32 
227	85 
228	46 
229	21 
230	63 
231	14 
232	63 
233	107 
234	121 
235	6 
236	26 
237	120 
238	70 
239	1 
240	76 
241	26 
242	53 
243	79 
244	65 
245	28 
246	73 
247	9 
248	94 
249	10 55 98 
250	34 
251	105 
252	23 
253	72 
254	107 
255	42 
256	54 
257	58 
258	73 
259	1 
260	65 
261	121 
262	65 
263	10 
264	28 
265	120 
266	76 
267	88 
268	120 
269	35 57 122 
270	74 
271	7 37 75 
272	108 
273	49 
274	97 
275	61 
276	86 
277	43 88 112 
278	21 88 95 
279	12 24 117 
280	28 
281	109 
282	81 
283	8 
284	17 
285	14 
286	5 
287	33 
288	99 
289	37 
290	29 
291	37 
292	15 68 119 
293	42 
294	16 
295	1 24 116 
296	65 
297	47 
298	10 17 103 
299	48 
300	6 
301	53 
302	102 
303	69 
304	33 
305	94 
306	55 
307	102 
308	52 
309	6 58 65 
310	118 
311	22 
312	17 
313	65 
314	16 
315	4 
316	88 
317	105 
318	74 
319	5 
320	36 
321	52 
322	62 
323	76 
324	115 
325	55 
326	20 
327	111 
328	88 
329	12 84 121 
330	14 
331	18 
332	91 
333	53 
334	120 
335	23 31 49 
336	12 
337	104 
338	99 
339	39 
340	90 
341	83 
342	122 
343	72 
344	66 
345	28 
346	96 
347	1 54 77 
348	39 
349	88 
350	23 
351	109 
352	57 
353	121 
354	34 
355	105 
356	29 
357	85 
358	34 
359	25 
360	38 
361	52 
362	8 
363	100 
364	75 
365	4 
366	37 
367	14 
368	44 
369	85 
370	106 
371	89 
372	54 
373	8 
374	95 
375	17 
376	60 
377	26 
378	60 
379	59 
380	87 
381	27 
382	64 
383	120 
384	26 
385	74 
386	120 
387	72 
388	77 
389	120 
390	66 
391	34 
392	19 
393	112 
394	93 
395	75 
396	86 
397	62 
398	60 
399	112 
400	31 
401	58 
402	5 
403	114 
404	32 
405	104 
406	95 98 117 
407	54 
408	18 
409	95 
410	1 
411	29 31 74 
412	80 
413	48 
414	55 72 95 
415	39 
416	44 
417	14 
418	13 
419	54 
420	78 
421	13 
422	120 
423	53 
424	48 93 96 
425	88 
426	86 
427	107 
428	28 64 118 
429	88 
430	74 
431	18 
432	13 33 95 
433	119 
434	40 
435	64 
436	39 
437	29 
438	109 
439	28 
440	51 
441	15 
442	14 
443	88 
444	66 67 118 
445	82 
446	42 
447	32 
448	9 
449	3 
450	98 
451	21 
452	18 
453	16 
454	35 94 98 
455	58 
456	26 30 88 
457	103 
458	97 
459	54 
460	23 
461	115 
462	48 
463	88 
464	24 
465	17 
466	28 
467	34 
468	54 
469	111 
470	65 
471	74 
472	45 
473	78 
474	5 
475	81 95 101 
476	17 
477	55 
478	5 
479	79 
480	103 
481	105 
482	1 
483	34 
484	4 
485	98 
486	1 
487	112 
488	96 
489	22 
490	119 
491	8 
492	91 
493	97 
494	117 
495	49 
496	13 
497	79 
498	51 
499	58 89 105 
500	40 
501	40 
502	24 
503	78 
504	94 
505	28 67 86 
506	98 
507	69 
508	1 
509	55 
510	16 
511	21 
512	88 
513	72 
514	102 
515	64 
516	31 
517	113 
518	50 
519	112 
520	25 
521	112 
522	118 
523	60 
524	74 
525	89 
526	58 
527	43 
528	26 
529	104 
530	61 
531	29 
532	45 
533	118 
534	68 72 117 
535	6 
536	12 31 46 
537	3 
538	10 25 112 
539	72 
540	17 41 48 
541	11 
542	46 
543	29 32 93 
544	107 
545	121 
546	2 
547	51 
548	121 
549	26 
550	121 
551	89 
552	34 48 89 
553	108 
554	114 
555	106 
556	60 
557	41 
558	65 
559	100 
560	31 
561	31 
562	83 
563	107 
564	45 
565	5 
566	12 
567	25 
568	57 
569	45 48 106 
570	51 
571	80 
572	90 
573	92 
574	93 
575	33 
576	49 
577	29 
578	12 
579	83 
580	23 29 41 
581	9 
582	8 
583	85 
584	24 
585	73 92 121 
586	95 
587	36 
588	107 
589	119 
590	113 
591	28 
592	46 54 111 
593	97 
594	32 
595	1 
596	32 
597	51 
598	33 
599	120 
600	7 14 79 
601	14 
602	60 
603	27 
604	71 
605	8 
606	21 
607	84 
608	22 
609	73 
610	74 
611	113 
612	56 
613	116 
614	31 65 110 
615	21 
616	26 
617	50 
618	50 88 89 
619	13 
620	99 
621	29 
622	18 
623	117 
624	107 
625	50 
626	50 
627	73 
628	26 
629	6 
630	116 
631	46 
632	30 
633	6 14 106 
634	98 
635	66 
636	13 
637	100 
638	6 106 117 
639	8 
640	33 
641	44 
642	71 
643	48 
644	33 
645	94 
646	34 
647	3 27 87 
648	14 
649	42 
650	18 42 122 
651	34 
652	18 
653	29 
654	16 
655	99 
656	3 
657	21 60 109 
658	81 
659	23 
660	54 
661	1 
662	36 
663	34 
664	21 
665	67 
666	46 
667	65 
668	14 
669	16 
670	33 
671	110 
672	105 
673	42 
674	12 114 120 
675	4 
676	49 
677	1 23 34 
678	60 
679	20 
680	2 
681	50 
682	5 
683	27 88 105 
684	8 
685	50 
686	38 
687	48 
688	95 
689	117 
690	54 
691	49 
692	54 
693	83 
694	65 
695	21 23 66 
696	15 
697	112 
698	66 
699	106 
700	58 
701	89 
702	94 
703	98 
704	15 
705	85 
706	31 
707	111 
708	14 
709	1 
710	58 
711	31 
712	8 
713	121 
714	95 
715	117 
716	42 
717	122 
718	109 
719	65 
720	28 76 112 
721	74 
722	6 
723	72 
724	107 
725	91 
726	72 110 121 
727	16 43 79 
728	11 
729	5 
730	67 
731	19 69 120 
732	30 
733	14 
734	3 
735	87 
736	55 
737	109 
738	108 
739	45 
740	83 
741	56 
742	47 
743	101 
744	122 
745	91 
746	31 
747	108 
748	118 
749	45 
750	54 
751	94 
752	76 
753	57 
754	2 
755	96 
756	43 68 103 
757	39 
758	69 
759	21 
760	61 
761	27 
762	65 88 98 
763	95 
764	37 
765	60 
766	64 
767	71 
768	74 
769	27 
770	6 
771	72 
772	56 
773	50 53 112 
774	15 
775	108 
776	95 
777	74 
778	67 
779	16 
780	92 
781	6 
782	37 
783	1 
784	89 
785	62 
786	87 
787	117 
788	2 68 119 
789	16 
790	51 
791	74 
792	67 
793	89 
794	67 
795	3 17 69 
796	88 
797	54 
798	51 
799	59 
800	119 
801	72 
802	80 
803	111 
804	92 
805	10 
806	31 
807	54 
808	74 
809	13 
810	109 
811	18 21 120 
812	60 
813	26 
814	102 
815	32 
816	12 
817	81 
818	24 28 97 
819	107 
820	116 
821	5 57 89 
822	109 
823	20 
824	91 
825	3 
826	104 
827	74 
828	26 
829	18 
830	18 
831	4 26 74 
832	83 
833	23 
834	59 
835	78 
836	6 
837	83 
838	94 
839	26 
840	105 
841	72 
842	4 
843	10 
844	16 
845	78 
846	3 
847	103 
848	103 
849	73 
850	67 
851	28 
852	5 
853	66 
854	81 97 120 
855	43 
856	26 
857	10 
858	104 
859	28 
860	47 
861	29 
862	88 
863	109 
864	87 
865	42 
866	52 
867	117 
868	84 
869	1 43 54 
870	12 
871	28 
872	36 
873	29 
874	53 89 120 
875	56 74 111 
876	74 
877	16 21 81 
878	22 
879	89 
880	36 
881	104 
882	58 
883	76 
884	103 
885	5 
886	72 78 89 
887	40 92 105 
888	17 
889	110 
890	121 
891	22 
892	39 
893	84 
894	42 
895	21 29 33 
896	85 
897	3 92 117 
898	29 
899	37 
900	64 
901	1 
902	42 
903	47 
904	17 26 88 
905	3 27 60 
906	120 
907	73 
908	79 
909	78 
910	58 
911	54 
912	107 
913	3 
914	32 
915	33 
916	35 
917	85 
918	8 
919	41 
920	107 
921	94 
922	6 
923	120 
924	45 
925	3 
926	28 
927	5 35 99 
928	22 
929	95 
930	40 47 117 
931	95 
932	3 
933	88 
934	77 
935	89 
936	105 
937	59 
938	11 
939	83 
940	13 
941	109 
942	117 
943	31 
944	6 
945	83 
946	111 
947	70 
948	34 
949	85 
950	54 
951	111 
952	41 
953	16 
954	74 
955	118 
956	55 
957	116 
958	53 
959	91 
960	113 
961	81 
962	36 
963	29 
964	23 
965	31 
966	114 
967	38 
968	32 
969	32 
970	78 
971	83 
972	58 
973	34 
974	59 
975	59 
976	78 
977	69 
978	15 
979	4 
980	1 50 104 
981	19 
982	92 
983	30 
984	1 48 82 
985	62 
986	48 58 107 
987	65 
988	75 
989	7 
990	55 
991	29 
992	89 
993	48 
994	39 
995	81 82 98 
996	19 
997	93 
998	113 
999	22 
1000	89 
1001	99 
1002	48 
1003	95 
1004	68 
1005	66 
1006	34 
1007	23 
1008	67 
1009	31 
1010	1 67 106 
1011	16 
1012	74 
1013	49 
1014	29 
1015	112 
1016	14 33 81 
1017	93 
1018	24 
1019	54 
1020	3 
1021	46 
1022	5 
1023	72 
1024	90 
1025	6 106 122 
1026	120 
1027	68 
1028	71 
1029	57 
1030	24 
1031	83 
1032	14 
1033	20 
1034	63 
1035	73 
1036	36 
1037	98 
1038	60 64 102 
1039	36 43 60 
1040	119 
1041	95 
1042	34 
1043	29 
1044	50 
1045	56 
1046	105 
1047	17 
1048	74 
1049	12 
1050	42 
1051	7 
1052	120 
1053	68 
1054	11 67 93 
1055	106 
1056	98 
1057	56 
1058	105 
1059	3 85 99 
1060	68 102 119 
1061	46 
1062	48 
1063	110 
1064	19 
1065	99 
1066	1 54 113 
1067	106 
1068	74 
1069	97 
1070	37 47 88 
1071	16 27 66 
1072	60 
1073	72 
1074	90 
1075	92 
1076	106 
1077	111 
1078	15 
1079	76 
1080	93 
1081	62 
1082	47 
1083	46 
1084	66 
1085	18 55 62 
1086	34 
1087	67 
1088	111 
1089	106 
1090	70 
1091	22 
1092	57 
1093	112 
1094	8 
1095	3 63 100 
1096	50 
1097	55 
1098	48 
1099	62 
1100	8 
1101	53 
1102	8 
1103	19 
1104	86 
1105	115 
1106	84 
1107	31 
1108	48 
1109	106 
1110	29 
1111	113 
1112	58 79 107 
1113	23 
1114	29 
1115	97 
1116	89 
1117	94 
1118	45 
1119	78 
1120	107 
1121	48 
1122	67 
1123	48 67 122 
1124	78 
1125	120 
1126	10 
1127	14 28 48 
1128	111 
1129	60 
1130	4 
1131	54 
1132	99 
1133	17 
1134	54 68 88 
1135	1 102 105 
1136	44 
1137	13 
1138	13 
1139	54 
1140	91 
1141	82 
1142	72 
1143	66 74 86 
1144	60 
1145	113 
1146	12 78 97 
1147	45 
1148	120 
1149	82 
1150	72 
1151	122 
1152	5 
1153	88 
1154	81 
1155	32 
1156	63 
1157	120 
1158	55 83 94 
1159	28 
1160	37 
1161	65 
1162	17 104 116 
1163	48 
1164	3 
1165	10 
1166	85 
1167	84 
1168	44 
1169	72 79 102 
1170	16 
1171	23 
1172	86 
1173	14 
1174	76 
1175	45 
1176	86 
1177	69 
1178	65 67 91 
1179	2 
1180	1 
1181	28 
1182	120 
1183	4 10 48 
1184	2 22 67 
1185	118 
1186	2 
1187	115 
1188	50 
1189	96 
1190	2 
1191	61 
1192	23 
1193	10 
1194	50 
1195	24 
1196	12 27 94 
1197	26 
1198	83 
1199	67 
1200	15 
1201	92 
1202	4 35 114 
1203	20 
1204	27 87 91 
1205	77 
1206	2 
1207	85 
1208	75 
1209	67 
1210	91 
1211	2 
1212	87 
1213	86 
1214	34 
1215	81 
1216	105 
1217	46 
1218	57 
1219	26 
1220	120 
1221	100 
1222	90 
1223	24 
1224	96 
1225	34 
1226	57 
1227	55 
1228	10 
1229	122 
1230	110 
1231	26 
1232	39 
1233	107 
1234	28 65 83 
1235	89 
1236	88 
1237	44 
1238	95 
1239	78 
1240	72 
1241	7 
1242	73 
1243	8 
1244	15 
1245	11 
1246	13 
1247	24 
1248	46 
1249	49 
1250	1 
1251	1 45 120 
1252	4 
1253	92 
1254	31 
1255	50 78 110 
1256	74 
1257	20 
1258	26 
1259	68 
1260	17 
1261	53 
1262	59 78 108 
1263	79 
1264	67 
1265	61 
1266	47 
1267	75 
1268	72 
1269	105 
1270	117 
1271	69 
1272	66 
1273	32 
1274	6 
1275	41 
1276	112 
1277	57 
1278	120 
1279	26 
1280	51 
1281	63 
1282	53 
1283	45 
1284	4 
1285	43 
1286	95 
1287	47 
1288	46 
1289	54 
1290	16 88 95 
1291	75 
1292	101 
1293	98 
1294	42 
1295	44 
1296	6 66 117 
1297	94 
1298	14 19 85 
1299	49 
1300	78 
1301	64 
1302	111 
1303	60 79 121 
1304	42 
1305	83 
1306	65 
1307	9 59 98 
1308	77 
1309	11 34 106 
1310	98 
1311	17 
1312	38 
1313	14 
1314	88 
1315	25 
1316	12 
1317	82 
1318	56 
1319	46 
1320	68 
1321	54 
1322	7 
1323	66 
1324	95 
1325	21 
1326	29 
1327	95 
1328	34 
1329	34 
1330	65 
1331	28 89 92 
1332	59 
1333	60 
1334	32 
1335	33 
1336	106 
1337	8 
1338	25 
1339	60 
1340	45 105 107 
1341	119 
1342	8 10 88 
1343	47 
1344	33 
1345	115 
1346	92 
1347	82 
1348	54 79 117 
1349	28 
1350	115 
1351	5 
1352	14 
1353	55 69 111 
1354	107 
1355	57 
1356	81 
1357	60 
1358	74 
1359	112 
1360	103 
1361	65 
1362	46 
1363	21 
1364	34 97 110 
1365	65 
1366	120 
1367	6 
1368	6 
1369	58 
1370	58 
1371	22 31 32 
1372	54 
1373	88 
1374	67 
1375	23 
1376	5 
1377	17 
1378	1 
1379	71 
1380	105 
1381	98 
1382	47 66 77 
1383	30 
1384	32 
1385	7 
1386	46 
1387	65 
1388	12 
1389	74 
1390	4 
1391	83 
1392	95 
1393	86 
1394	91 
1395	8 
1396	6 
1397	4 
1398	104 
1399	28 46 60 
1400	49 
1401	14 
1402	46 
1403	3 
1404	45 
1405	15 
1406	120 
1407	1 
1408	116 
1409	115 
1410	32 
1411	78 
1412	54 70 78 
1413	106 
1414	120 
1415	21 63 65 
1416	28 
1417	14 
1418	26 
1419	74 
1420	65 111 120 
1421	80 
1422	36 
1423	49 
1424	107 
1425	16 
1426	13 
1427	96 
1428	66 
1429	55 72 112 
1430	117 
1431	22 
1432	88 
1433	94 
1434	43 
1435	36 
1436	90 
1437	65 
1438	71 
1439	58 
1440	78 
1441	34 
1442	18 
1443	12 
1444	88 
1445	68 
1446	29 
1447	3 
1448	18 
1449	60 
1450	88 
1451	78 
1452	23 
1453	77 
1454	70 
1455	74 
1456	27 
1457	48 
1458	80 
1459	52 
1460	122 
1461	3 
1462	83 
1463	21 
1464	44 
1465	6 
1466	43 
1467	28 
1468	54 
1469	16 29 40 
1470	25 
1471	45 
1472	43 
1473	117 
1474	50 
1475	27 
1476	27 
1477	80 
1478	33 
1479	31 
1480	87 
1481	68 
1482	98 
1483	23 
1484	74 
1485	105 
1486	27 
1487	93 
1488	63 
1489	28 
1490	78 
1491	113 
1492	60 
1493	61 
1494	65 
1495	63 
1496	14 
1497	76 
1498	41 46 74 
1499	46 
1500	97 
1501	95 
1502	16 18 62 
1503	116 
1504	50 
1505	16 
1506	101 
1507	30 
1508	4 
1509	58 
1510	122 
1511	35 
1512	116 
1513	54 
1514	18 
1515	38 
1516	122 
1517	13 
1518	62 
1519	83 
1520	18 
1521	88 
1522	52 
1523	82 
1524	109 
1525	120 
1526	120 
1527	9 
1528	100 
1529	85 
1530	103 
1531	9 
1532	67 
1533	104 
1534	94 
1535	1 67 120 
1536	8 14 43 
1537	17 
1538	2 5 78 
1539	33 
1540	31 
1541	38 
1542	20 75 95 
1543	50 
1544	65 
1545	50 
1546	17 39 83 
1547	16 
1548	96 
1549	9 
1550	105 
1551	115 
1552	117 
1553	25 
1554	8 
1555	58 
1556	56 
1557	105 
1558	78 
1559	7 
1560	80 
1561	84 
1562	65 
1563	90 
1564	10 
1565	57 
1566	72 
1567	57 95 106 
1568	78 
1569	8 
1570	12 42 95 
1571	105 
1572	29 
1573	36 
1574	47 
1575	34 
1576	21 
1577	116 
1578	112 
1579	6 
1580	116 
1581	75 
1582	59 
1583	45 93 111 
1584	93 
1585	53 
1586	1 
1587	28 
1588	37 
1589	17 
1590	82 
1591	89 
1592	82 108 110 
1593	88 
1594	26 
1595	16 
1596	27 
1597	31 
1598	81 
1599	10 
1600	106 
1601	81 
1602	29 
1603	43 
1604	13 50 55 
1605	46 
1606	88 
1607	120 
1608	87 
1609	107 
1610	43 
1611	29 
1612	38 
1613	28 
1614	19 
1615	32 
1616	82 
1617	122 
1618	31 
1619	58 
1620	31 
1621	53 
1622	65 
1623	106 
1624	37 
1625	65 
1626	66 
1627	81 99 101 
1628	106 
1629	18 60 88 
1630	53 
1631	58 66 72 
1632	46 
1633	20 
1634	117 
1635	31 
1636	50 
1637	32 
1638	97 
1639	105 
1640	34 
1641	67 
1642	21 
1643	92 
1644	65 
1645	27 
1646	78 81 111 
1647	6 
1648	27 
1649	88 
1650	68 
1651	121 
1652	95 
1653	95 
1654	21 
1655	8 42 43 
1656	20 
1657	90 
1658	82 
1659	67 
1660	99 
1661	109 
1662	91 
1663	12 
1664	22 
1665	46 
1666	97 
1667	113 
1668	83 
1669	24 
1670	88 
1671	102 
1672	116 
1673	24 
1674	54 
1675	72 
1676	106 
1677	39 
1678	51 
1679	25 60 112 
1680	8 28 83 
1681	66 
1682	48 
1683	6 
1684	67 
1685	82 
1686	108 
1687	48 
1688	64 
1689	88 
1690	1 
1691	46 
1692	17 
1693	61 
1694	38 
1695	82 
1696	78 
1697	122 
1698	112 
1699	21 
1700	42 
1701	45 
1702	89 101 122 
1703	87 
1704	111 
1705	93 
1706	1 
1707	34 45 88 
1708	121 
1709	107 
1710	17 
1711	112 
1712	8 
1713	58 
1714	2 24 95 
1715	37 
1716	64 
1717	73 
1718	45 
1719	92 
1720	75 
1721	2 
1722	39 
1723	10 
1724	79 
1725	25 
1726	56 
1727	21 
1728	58 
1729	49 
1730	10 
1731	28 
1732	98 
1733	103 
1734	120 
1735	50 
1736	65 
1737	122 
1738	34 
1739	65 
1740	111 
1741	34 
1742	94 
1743	84 
1744	88 
1745	58 
1746	10 
1747	10 
1748	27 
1749	83 
1750	2 
1751	35 
1752	34 
1753	93 
1754	28 
1755	31 
1756	28 
1757	81 
1758	85 
1759	35 
1760	94 
1761	14 
1762	73 
1763	92 
1764	72 
1765	24 
1766	102 
1767	92 
1768	70 
1769	45 
1770	62 
1771	85 
1772	111 
1773	21 
1774	6 
1775	31 
1776	115 
1777	46 
1778	83 
1779	85 
1780	83 
1781	72 
1782	78 
1783	32 89 106 
1784	32 
1785	15 
1786	32 
1787	9 
1788	53 
1789	71 
1790	13 
1791	16 
1792	57 
1793	3 
1794	80 
1795	120 
1796	74 
1797	111 
1798	68 
1799	3 31 120 
1800	120 
1801	3 
1802	104 
1803	44 46 95 
1804	101 
1805	9 
1806	10 50 116 
1807	27 
1808	65 
1809	7 
1810	26 
1811	66 
1812	55 
1813	79 
1814	44 83 122 
1815	42 
1816	92 
1817	26 
1818	9 
1819	107 
1820	81 
1821	47 
1822	91 
1823	26 
1824	45 
1825	48 
1826	20 
1827	24 73 85 
1828	104 
1829	106 
1830	51 
1831	42 
1832	22 
1833	89 
1834	26 
1835	78 
1836	112 
1837	67 
1838	99 
1839	94 
1840	21 
1841	95 
1842	89 
1843	15 
1844	13 
1845	33 
1846	91 
1847	69 
1848	28 
1849	8 
1850	53 
1851	66 
1852	17 
1853	107 
1854	84 
1855	6 
1856	106 
1857	14 
1858	57 
1859	118 
1860	38 
1861	104 
1862	88 
1863	35 106 122 
1864	43 
1865	104 
1866	105 
1867	29 
1868	16 
1869	23 
1870	19 
1871	22 
1872	19 
1873	10 73 109 
1874	107 
1875	82 
1876	16 65 94 
1877	59 
1878	105 
1879	105 
1880	60 
1881	73 
1882	34 40 47 
1883	52 
1884	20 48 106 
1885	95 
1886	22 89 106 
1887	3 
1888	120 
1889	18 
1890	46 
1891	50 
1892	34 
1893	80 
1894	54 
1895	27 
1896	72 
1897	53 
1898	112 
1899	6 
1900	58 
1901	102 
1902	23 79 112 
1903	17 
1904	75 
1905	57 
1906	39 
1907	121 
1908	32 
1909	95 
1910	38 
1911	66 
1912	39 
1913	13 
1914	16 
1915	17 
1916	105 
1917	122 
1918	15 
1919	113 
1920	64 
1921	74 
1922	116 
1923	12 17 87 
1924	16 
1925	46 
1926	41 
1927	26 
1928	30 
1929	70 
1930	82 
1931	67 
1932	72 
1933	122 
1934	49 
1935	102 
1936	1 
1937	5 
1938	105 
1939	5 
1940	70 
1941	18 55 75 
1942	85 
1943	45 
1944	48 
1945	83 
1946	5 
1947	38 
1948	63 
1949	92 
1950	87 
1951	5 
1952	112 
1953	105 
1954	42 82 89 
1955	94 
1956	116 
1957	16 73 108 
1958	13 
1959	14 
1960	28 
1961	54 
1962	78 
1963	77 
1964	27 86 107 
1965	78 
1966	22 
1967	59 
1968	74 
1969	13 78 108 
1970	16 
1971	36 
1972	84 
1973	43 
1974	48 
1975	74 
1976	46 
1977	5 17 74 
1978	14 
1979	19 
1980	14 
1981	117 
1982	83 
1983	74 
1984	91 
1985	106 
1986	11 
1987	80 
1988	67 74 112 
1989	13 25 99 
1990	78 
1991	86 
1992	27 
1993	52 
1994	35 54 120 
1995	57 69 88 
1996	35 
1997	71 
1998	88 
1999	38 
2000	29 
2001	83 
2002	108 
2003	17 
2004	3 32 48 
2005	74 
2006	22 
2007	28 
2008	16 
2009	50 
2010	42 
2011	110 
2012	28 
2013	10 
2014	24 74 84 
2015	77 
2016	1 
2017	64 
2018	94 
2019	45 
2020	64 
2021	71 
2022	14 
2023	25 
2024	48 
2025	68 
2026	77 
2027	105 
2028	37 
2029	83 
2030	41 
2031	12 60 115 
2032	91 
2033	54 
2034	114 
2035	26 
2036	72 
2037	15 
2038	55 
2039	65 
2040	53 
2041	83 
2042	81 
2043	5 
2044	107 
2045	11 
2046	45 95 107 
2047	100 
2048	4 71 77 
2049	108 
2050	62 
2051	98 
2052	105 
2053	53 
2054	83 
2055	27 
2056	99 
2057	95 
2058	65 
2059	11 
2060	12 
2061	57 
2062	85 
2063	97 
2064	99 
2065	64 
2066	58 
2067	70 
2068	93 
2069	69 
2070	6 
2071	28 
2072	6 68 87 
2073	77 
2074	64 105 120 
2075	75 
2076	16 
2077	58 
2078	49 
2079	56 
2080	16 
2081	9 92 114 
2082	79 
2083	26 
2084	98 
2085	68 
2086	39 
2087	54 
2088	60 
2089	39 
2090	66 
2091	44 65 88 
2092	21 
2093	60 
2094	33 
2095	26 
2096	78 
2097	74 
2098	93 
2099	27 
2100	74 
2101	72 
2102	50 
2103	39 
2104	96 
2105	32 
2106	24 
2107	29 
2108	70 
2109	41 
2110	57 
2111	106 
2112	70 
2113	74 
2114	14 
2115	34 
2116	42 45 65 
2117	65 
2118	33 63 88 
2119	21 97 121 
2120	92 
2121	105 
2122	93 
2123	59 
2124	27 
2125	120 
2126	107 
2127	37 
2128	79 
2129	10 
2130	5 
2131	12 
2132	111 
2133	46 
2134	71 
2135	92 
2136	59 
2137	28 
2138	94 
2139	93 
2140	71 
2141	15 65 116 
2142	13 28 33 
2143	65 
2144	45 
2145	37 
2146	22 
2147	43 
2148	76 
2149	29 
2150	61 
2151	51 
2152	4 
2153	65 
2154	81 
2155	58 
2156	56 
2157	16 
2158	39 
2159	114 
2160	21 
2161	12 
2162	18 
2163	6 
2164	34 
2165	105 
2166	10 
2167	29 
2168	118 
2169	71 
2170	117 
2171	46 
2172	17 
2173	15 50 68 
2174	72 78 120 
2175	34 
2176	17 
2177	31 
2178	18 
2179	57 
2180	59 
2181	119 
2182	122 
2183	83 
2184	102 
2185	81 
2186	84 
2187	111 
2188	33 
2189	122 
2190	11 
2191	95 
2192	104 
2193	88 
2194	15 25 57 
2195	94 
2196	8 
2197	47 
2198	58 
2199	8 
2200	105 
2201	59 
2202	74 
2203	17 
2204	82 
2205	44 
2206	15 21 117 
2207	99 
2208	107 
2209	14 
2210	52 
2211	113 
2212	89 
2213	6 
2214	1 
2215	14 
2216	33 
2217	63 
2218	105 
2219	18 
2220	112 
2221	83 
2222	72 
2223	8 
2224	82 
2225	86 120 121 
2226	23 59 77 
2227	80 
2228	96 
2229	6 
2230	95 
2231	13 
2232	28 
2233	54 
2234	120 
2235	97 
2236	1 
2237	72 
2238	13 
2239	61 
2240	6 
2241	50 
2242	106 
2243	74 
2244	92 
2245	122 
2246	45 
2247	60 
2248	89 92 109 
2249	66 
2250	99 
2251	78 
2252	28 
2253	74 
2254	26 
2255	8 18 28 
2256	28 
2257	32 55 107 
2258	73 
2259	87 
2260	18 
2261	92 
2262	102 
2263	6 39 55 
2264	4 
2265	79 
2266	60 
2267	23 
2268	121 
2269	78 
2270	30 
2271	90 
2272	5 8 30 
2273	98 
2274	31 
2275	14 
2276	13 
2277	60 
2278	46 
2279	65 
2280	55 
2281	84 
2282	27 
2283	101 
2284	83 
2285	86 
2286	21 
2287	108 
2288	29 
2289	25 88 113 
2290	28 
2291	86 
2292	46 
2293	88 
2294	45 
2295	6 
2296	4 
2297	65 
2298	31 
2299	14 43 70 
2300	37 
2301	41 44 50 
2302	120 
2303	62 
2304	61 
2305	9 
2306	16 60 65 
2307	58 
2308	60 
2309	74 
2310	6 89 108 
2311	81 
2312	112 
2313	25 
2314	105 
2315	34 111 121 
2316	67 
2317	47 99 122 
2318	15 
2319	31 
2320	42 
2321	59 
2322	68 
2323	46 
2324	8 
2325	92 
2326	14 47 83 
2327	29 
2328	29 
2329	90 
2330	54 
2331	14 
2332	89 
2333	71 
2334	35 
2335	69 
2336	10 31 60 
2337	32 
2338	26 108 111 
2339	81 
2340	85 
2341	58 
2342	7 
2343	97 
2344	5 
2345	113 
2346	59 
2347	59 
2348	22 
2349	50 
2350	35 
2351	77 
2352	34 83 107 
2353	88 
2354	113 
2355	107 
2356	25 57 99 
2357	120 
2358	1 
2359	78 
2360	94 
2361	22 
2362	98 
2363	120 
2364	86 
2365	56 
2366	88 
2367	34 
2368	26 
2369	95 
2370	59 
2371	103 
2372	59 
2373	44 
2374	6 
2375	23 32 55 
2376	6 
2377	97 
2378	22 
2379	121 
2380	74 
2381	36 
2382	39 
2383	57 
2384	54 
2385	83 
2386	34 
2387	26 28 81 
2388	87 
2389	12 
2390	22 
2391	58 
2392	49 
2393	16 
2394	43 
2395	35 
2396	48 
2397	97 
2398	101 
2399	105 
2400	102 
2401	105 
2402	86 98 102 
2403	5 
2404	55 
2405	27 
2406	22 
2407	93 
2408	40 
2409	18 
2410	67 
2411	50 
2412	109 
2413	29 
2414	34 49 50 
2415	72 
2416	67 
2417	59 
2418	8 60 96 
2419	46 55 101 
2420	92 
2421	66 
2422	81 
2423	1 52 58 
2424	26 
2425	64 
2426	72 
2427	50 
2428	62 
2429	116 
2430	59 
2431	31 
2432	55 
2433	40 54 86 
2434	69 
2435	66 
2436	22 25 86 
2437	120 
2438	26 60 95 
2439	8 
2440	117 
2441	98 
2442	3 
2443	9 
2444	107 
2445	105 
2446	24 
2447	112 
2448	86 
2449	105 
2450	112 
2451	64 
2452	3 
2453	122 
2454	112 
2455	35 
2456	67 
2457	92 
2458	48 
2459	13 34 64 
2460	48 81 105 
2461	72 
2462	29 
2463	5 
2464	98 
2465	106 
2466	26 
2467	59 
2468	84 
2469	6 
2470	94 
2471	78 
2472	20 69 88 
2473	42 
2474	122 
2475	57 
2476	105 
2477	66 
2478	120 
2479	99 
2480	25 
2481	84 
2482	75 
2483	107 
2484	65 
2485	78 
2486	1 
2487	81 
2488	4 
2489	54 
2490	82 
2491	32 
2492	68 
2493	50 
2494	26 
2495	78 
2496	22 63 118 
2497	4 
2498	29 
2499	31 
2500	31 
2501	10 86 94 
2502	13 
2503	87 
2504	1 
2505	60 
2506	25 
2507	63 
2508	34 
2509	16 28 55 
2510	116 
2511	16 
2512	34 
2513	3 61 122 
2514	18 
2515	92 
2516	45 
2517	81 
2518	111 
2519	96 
2520	106 
2521	31 
2522	5 
2523	30 
2524	13 
2525	117 
2526	46 
2527	22 43 48 
2528	108 
2529	66 
2530	22 
2531	107 
2532	25 
2533	115 
2534	61 
2535	26 
2536	86 
2537	79 
2538	21 
2539	112 
2540	3 
2541	89 
2542	57 
2543	8 10 57 
2544	107 
2545	89 
2546	90 
2547	54 
2548	55 
2549	102 
2550	79 
2551	65 
2552	25 
2553	113 
2554	27 
2555	5 
2556	108 
2557	45 48 84 
2558	109 
2559	107 
2560	107 
2561	96 
2562	59 
2563	56 
2564	1 
2565	53 
2566	7 
2567	61 
2568	106 
2569	32 
2570	99 
2571	26 
2572	107 
2573	67 
2574	73 
2575	40 
2576	122 
2577	58 
2578	106 
2579	22 
2580	62 
2581	83 
2582	107 
2583	65 
2584	16 28 47 
2585	48 
2586	81 
2587	41 
2588	74 
2589	110 
2590	52 
2591	5 
2592	112 
2593	7 47 89 
2594	11 
2595	27 
2596	29 
2597	105 
2598	60 
2599	94 
2600	14 25 56 
2601	112 
2602	81 
2603	74 
2604	29 
2605	88 92 101 
2606	98 
2607	26 
2608	10 
2609	117 
2610	8 
2611	106 
2612	93 
2613	43 
2614	26 34 60 
2615	8 
2616	44 
2617	35 
2618	58 
2619	85 99 117 
2620	46 
2621	26 
2622	85 
2623	54 114 116 
2624	66 
2625	8 
2626	33 
2627	84 
2628	34 
2629	57 
2630	27 34 45 
2631	35 48 65 
2632	74 
2633	31 
2634	73 85 91 
2635	109 
2636	10 
2637	67 
2638	86 
2639	28 
2640	32 
2641	37 85 117 
2642	50 
2643	13 54 63 
2644	86 91 119 
2645	8 67 75 
2646	118 
2647	45 
2648	73 
2649	19 
2650	78 
2651	11 45 66 
2652	18 
2653	27 
2654	60 
2655	99 
2656	28 
2657	27 
2658	94 
2659	87 
2660	48 
2661	33 
2662	27 
2663	56 
2664	20 
2665	35 
2666	60 
2667	85 
2668	32 38 65 
2669	11 
2670	118 
2671	5 
2672	22 
2673	72 
2674	72 
2675	92 
2676	60 
2677	21 
2678	102 
2679	117 
2680	71 
2681	40 
2682	34 
2683	117 
2684	29 
2685	19 
2686	20 
2687	79 
2688	5 24 112 
2689	76 
2690	108 
2691	69 
2692	64 
2693	35 
2694	96 
2695	83 
2696	28 
2697	94 
2698	105 
2699	24 
2700	28 
2701	93 
2702	89 
2703	21 
2704	121 
2705	17 
2706	34 
2707	27 
2708	90 
2709	62 65 116 
2710	20 
2711	72 
2712	94 
2713	33 
2714	107 
2715	28 
2716	86 
2717	54 94 122 
2718	30 
2719	28 
2720	119 
2721	90 
2722	110 
2723	46 
2724	34 
2725	21 48 53 
2726	114 
2727	82 
2728	34 59 60 
2729	95 
2730	28 
2731	49 
2732	60 
2733	66 
2734	90 
2735	43 
2736	117 
2737	86 
2738	16 
2739	95 
2740	74 
2741	38 
2742	14 38 70 
2743	87 
2744	46 
2745	117 
2746	81 
2747	72 
2748	27 
2749	64 
2750	19 
2751	8 
2752	65 
2753	53 
2754	14 
2755	29 
2756	66 
2757	102 
2758	42 
2759	111 
2760	82 
2761	71 
2762	65 
2763	34 
2764	59 117 120 
2765	47 
2766	86 
2767	34 
2768	32 
2769	74 
2770	34 
2771	14 
2772	73 
2773	112 
2774	79 
2775	118 
2776	100 
2777	120 
2778	66 
2779	47 90 93 
2780	105 
2781	5 
2782	31 
2783	114 
2784	4 
2785	85 
2786	25 72 96 
2787	67 
2788	82 
2789	27 
2790	116 
2791	116 
2792	48 
2793	97 
2794	48 
2795	21 
2796	107 
2797	41 
2798	122 
2799	57 
2800	81 
2801	94 
2802	102 
2803	34 
2804	106 
2805	94 
2806	105 
2807	28 
2808	114 
2809	88 
2810	23 48 89 
2811	99 
2812	89 
2813	92 
2814	3 
2815	35 
2816	36 
2817	5 
2818	105 
2819	33 
2820	50 
2821	90 
2822	103 
2823	119 
2824	8 
2825	78 
2826	71 
2827	83 
2828	22 
2829	105 
2830	51 
2831	24 
2832	5 
2833	101 
2834	28 103 108 
2835	47 
2836	89 
2837	15 
2838	60 
2839	18 
2840	78 
2841	16 
2842	94 
2843	45 
2844	81 
2845	84 
2846	84 
2847	98 
2848	29 
2849	69 
2850	32 
2851	31 78 113 
2852	22 
2853	51 
2854	10 
2855	55 
2856	82 
2857	74 
2858	67 
2859	33 59 69 
2860	3 
2861	74 
2862	91 
2863	54 
2864	120 
2865	95 
2866	105 
2867	117 
2868	82 
2869	45 
2870	17 
2871	110 
2872	58 
2873	66 
2874	31 
2875	8 
2876	108 
2877	37 58 108 
2878	79 
2879	100 
2880	84 
2881	112 
2882	40 60 75 
2883	8 34 114 
2884	14 
2885	122 
2886	26 
2887	22 
2888	92 96 107 
2889	48 
2890	11 
2891	54 57 60 
2892	34 
2893	17 
2894	102 
2895	81 
2896	35 
2897	58 
2898	93 
2899	122 
2900	88 
2901	117 
2902	8 
2903	68 102 122 
2904	78 
2905	58 
2906	29 
2907	38 
2908	122 
2909	26 
2910	121 
2911	95 
2912	45 
2913	79 
2914	34 
2915	23 67 81 
2916	58 
2917	3 
2918	95 
2919	6 
2920	83 
2921	65 
2922	61 
2923	54 77 98 
2924	1 
2925	66 
2926	19 
2927	37 
2928	33 
2929	26 
2930	27 
2931	10 
2932	61 
2933	68 
2934	71 
2935	48 
2936	89 
2937	78 
2938	102 
2939	58 
2940	5 
2941	92 
2942	63 
2943	3 
2944	76 
2945	5 
2946	58 
2947	32 
2948	98 
2949	98 
2950	14 
2951	92 
2952	15 
2953	120 
2954	105 
2955	72 
2956	58 72 85 
2957	12 
2958	111 
2959	43 
2960	13 54 79 
2961	65 
2962	95 
2963	65 
2964	55 
2965	93 
2966	29 
2967	89 
2968	14 
2969	104 
2970	39 
2971	40 
2972	105 
2973	16 39 53 
2974	38 
2975	122 
2976	99 
2977	5 
2978	100 
2979	1 
2980	78 
2981	85 
2982	7 
2983	22 54 101 
2984	26 
2985	92 
2986	27 
2987	2 
2988	14 
2989	17 
2990	10 
2991	120 
2992	11 
2993	47 
2994	58 
2995	55 
2996	44 
2997	88 
2998	9 66 114 
2999	112 
3000	1 
3001	47 
3002	108 
3003	14 16 65 
3004	13 32 85 
3005	8 
3006	33 48 77 
3007	107 
3008	78 
3009	100 
3010	45 
3011	108 
3012	112 
3013	49 
3014	16 
3015	78 
3016	47 60 104 
3017	91 
3018	45 
3019	60 
3020	40 65 114 
3021	106 
3022	60 
3023	25 
3024	74 
3025	29 
3026	11 
3027	27 
3028	74 
3029	53 
3030	48 
3031	31 
3032	113 
3033	79 
3034	32 
3035	40 
3036	89 
3037	82 
3038	83 
3039	4 
3040	120 
3041	29 
3042	74 
3043	84 
3044	98 
3045	4 108 122 
3046	34 
3047	81 
3048	15 
3049	4 
3050	44 75 79 
3051	108 
3052	60 
3053	22 
3054	1 
3055	67 
3056	112 
3057	60 
3058	21 
3059	32 
3060	81 
3061	41 
3062	33 
3063	111 
3064	101 
3065	116 
3066	78 
3067	66 
3068	119 
3069	59 
3070	107 
3071	52 
3072	90 
3073	40 
3074	69 
3075	47 
3076	120 
3077	35 
3078	66 
3079	88 
3080	112 
3081	45 
3082	72 
3083	78 
3084	5 7 32 
3085	17 
3086	56 
3087	87 
3088	82 
3089	72 
3090	4 31 78 
3091	94 
3092	107 
3093	74 
3094	8 
3095	27 
3096	84 
3097	18 
3098	76 
3099	29 74 106 
3100	25 
3101	83 
3102	12 16 20 
3103	81 
3104	92 
3105	34 
3106	105 
3107	1 
3108	83 
3109	65 
3110	97 
3111	47 68 72 
3112	18 45 96 
3113	94 
3114	20 54 89 
3115	83 
3116	3 
3117	108 
3118	72 
3119	68 
3120	4 
3121	10 
3122	27 44 95 
3123	9 
3124	116 
3125	67 
3126	62 
3127	54 
3128	78 
3129	54 92 97 
3130	23 63 78 
3131	30 
3132	33 
3133	110 
3134	113 
3135	29 
3136	88 
3137	16 
3138	48 
3139	6 
3140	28 
3141	25 
3142	14 
3143	84 
3144	84 
3145	121 
3146	101 
3147	76 
3148	112 
3149	2 
3150	89 
3151	19 
3152	76 
3153	48 
3154	99 
3155	25 
3156	78 
3157	32 
3158	63 
3159	24 
3160	110 
3161	62 
3162	94 
3163	8 
3164	56 
3165	1 
3166	20 
3167	1 57 73 
3168	114 
3169	72 
3170	92 
3171	79 
3172	33 
3173	55 
3174	66 
3175	72 
3176	54 
3177	28 
3178	121 
3179	62 
3180	95 
3181	56 
3182	8 15 99 
3183	13 
3184	98 
3185	10 
3186	112 
3187	60 
3188	7 
3189	14 103 112 
3190	105 
3191	95 
3192	11 
3193	88 
3194	47 58 60 
3195	58 
3196	88 
3197	112 
3198	90 
3199	57 
3200	114 
3201	23 
3202	59 
3203	69 
3204	28 
3205	24 
3206	55 
3207	111 
3208	113 
3209	117 
3210	1 
3211	61 
3212	111 
3213	51 59 91 
3214	1 18 92 
3215	48 90 91 
3216	57 
3217	86 
3218	14 
3219	70 
3220	89 
3221	8 
3222	99 
3223	99 
3224	22 
3225	32 
3226	121 
3227	21 65 89 
3228	33 
3229	83 
3230	43 76 115 
3231	65 
3232	48 74 84 
3233	3 
3234	14 16 88 
3235	59 
3236	14 22 67 
3237	74 
3238	79 
3239	17 
3240	10 
3241	63 
3242	40 
3243	16 
3244	87 
3245	60 
3246	120 
3247	49 
3248	66 
3249	43 
3250	14 
3251	25 
3252	49 
3253	17 71 99 
3254	91 97 112 
3255	32 
3256	14 52 111 
3257	91 
3258	66 
3259	106 
3260	66 
3261	110 
3262	67 
3263	113 
3264	39 
3265	107 
3266	55 
3267	99 
3268	34 
3269	1 26 83 
3270	85 
3271	37 
3272	1 
3273	18 
3274	47 
3275	60 
3276	58 
3277	51 
3278	61 
3279	120 
3280	54 
3281	62 
3282	19 
3283	57 
3284	24 26 107 
3285	114 
3286	55 
3287	97 
3288	17 
3289	33 
3290	84 
3291	106 
3292	115 
3293	36 
3294	37 
3295	27 
3296	12 
3297	62 
3298	66 
3299	67 
3300	81 
3301	64 
3302	121 
3303	29 
3304	117 
3305	115 
3306	72 
3307	91 
3308	9 37 61 
3309	48 
3310	91 
3311	21 
3312	95 
3313	69 
3314	14 101 111 
3315	97 
3316	91 
3317	46 
3318	43 58 83 
3319	87 
3320	40 
3321	8 12 29 
3322	32 58 120 
3323	1 66 108 
3324	17 
3325	78 
3326	6 25 44 
3327	3 
3328	37 
3329	34 
3330	106 
3331	18 
3332	12 
3333	110 
3334	41 
3335	48 
3336	74 
3337	109 
3338	17 
3339	22 56 107 
3340	25 
3341	107 
3342	52 
3343	26 
3344	38 
3345	75 
3346	93 
3347	13 47 94 
3348	78 
3349	85 
3350	95 
3351	14 
3352	16 
3353	22 
3354	82 
3355	104 
3356	30 109 117 
3357	72 93 95 
3358	1 
3359	15 
3360	121 
3361	26 
3362	122 
3363	43 
3364	99 
3365	114 
3366	21 
3367	52 
3368	74 
3369	68 
3370	13 24 106 
3371	23 37 43 
3372	107 115 117 
3373	75 
3374	76 
3375	8 
3376	19 
3377	98 
3378	7 
3379	95 
3380	54 
3381	94 
3382	51 57 98 
3383	56 
3384	80 
3385	3 
3386	103 
3387	43 64 122 
3388	94 
3389	67 
3390	83 
3391	112 
3392	91 
3393	82 
3394	66 
3395	107 
3396	53 
3397	1 
3398	107 
3399	14 
3400	11 
3401	19 
3402	59 
3403	5 
3404	45 
3405	1 
3406	104 
3407	42 
3408	109 
3409	22 
3410	21 
3411	30 
3412	54 
3413	56 
3414	26 
3415	48 
3416	106 
3417	65 
3418	66 
3419	17 
3420	78 
3421	89 
3422	30 
3423	81 
3424	89 
3425	45 
3426	111 
3427	105 
3428	51 
3429	117 
3430	77 
3431	103 
3432	106 
3433	58 
3434	28 
3435	57 72 91 
3436	89 
3437	100 
3438	41 
3439	80 
3440	83 
3441	8 
3442	18 
3443	61 
3444	106 
3445	5 
3446	60 
3447	72 
3448	6 
3449	26 
3450	13 
3451	21 
3452	9 45 58 
3453	107 
3454	6 
3455	36 
3456	62 
3457	112 
3458	5 
3459	54 66 78 
3460	72 78 98 
3461	120 
3462	52 
3463	114 
3464	60 
3465	7 
3466	64 
3467	81 
3468	98 
3469	110 
3470	41 
3471	19 
3472	15 
3473	81 
3474	89 
3475	16 
3476	1 18 32 
3477	88 
3478	107 
3479	32 
3480	78 
3481	14 29 89 
3482	88 
3483	1 
3484	28 
3485	121 
3486	118 
3487	48 
3488	95 
3489	66 
3490	83 
3491	22 
3492	120 
3493	99 
3494	71 83 114 
3495	67 
3496	3 
3497	22 
3498	88 
3499	67 
3500	81 
3501	87 
3502	22 
3503	26 
3504	122 
3505	85 
3506	60 
3507	4 
3508	9 
3509	85 
3510	110 
3511	10 
3512	26 
3513	117 
3514	25 
3515	121 
3516	73 
3517	112 
3518	83 
3519	1 
3520	86 
3521	93 
3522	83 
3523	98 
3524	8 10 48 
3525	2 14 48 
3526	96 
3527	119 
3528	106 
3529	106 
3530	65 
3531	67 
3532	72 
3533	25 
3534	25 
3535	59 
3536	70 
3537	103 
3538	49 
3539	65 
3540	88 
3541	96 
3542	95 
3543	57 65 103 
3544	97 
3545	47 
3546	54 
3547	89 
3548	14 
3549	39 
3550	55 95 107 
3551	34 
3552	85 
3553	5 
3554	66 
3555	8 
3556	9 
3557	117 
3558	57 
3559	16 
3560	94 
3561	71 
3562	102 
3563	86 
3564	88 
3565	65 
3566	4 
3567	105 
3568	28 
3569	67 
3570	112 
3571	72 80 105 
3572	102 
3573	30 
3574	57 
3575	18 
3576	110 
3577	29 
3578	15 45 48 
3579	45 
3580	45 
3581	122 
3582	105 
3583	7 
3584	17 
3585	60 
3586	78 
3587	66 
3588	25 
3589	95 
3590	91 
3591	34 85 99 
3592	65 66 121 
3593	96 
3594	71 
3595	6 
3596	120 
3597	37 
3598	106 
3599	21 42 121 
3600	96 
3601	28 
3602	13 
3603	1 
3604	22 78 101 
3605	5 75 92 
3606	22 
3607	81 
3608	32 
3609	112 
3610	85 
3611	32 
3612	67 
3613	2 
3614	110 
3615	21 
3616	46 
3617	19 
3618	89 
3619	1 
3620	45 
3621	48 
3622	42 
3623	117 
3624	77 
3625	104 
3626	32 39 60 
3627	95 
3628	94 
3629	78 
3630	24 
3631	88 
3632	12 
3633	17 
3634	4 74 119 
3635	27 
3636	32 
3637	10 93 100 
3638	63 65 78 
3639	42 
3640	48 
3641	89 
3642	110 
3643	16 
3644	108 
3645	107 
3646	53 
3647	68 
3648	84 
3649	6 
3650	21 
3651	13 
3652	25 
3653	24 
3654	59 
3655	1 
3656	100 
3657	18 
3658	97 
3659	98 
3660	92 
3661	93 
3662	59 
3663	71 
3664	91 
3665	16 
3666	60 
3667	83 
3668	58 
3669	59 81 122 
3670	51 
3671	89 
3672	3 
3673	42 
3674	118 
3675	74 
3676	13 
3677	65 
3678	24 
3679	107 
3680	48 
3681	14 
3682	107 
3683	31 
3684	88 
3685	16 
3686	47 
3687	106 
3688	68 
3689	26 
3690	35 
3691	45 
3692	46 
3693	58 
3694	88 
3695	65 
3696	68 
3697	34 
3698	97 
3699	39 
3700	48 
3701	110 
3702	22 
3703	17 
3704	95 
3705	69 
3706	39 
3707	5 
3708	122 
3709	32 
3710	37 
3711	67 
3712	44 53 99 
3713	1 12 55 
3714	94 
3715	106 
3716	37 
3717	31 
3718	15 
3719	106 
3720	12 
3721	107 
3722	108 
3723	34 
3724	8 
3725	94 
3726	3 32 104 
3727	94 
3728	2 
3729	115 
3730	33 
3731	1 13 17 
3732	98 
3733	67 
3734	21 
3735	119 
3736	23 
3737	81 
3738	47 
3739	5 
3740	65 
3741	119 
3742	92 
3743	66 
3744	78 
3745	89 
3746	100 
3747	92 
3748	59 
3749	34 
3750	10 
3751	65 
3752	82 
3753	8 
3754	80 
3755	104 
3756	83 
3757	1 
3758	82 
3759	63 
3760	6 22 42 
3761	1 12 104 
3762	37 
3763	28 46 84 
3764	64 
3765	2 
3766	74 
3767	8 
3768	32 
3769	92 
3770	57 
3771	111 
3772	116 
3773	88 
3774	48 
3775	9 
3776	45 
3777	15 
3778	5 
3779	112 
3780	29 
3781	74 
3782	6 
3783	71 
3784	121 
3785	27 
3786	118 
3787	95 
3788	25 
3789	114 
3790	59 
3791	57 
3792	38 
3793	8 
3794	5 55 98 
3795	21 
3796	14 
3797	42 
3798	89 
3799	34 
3800	81 
3801	73 
3802	34 
3803	45 
3804	92 
3805	74 
3806	60 
3807	2 76 117 
3808	5 
3809	39 
3810	78 
3811	4 
3812	66 
3813	14 40 92 
3814	31 
3815	72 
3816	31 
3817	74 
3818	14 
3819	62 
3820	17 
3821	66 
3822	76 
3823	67 
3824	32 
3825	64 
3826	122 
3827	17 27 74 
3828	60 
3829	29 
3830	86 
3831	4 31 67 
3832	95 
3833	69 
3834	40 
3835	85 
3836	52 
3837	58 
3838	42 
3839	58 
3840	46 49 71 
3841	114 
3842	21 
3843	1 75 113 
3844	27 
3845	14 76 107 
3846	14 
3847	9 
3848	28 
3849	100 
3850	6 
3851	97 
3852	105 
3853	37 
3854	72 
3855	40 58 75 
3856	36 
3857	7 
3858	111 
3859	120 
3860	91 
3861	13 
3862	90 
3863	92 104 122 
3864	105 
3865	51 
3866	106 
3867	45 
3868	7 10 37 
3869	33 43 72 
3870	21 
3871	107 
3872	72 
3873	78 
3874	68 
3875	22 
3876	109 
3877	111 
3878	106 
3879	122 
3880	74 
3881	120 
3882	31 57 120 
3883	49 
3884	17 
3885	30 
3886	16 
3887	117 
3888	61 
3889	24 
3890	42 
3891	111 
3892	24 
3893	58 
3894	106 
3895	26 
3896	21 
3897	120 
3898	42 
3899	26 
3900	60 
3901	13 48 84 
3902	55 
3903	115 
3904	25 
3905	18 
3906	28 
3907	86 
3908	66 
3909	79 
3910	82 
3911	21 
3912	45 58 115 
3913	3 58 120 
3914	79 
3915	91 
3916	8 
3917	67 
3918	46 
3919	70 
3920	23 
3921	92 
3922	73 
3923	62 
3924	94 
3925	111 
3926	62 
3927	32 
3928	26 
3929	100 
3930	6 58 120 
3931	2 26 120 
3932	14 
3933	108 
3934	35 
3935	117 
3936	47 
3937	106 
3938	107 
3939	9 
3940	81 88 89 
3941	19 
3942	64 
3943	64 
3944	6 
3945	89 
3946	67 
3947	75 
3948	42 
3949	25 
3950	24 
3951	120 
3952	27 
3953	95 
3954	86 
3955	46 
3956	27 
3957	66 
3958	70 
3959	36 
3960	18 
3961	50 
3962	74 
3963	21 
3964	33 86 89 
3965	81 
3966	95 
3967	50 
3968	60 78 81 
3969	117 
3970	41 
3971	30 
3972	21 
3973	27 
3974	93 
3975	12 
3976	59 
3977	6 
3978	118 
3979	14 
3980	54 
3981	8 
3982	66 
3983	74 
3984	21 
3985	81 
3986	59 
3987	86 
3988	102 
3989	16 81 113 
3990	88 
3991	114 
3992	54 
3993	119 
3994	6 
3995	26 
3996	3 
3997	35 
3998	64 
3999	48 
4000	74 
4001	93 
4002	77 
4003	25 37 85 
4004	6 79 81 
4005	38 
4006	34 
4007	72 
4008	14 
4009	54 
4010	1 23 74 
4011	93 
4012	38 
4013	10 45 116 
4014	72 
4015	82 
4016	32 
4017	8 33 36 
4018	71 
4019	21 
4020	51 
4021	35 
4022	14 
4023	86 
4024	4 
4025	60 
4026	65 
4027	111 
4028	6 
4029	120 
4030	81 
4031	26 
4032	59 
4033	74 
4034	95 
4035	48 
4036	97 
4037	9 
4038	120 
4039	37 
4040	58 
4041	25 26 112 
4042	21 
4043	105 
4044	34 
4045	104 
4046	40 
4047	117 
4048	22 
4049	65 
4050	21 
4051	78 
4052	14 64 76 
4053	54 
4054	18 
4055	95 
4056	82 
4057	90 
4058	88 
4059	43 
4060	46 
4061	43 
4062	78 
4063	100 
4064	78 80 105 
4065	40 
4066	23 
4067	57 
4068	101 
4069	46 
4070	20 
4071	72 
4072	68 
4073	42 
4074	57 
4075	1 
4076	13 
4077	28 
4078	24 
4079	38 
4080	45 
4081	41 
4082	29 39 84 
4083	58 
4084	18 
4085	22 
4086	25 
4087	44 
4088	96 
4089	13 
4090	66 
4091	46 
4092	57 
4093	98 
4094	58 
4095	119 
4096	98 
4097	100 
4098	74 
4099	9 
4100	100 
4101	87 
4102	81 
4103	89 
4104	31 
4105	107 
4106	89 
4107	25 
4108	14 
4109	25 
4110	59 
4111	14 
4112	8 
4113	60 
4114	29 74 79 
4115	6 
4116	5 
4117	94 
4118	37 
4119	21 
4120	107 
4121	106 
4122	34 
4123	46 
4124	65 
4125	51 
4126	121 
4127	103 
4128	9 66 100 
4129	93 
4130	48 
4131	23 
4132	60 
4133	16 
4134	54 
4135	112 
4136	112 
4137	67 
4138	69 
4139	72 
4140	8 
4141	88 
4142	3 
4143	96 
4144	34 
4145	54 
4146	5 
4147	95 
4148	74 
4149	45 
4150	74 
4151	48 
4152	111 
4153	71 
4154	40 
4155	39 49 58 
4156	7 
4157	21 
4158	55 
4159	95 
4160	67 
4161	16 
4162	25 
4163	22 56 76 
4164	94 
4165	54 
4166	122 
4167	105 
4168	80 
4169	30 
4170	65 
4171	117 
4172	3 
4173	71 
4174	35 
4175	10 38 66 
4176	87 
4177	105 
4178	74 96 113 
4179	8 
4180	58 
4181	8 
4182	6 
4183	105 
4184	66 74 118 
4185	48 
4186	101 
4187	78 
4188	29 
4189	70 
4190	39 
4191	117 
4192	9 18 113 
4193	105 
4194	91 
4195	84 105 106 
4196	102 
4197	67 
4198	54 
4199	95 
4200	27 53 87 
4201	83 
4202	100 
4203	19 
4204	3 13 105 
4205	1 
4206	67 
4207	72 
4208	84 
4209	50 
4210	28 
4211	65 
4212	97 
4213	17 
4214	82 
4215	107 
4216	28 
4217	106 
4218	79 
4219	18 
4220	102 
4221	23 64 106 
4222	1 
4223	122 
4224	52 78 105 
4225	103 
4226	102 
4227	98 
4228	13 46 83 
4229	100 
4230	89 
4231	58 
4232	6 
4233	8 
4234	88 
4235	111 
4236	97 
4237	97 
4238	88 
4239	6 
4240	120 
4241	55 
4242	66 
4243	94 
4244	31 
4245	105 
4246	17 
4247	46 
4248	77 78 80 
4249	5 
4250	101 
4251	77 
4252	70 
4253	65 
4254	79 88 122 
4255	120 
4256	83 
4257	55 
4258	1 
4259	100 
4260	10 
4261	85 
4262	6 
4263	1 
4264	71 
4265	13 
4266	73 
4267	2 
4268	1 
4269	77 
4270	26 
4271	90 
4272	66 83 95 
4273	13 
4274	6 
4275	60 78 100 
4276	95 
4277	107 
4278	103 
4279	96 
4280	21 91 112 
4281	16 
4282	83 
4283	3 
4284	83 84 104 
4285	20 
4286	35 
4287	3 
4288	40 76 96 
4289	13 
4290	57 
4291	94 
4292	34 
4293	105 
4294	1 
4295	34 
4296	57 
4297	59 
4298	27 
4299	112 
4300	42 
4301	62 
4302	31 
4303	89 
4304	60 
4305	19 
4306	6 
4307	50 
4308	109 
4309	85 
4310	117 
4311	25 
4312	1 
4313	3 
4314	84 
4315	90 
4316	5 58 94 
4317	58 
4318	7 36 92 
4319	21 
4320	121 
4321	40 
4322	95 
4323	26 
4324	33 
4325	26 
4326	89 
4327	81 
4328	107 
4329	28 
4330	88 
4331	28 
4332	107 
4333	65 
4334	49 
4335	122 
4336	111 
4337	107 
4338	18 
4339	72 
4340	41 
4341	94 
4342	112 
4343	8 
4344	34 
4345	46 
4346	63 
4347	5 
4348	50 
4349	110 
4350	20 
4351	106 
4352	46 
4353	6 
4354	103 
4355	41 
4356	99 
4357	45 
4358	39 
4359	106 
4360	26 70 116 
4361	78 81 106 
4362	18 
4363	60 
4364	29 33 79 
4365	6 80 89 
4366	25 
4367	13 
4368	26 
4369	19 
4370	1 14 114 
4371	45 70 96 
4372	1 
4373	72 78 111 
4374	38 66 72 
4375	38 
4376	25 
4377	98 
4378	37 
4379	35 
4380	48 
4381	88 
4382	70 
4383	32 
4384	97 
4385	16 
4386	68 
4387	16 
4388	50 
4389	90 
4390	35 
4391	48 
4392	116 
4393	32 
4394	78 
4395	93 
4396	23 
4397	26 
4398	85 
4399	78 
4400	42 
4401	16 
4402	49 
4403	48 
4404	15 
4405	122 
4406	22 
4407	72 
4408	18 42 121 
4409	1 
4410	14 
4411	8 
4412	46 78 120 
4413	74 
4414	89 
4415	67 
4416	16 
4417	40 
4418	79 
4419	22 
4420	67 
4421	17 
4422	66 
4423	37 
4424	88 
4425	99 
4426	13 
4427	14 
4428	45 72 108 
4429	113 
4430	121 
4431	31 
4432	72 
4433	57 71 97 
4434	94 
4435	71 
4436	48 
4437	105 
4438	102 
4439	72 
4440	67 94 120 
4441	7 
4442	71 
4443	91 
4444	83 
4445	87 
4446	10 14 111 
4447	57 
4448	47 
4449	71 
4450	1 
4451	6 
4452	78 
4453	46 
4454	45 
4455	40 
4456	26 
4457	6 
4458	85 
4459	86 
4460	89 
4461	51 55 117 
4462	82 
4463	85 
4464	76 
4465	39 
4466	4 
4467	6 
4468	34 
4469	86 
4470	46 
4471	107 
4472	47 
4473	3 
4474	83 
4475	75 
4476	5 
4477	94 
4478	77 85 101 
4479	71 
4480	14 
4481	50 83 89 
4482	77 
4483	72 
4484	50 
4485	88 
4486	114 
4487	106 
4488	81 
4489	72 
4490	78 
4491	122 
4492	18 
4493	96 
4494	60 
4495	65 
4496	9 
4497	91 
4498	94 
4499	23 
4500	81 
4501	105 
4502	12 
4503	14 
4504	98 
4505	59 
4506	15 
4507	1 
4508	90 
4509	53 
4510	72 
4511	92 
4512	66 
4513	108 
4514	7 33 75 
4515	76 
4516	59 90 94 
4517	100 
4518	63 
4519	103 
4520	90 
4521	60 
4522	35 
4523	76 
4524	66 
4525	33 
4526	96 
4527	114 
4528	22 
4529	87 
4530	32 
4531	62 
4532	37 
4533	87 
4534	27 
4535	54 
4536	48 
4537	53 
4538	69 
4539	85 
4540	29 
4541	87 
4542	29 
4543	26 
4544	20 46 78 
4545	67 
4546	27 
4547	99 
4548	69 
4549	25 
4550	17 
4551	1 
4552	98 109 122 
4553	11 12 21 
4554	102 
4555	68 
4556	97 
4557	92 
4558	58 
4559	111 
4560	23 
4561	65 
4562	107 
4563	97 
4564	120 
4565	31 91 120 
4566	3 
4567	39 
4568	94 
4569	14 
4570	46 
4571	82 
4572	62 
4573	97 
4574	46 
4575	78 
4576	114 
4577	31 
4578	4 
4579	90 
4580	121 
4581	20 
4582	83 
4583	117 
4584	57 
4585	120 
4586	88 
4587	60 
4588	107 
4589	107 
4590	45 
4591	41 72 111 
4592	54 
4593	57 
4594	34 
4595	1 
4596	13 23 65 
4597	96 
4598	114 
4599	95 
4600	17 
4601	107 
4602	27 
4603	3 
4604	45 
4605	6 
4606	45 
4607	18 
4608	78 
4609	14 
4610	117 
4611	117 
4612	108 
4613	74 
4614	16 95 114 
4615	25 
4616	29 
4617	4 
4618	18 
4619	42 
4620	6 
4621	100 
4622	18 
4623	34 
4624	69 
4625	48 
4626	95 
4627	45 
4628	114 
4629	100 
4630	83 
4631	22 
4632	34 68 111 
4633	117 
4634	31 
4635	117 
4636	33 
4637	79 
4638	122 
4639	8 58 120 
4640	94 
4641	88 
4642	53 
4643	72 
4644	62 
4645	112 
4646	71 
4647	89 
4648	91 
4649	72 
4650	13 
4651	72 
4652	5 
4653	64 
4654	99 
4655	15 18 94 
4656	26 61 67 
4657	31 
4658	7 
4659	97 
4660	38 
4661	71 
4662	65 
4663	1 
4664	15 
4665	16 
4666	60 
4667	81 
4668	14 
4669	97 
4670	53 
4671	35 
4672	96 
4673	95 
4674	34 
4675	76 
4676	114 
4677	74 
4678	108 
4679	72 
4680	28 
4681	120 
4682	32 
4683	76 
4684	97 
4685	45 67 89 
4686	121 
4687	78 
4688	47 
4689	105 
4690	6 25 27 
4691	58 
4692	84 
4693	83 
4694	92 
4695	49 
4696	64 
4697	32 
4698	1 
4699	89 
4700	117 
4701	40 
4702	21 
4703	122 
4704	69 
4705	94 
4706	79 
4707	58 
4708	12 
4709	81 
4710	35 
4711	31 
4712	107 
4713	74 
4714	92 
4715	42 55 98 
4716	17 
4717	28 
4718	1 83 89 
4719	28 
4720	18 
4721	58 
4722	42 
4723	122 
4724	100 
4725	46 
4726	50 
4727	67 93 117 
4728	48 60 94 
4729	120 
4730	10 
4731	31 
4732	32 89 94 
4733	59 
4734	14 
4735	72 
4736	99 
4737	12 32 65 
4738	72 
4739	89 
4740	95 
4741	83 
4742	16 31 63 
4743	28 
4744	4 
4745	114 
4746	111 
4747	92 
4748	78 
4749	85 
4750	72 
4751	107 
4752	66 
4753	27 
4754	67 
4755	49 89 100 
4756	89 
4757	92 
4758	71 
4759	106 
4760	65 
4761	48 
4762	8 
4763	81 92 109 
4764	89 
4765	48 
4766	18 
4767	34 
4768	62 
4769	6 
4770	65 
4771	54 
4772	81 
4773	72 
4774	1 
4775	37 
4776	33 
4777	4 66 107 
4778	89 
4779	9 50 121 
4780	57 
4781	14 58 100 
4782	50 76 92 
4783	10 25 32 
4784	84 
4785	23 
4786	98 
4787	3 
4788	88 
4789	59 
4790	86 
4791	14 
4792	26 
4793	107 
4794	33 57 68 
4795	1 
4796	86 
4797	4 
4798	58 
4799	78 
4800	106 
4801	24 
4802	13 
4803	122 
4804	14 23 89 
4805	35 
4806	37 
4807	17 
4808	72 
4809	65 
4810	13 
4811	53 
4812	8 79 82 
4813	21 
4814	33 53 99 
4815	72 
4816	59 
4817	25 
4818	59 
4819	120 
4820	74 
4821	92 
4822	28 
4823	91 
4824	81 
4825	107 
4826	67 
4827	29 
4828	10 22 45 
4829	72 
4830	21 
4831	105 
4832	112 
4833	32 
4834	15 
4835	46 
4836	16 110 120 
4837	26 
4838	22 
4839	62 
4840	81 
4841	27 
4842	98 
4843	81 
4844	88 
4845	43 
4846	72 
4847	81 
4848	45 
4849	13 
4850	89 
4851	72 
4852	43 
4853	85 
4854	34 
4855	85 108 117 
4856	84 
4857	120 
4858	93 
4859	94 
4860	86 
4861	95 
4862	57 
4863	107 
4864	26 
4865	98 
4866	28 
4867	14 43 88 
4868	64 
4869	21 
4870	53 
4871	29 
4872	28 
4873	53 
4874	23 39 74 
4875	25 
4876	43 
4877	92 
4878	10 
4879	65 
4880	79 120 122 
4881	1 8 107 
4882	84 
4883	74 
4884	121 
4885	62 
4886	84 
4887	8 17 46 
4888	79 
4889	54 
4890	48 
4891	62 
4892	21 
4893	106 
4894	122 
4895	23 
4896	17 29 107 
4897	67 
4898	28 
4899	100 
4900	106 
4901	54 
4902	34 
4903	89 
4904	58 
4905	117 
4906	10 
4907	25 
4908	120 
4909	120 
4910	97 
4911	78 
4912	107 
4913	5 
4914	65 102 117 
4915	105 
4916	83 
4917	12 
4918	26 79 112 
4919	4 78 95 
4920	100 
4921	32 67 85 
4922	74 
4923	3 
4924	26 
4925	21 
4926	12 
4927	86 
4928	108 
4929	17 20 46 
4930	95 
4931	95 
4932	48 
4933	55 
4934	83 
4935	34 
4936	60 
4937	68 
4938	105 
4939	15 
4940	72 
4941	4 
4942	79 
4943	55 
4944	30 56 89 
4945	12 
4946	98 
4947	26 
4948	88 
4949	26 
4950	74 
4951	97 
4952	100 
4953	25 
4954	32 33 92 
4955	91 
4956	14 
4957	12 
4958	67 
4959	6 64 88 
4960	71 
4961	26 54 100 
4962	107 
4963	67 
4964	42 
4965	35 
4966	59 
4967	50 
4968	14 29 78 
4969	93 
4970	4 89 120 
4971	105 
4972	59 
4973	95 
4974	78 
4975	81 
4976	106 
4977	14 
4978	14 
4979	68 
4980	100 106 117 
4981	117 
4982	105 
4983	16 
4984	3 
4985	60 
4986	45 
4987	39 
4988	45 
4989	88 
4990	79 
4991	11 40 78 
4992	57 
4993	10 
4994	50 
4995	45 
4996	31 
4997	107 
4998	8 
4999	85 
5000	78 
