1	60 106 156 
2	62 
3	87 118 164 
4	44 
5	31 
6	48 84 136 
7	3 
8	43 
9	100 
10	96 
11	64 
12	134 
13	141 
14	11 37 134 
15	37 58 149 
16	3 
17	16 156 157 
18	13 78 90 
19	29 
20	169 
21	107 122 162 
22	136 
23	5 34 66 
24	7 129 175 
25	73 100 172 
26	38 82 122 
27	19 133 141 
28	65 
29	158 
30	120 129 164 
31	6 30 122 
32	168 
33	108 
34	12 115 144 
35	19 99 144 
36	60 134 170 
37	139 
38	1 107 126 
39	23 
40	13 
41	8 33 118 
42	87 
43	37 
44	46 148 167 
45	139 
46	131 
47	48 108 127 
48	152 
49	43 69 149 
50	55 
51	118 
52	37 
53	30 
54	88 
55	3 60 67 
56	8 41 69 
57	108 
58	1 78 164 
59	90 146 172 
60	129 
61	52 80 130 
62	83 166 179 
63	15 147 153 
64	138 
65	124 
66	18 115 177 
67	14 
68	102 124 158 
69	158 159 170 
70	23 114 141 
71	37 
72	113 
73	153 
74	77 
75	24 100 136 
76	42 109 140 
77	90 166 175 
78	19 
79	44 
80	69 105 170 
81	82 
82	104 
83	32 49 127 
84	111 
85	46 
86	69 99 100 
87	126 
88	68 
89	164 
90	39 61 90 
91	46 110 124 
92	48 50 119 
93	5 52 68 
94	45 104 135 
95	39 113 131 
96	21 
97	130 
98	152 
99	45 
100	27 
101	50 57 79 
102	67 
103	73 
104	72 90 135 
105	47 139 157 
106	151 
107	22 92 97 
108	48 56 104 
109	5 
110	31 68 144 
111	39 76 162 
112	59 86 95 
113	63 66 134 
114	83 
115	47 
116	99 141 156 
117	124 142 146 
118	105 
119	24 49 153 
120	66 
121	67 
122	29 42 156 
123	164 
124	148 
125	44 166 168 
126	13 
127	9 
128	68 109 133 
129	83 129 141 
130	109 
131	23 32 40 
132	148 156 159 
133	38 
134	6 87 114 
135	25 
136	106 107 150 
137	20 
138	132 
139	3 8 164 
140	68 
141	134 
142	70 111 134 
143	36 
144	8 
145	174 
146	30 143 149 
147	175 
148	13 
149	124 139 153 
150	5 
151	31 113 118 
152	131 
153	56 77 111 
154	178 
155	173 
156	79 
157	12 80 92 
158	70 84 94 
159	46 
160	68 
161	66 
162	90 
163	163 
164	48 70 151 
165	169 
166	122 
167	20 
168	26 
169	146 
170	57 
171	88 96 170 
172	125 
173	159 
174	8 15 88 
175	139 166 175 
176	154 
177	37 57 90 
178	51 
179	163 
180	48 136 175 
181	52 65 149 
182	96 
183	1 
184	94 
185	55 
186	158 
187	164 
188	179 
189	70 
190	154 
191	178 
192	70 
193	26 96 135 
194	160 
195	90 93 107 
196	14 143 170 
197	171 
198	30 
199	78 
200	66 
201	64 
202	48 60 106 
203	161 
204	175 
205	26 
206	125 
207	40 
208	62 67 68 
209	39 
210	69 
211	65 69 112 
212	5 52 154 
213	119 
214	79 
215	120 131 156 
216	41 128 168 
217	123 128 168 
218	138 
219	31 114 127 
220	47 75 178 
221	42 
222	156 
223	82 
224	168 
225	142 
226	44 
227	64 
228	10 
229	131 
230	67 
231	4 5 133 
232	173 
233	124 
234	6 19 104 
235	1 10 146 
236	22 30 152 
237	70 136 149 
238	168 
239	135 
240	6 88 134 
241	73 
242	129 
243	157 
244	36 84 140 
245	107 123 135 
246	9 29 176 
247	44 
248	98 117 136 
249	3 
250	104 167 172 
251	126 
252	40 
253	107 
254	27 52 54 
255	43 106 143 
256	57 
257	101 
258	96 
259	60 
260	50 107 133 
261	4 
262	88 119 146 
263	115 
264	21 73 136 
265	80 
266	53 
267	13 104 174 
268	32 
269	16 
270	151 
271	35 
272	146 
273	8 
274	17 22 31 
275	177 
276	15 123 134 
277	124 162 178 
278	73 108 113 
279	37 43 148 
280	37 
281	15 19 134 
282	62 102 104 
283	119 
284	95 
285	30 
286	128 
287	96 
288	93 104 168 
289	3 
290	24 34 100 
291	52 105 164 
292	7 
293	55 76 160 
294	17 
295	40 123 134 
296	37 
297	132 
298	156 
299	103 
300	67 
301	122 
302	21 
303	57 
304	22 128 152 
305	40 70 82 
306	70 135 175 
307	15 
308	61 
309	72 
310	121 
311	38 53 94 
312	60 
313	92 94 100 
314	79 90 92 
315	46 69 83 
316	47 
317	19 24 176 
318	94 
319	31 65 132 
320	120 
321	135 
322	169 
323	26 
324	176 
325	3 56 84 
326	28 
327	115 
328	37 
329	77 
330	141 
331	28 
332	1 13 41 
333	13 134 156 
334	37 38 168 
335	13 37 175 
336	5 31 44 
337	5 
338	52 60 127 
339	44 
340	91 
341	48 
342	23 34 46 
343	93 134 163 
344	40 43 64 
345	166 
346	8 105 124 
347	118 
348	69 100 114 
349	141 
350	104 
351	11 
352	1 59 148 
353	19 70 145 
354	5 
355	44 137 159 
356	159 
357	24 
358	37 45 172 
359	25 80 164 
360	134 143 151 
361	172 
362	42 44 55 
363	27 99 142 
364	23 
365	34 
366	128 
367	99 
368	57 82 154 
369	43 63 123 
370	45 143 178 
371	63 175 176 
372	65 
373	7 24 46 
374	58 
375	100 131 163 
376	94 114 161 
377	54 77 137 
378	89 91 109 
379	28 
380	81 
381	18 
382	5 13 23 
383	113 125 132 
384	125 
385	168 
386	20 69 107 
387	32 
388	46 59 80 
389	141 
390	39 108 124 
391	163 
392	169 
393	28 44 82 
394	21 104 172 
395	38 
396	13 
397	60 94 131 
398	94 109 120 
399	144 
400	72 
401	25 
402	85 108 148 
403	141 
404	37 
405	68 
406	45 141 146 
407	10 
408	101 
409	57 66 170 
410	146 
411	33 99 146 
412	53 
413	8 80 123 
414	56 113 156 
415	14 
416	33 34 49 
417	139 
418	173 
419	124 
420	83 
421	176 
422	11 21 69 
423	100 
424	160 
425	80 133 140 
426	142 
427	22 116 151 
428	94 
429	22 66 140 
430	156 
431	57 
432	131 
433	15 
434	39 123 176 
435	96 
436	22 40 163 
437	22 
438	162 
439	13 
440	17 43 57 
441	36 56 79 
442	37 113 136 
443	92 
444	19 88 113 
445	17 122 131 
446	76 146 176 
447	174 
448	22 60 125 
449	47 
450	103 124 148 
451	96 107 127 
452	98 
453	36 
454	34 133 139 
455	86 133 178 
456	63 134 176 
457	170 
458	129 
459	83 131 144 
460	90 
461	135 
462	107 
463	71 
464	175 
465	122 
466	83 
467	163 
468	63 172 176 
469	54 100 175 
470	165 
471	113 
472	93 
473	70 132 171 
474	167 
475	124 
476	49 71 148 
477	13 
478	71 151 164 
479	81 
480	28 136 146 
481	115 127 139 
482	152 
483	17 100 113 
484	28 
485	9 115 128 
486	134 140 173 
487	87 
488	103 124 169 
489	3 18 27 
490	37 41 174 
491	8 31 161 
492	83 
493	90 120 121 
494	98 
495	21 111 173 
496	73 128 138 
497	82 
498	131 151 165 
499	74 100 148 
500	140 
501	19 33 54 
502	42 
503	92 129 149 
504	30 97 141 
505	25 
506	94 
507	91 
508	161 
509	46 
510	64 
511	58 91 103 
512	82 
513	156 
514	6 34 141 
515	176 
516	104 
517	104 
518	176 
519	113 143 156 
520	64 116 176 
521	56 162 176 
522	15 126 151 
523	167 
524	60 
525	151 
526	89 
527	84 107 173 
528	88 
529	166 
530	7 79 175 
531	96 
532	12 
533	131 
534	15 71 176 
535	111 
536	39 
537	138 
538	91 
539	121 
540	79 119 146 
541	55 
542	90 
543	69 
544	85 86 100 
545	131 135 171 
546	37 
547	162 
548	130 
549	171 
550	64 
551	12 169 176 
552	50 63 67 
553	8 
554	124 
555	44 45 92 
556	129 
557	158 
558	15 64 96 
559	4 
560	36 115 153 
561	5 44 144 
562	37 70 80 
563	170 
564	35 42 94 
565	90 
566	60 105 156 
567	142 
568	161 
569	88 
570	103 149 179 
571	156 
572	40 
573	55 65 80 
574	29 61 84 
575	133 
576	80 
577	46 
578	68 
579	21 104 177 
580	133 
581	156 
582	3 
583	80 86 170 
584	90 
585	5 172 173 
586	80 88 138 
587	36 100 112 
588	13 
589	66 90 137 
590	68 
591	68 130 166 
592	157 
593	68 
594	125 
595	143 
596	40 
597	69 97 133 
598	90 
599	54 69 127 
600	66 
601	139 
602	97 
603	38 53 176 
604	135 
605	13 37 126 
606	17 88 129 
607	158 
608	94 
609	150 171 178 
610	138 
611	37 124 171 
612	4 67 83 
613	83 
614	76 
615	88 
616	38 90 94 
617	44 106 132 
618	4 
619	14 125 172 
620	65 
621	8 
622	69 
623	96 
624	111 
625	83 94 176 
626	37 
627	5 
628	49 114 162 
629	40 90 171 
630	140 
631	97 
632	113 
633	50 
634	6 19 109 
635	41 80 113 
636	149 
637	149 
638	81 
639	111 
640	14 83 104 
641	36 
642	60 
643	139 163 178 
644	14 119 128 
645	83 107 124 
646	79 
647	90 
648	22 
649	5 
650	163 
651	25 
652	5 88 115 
653	164 
654	13 98 136 
655	98 
656	7 32 179 
657	3 
658	61 65 128 
659	51 
660	83 
661	140 
662	30 73 113 
663	123 
664	88 
665	85 153 166 
666	107 129 172 
667	161 
668	127 
669	14 37 161 
670	5 41 80 
671	40 52 112 
672	23 
673	67 
674	123 129 166 
675	19 69 131 
676	70 
677	134 
678	24 
679	104 
680	31 78 113 
681	138 
682	17 
683	48 80 84 
684	1 53 96 
685	125 
686	105 
687	17 
688	133 168 176 
689	71 88 95 
690	14 43 146 
691	70 108 123 
692	115 153 164 
693	91 
694	105 
695	4 48 113 
696	156 
697	146 
698	58 
699	42 68 173 
700	66 99 135 
701	103 
702	88 107 170 
703	2 
704	119 134 161 
705	134 
706	101 173 174 
707	146 
708	29 39 88 
709	89 
710	107 
711	64 
712	37 
713	83 
714	146 
715	92 
716	15 
717	22 
718	34 60 74 
719	29 
720	76 
721	131 
722	52 55 161 
723	15 
724	60 
725	74 
726	7 
727	151 
728	15 106 151 
729	44 
730	34 60 110 
731	101 104 176 
732	5 84 175 
733	1 5 127 
734	9 89 131 
735	10 
736	172 
737	25 
738	126 
739	142 
740	129 
741	16 117 122 
742	133 
743	84 
744	109 
745	153 
746	163 
747	59 
748	14 16 70 
749	23 40 94 
750	168 
751	161 
752	46 79 140 
753	28 40 151 
754	99 
755	98 
756	152 
757	45 67 174 
758	156 
759	92 
760	178 
761	5 90 98 
762	147 
763	35 92 162 
764	105 
765	150 
766	129 
767	96 
768	79 153 161 
769	124 
770	111 
771	3 53 166 
772	137 
773	66 
774	134 
775	135 168 178 
776	9 46 103 
777	37 107 113 
778	174 
779	102 
780	89 107 156 
781	39 121 165 
782	140 
783	136 
784	100 
785	114 
786	24 
787	86 
788	26 35 155 
789	42 77 159 
790	121 
791	127 
792	40 
793	21 
794	48 
795	170 
796	152 
797	152 
798	82 126 165 
799	156 
800	42 83 172 
801	70 75 141 
802	8 
803	48 
804	30 
805	102 120 134 
806	115 
807	117 
808	8 
809	127 
810	140 
811	80 
812	126 
813	5 
814	135 
815	83 104 164 
816	30 96 135 
817	95 
818	44 100 104 
819	136 
820	176 
821	5 
822	13 117 123 
823	30 
824	48 
825	24 
826	80 
827	159 
828	27 44 122 
829	113 
830	7 45 136 
831	5 106 139 
832	47 102 113 
833	113 
834	30 103 139 
835	81 
836	84 166 176 
837	87 
838	17 70 126 
839	23 36 37 
840	129 
841	69 105 161 
842	174 
843	40 41 124 
844	4 139 147 
845	149 
846	50 170 176 
847	41 100 125 
848	173 
849	148 
850	83 
851	29 136 141 
852	79 113 175 
853	90 
854	72 89 168 
855	88 
856	100 
857	94 
858	125 
859	161 
860	170 
861	169 
862	151 162 171 
863	30 
864	22 
865	23 88 139 
866	40 
867	5 88 94 
868	109 
869	106 
870	51 
871	111 
872	85 
873	58 93 105 
874	22 39 44 
875	44 
876	90 134 158 
877	22 131 139 
878	148 
879	159 
880	136 
881	157 
882	56 146 151 
883	141 
884	123 
885	136 
886	69 112 158 
887	70 
888	83 
889	114 153 162 
890	103 128 157 
891	7 
892	10 
893	168 
894	22 30 53 
895	136 
896	157 
897	40 100 131 
898	90 121 143 
899	65 
900	129 
901	5 
902	16 41 134 
903	100 122 131 
904	138 
905	78 
906	19 123 129 
907	104 109 176 
908	10 135 163 
909	146 
910	171 
911	161 
912	144 
913	46 50 139 
914	20 40 66 
915	56 64 125 
916	134 
917	14 
918	49 
919	161 
920	52 
921	86 
922	33 
923	100 
924	60 139 170 
925	70 
926	42 
927	3 
928	164 
929	14 128 162 
930	43 
931	37 80 156 
932	5 
933	164 
934	86 129 140 
935	138 
936	22 141 168 
937	5 13 27 
938	66 
939	51 58 131 
940	162 164 177 
941	146 
942	99 
943	34 50 88 
944	82 
945	15 146 162 
946	135 
947	51 
948	64 84 99 
949	148 
950	40 
951	54 88 153 
952	107 
953	169 
954	48 81 148 
955	77 
956	141 
957	3 47 52 
958	107 
959	138 
960	23 88 178 
961	37 
962	18 36 88 
963	10 
964	143 
965	173 
966	69 75 107 
967	93 
968	129 154 171 
969	106 117 171 
970	90 120 168 
971	107 
972	4 44 153 
973	44 
974	37 
975	37 
976	12 70 149 
977	83 
978	46 53 60 
979	19 152 160 
980	48 62 104 
981	31 
982	141 
983	107 
984	46 
985	4 37 88 
986	60 
987	174 
988	96 
989	124 
990	34 64 139 
991	65 
992	60 135 175 
993	69 
994	26 37 100 
995	135 
996	1 56 138 
997	60 64 144 
998	172 
999	24 
1000	143 
1001	155 
1002	16 33 40 
1003	41 66 123 
1004	23 109 128 
1005	71 127 151 
1006	124 
1007	60 85 93 
1008	103 
1009	60 105 125 
1010	163 
1011	84 
1012	161 
1013	65 129 159 
1014	62 83 149 
1015	162 
1016	113 
1017	108 164 166 
1018	21 
1019	30 45 66 
1020	162 
1021	23 
1022	162 
1023	13 
1024	83 99 113 
1025	36 
1026	29 72 142 
1027	3 95 163 
1028	168 
1029	174 
1030	65 159 177 
1031	12 33 105 
1032	4 
1033	158 
1034	30 
1035	42 
1036	163 
1037	39 72 124 
1038	54 
1039	60 
1040	58 
1041	43 
1042	63 151 164 
1043	166 
1044	113 
1045	28 
1046	8 24 126 
1047	22 
1048	71 93 149 
1049	13 64 164 
1050	8 21 107 
1051	16 
1052	49 57 139 
1053	170 
1054	173 
1055	96 
1056	39 
1057	54 
1058	37 127 149 
1059	5 26 113 
1060	135 
1061	121 
1062	33 
1063	83 
1064	34 
1065	139 148 168 
1066	13 108 111 
1067	112 
1068	7 84 129 
1069	39 70 97 
1070	108 
1071	141 
1072	171 
1073	30 
1074	123 
1075	80 138 163 
1076	43 
1077	179 
1078	156 
1079	1 39 88 
1080	30 100 119 
1081	25 96 176 
1082	50 
1083	74 88 155 
1084	66 104 120 
1085	156 
1086	168 
1087	88 
1088	19 
1089	130 
1090	101 
1091	7 12 93 
1092	64 
1093	128 
1094	106 
1095	19 
1096	119 
1097	67 
1098	23 68 164 
1099	173 
1100	13 92 178 
1101	47 131 138 
1102	66 
1103	74 
1104	90 131 161 
1105	146 
1106	21 
1107	136 
1108	21 73 175 
1109	47 124 176 
1110	151 
1111	86 124 154 
1112	44 46 55 
1113	75 
1114	71 163 173 
1115	126 
1116	42 
1117	164 
1118	13 36 57 
1119	151 168 176 
1120	34 
1121	83 149 154 
1122	141 170 176 
1123	15 
1124	32 80 137 
1125	130 
1126	15 16 47 
1127	21 
1128	19 127 134 
1129	148 
1130	43 107 174 
1131	85 148 153 
1132	8 55 83 
1133	15 
1134	90 
1135	173 
1136	28 48 134 
1137	103 121 168 
1138	68 
1139	63 
1140	113 120 160 
1141	4 99 124 
1142	15 
1143	107 
1144	102 
1145	175 
1146	51 
1147	129 
1148	39 
1149	9 121 162 
1150	2 48 124 
1151	145 
1152	13 105 136 
1153	163 
1154	40 46 166 
1155	109 
1156	30 61 90 
1157	94 
1158	129 
1159	58 
1160	31 
1161	68 
1162	108 135 176 
1163	98 113 150 
1164	114 
1165	135 138 154 
1166	93 
1167	71 
1168	55 69 157 
1169	46 
1170	21 
1171	127 
1172	23 44 155 
1173	27 
1174	9 
1175	119 
1176	140 
1177	84 
1178	18 72 80 
1179	167 
1180	93 152 176 
1181	6 139 166 
1182	140 
1183	120 
1184	133 
1185	25 
1186	50 
1187	123 135 158 
1188	150 
1189	50 117 151 
1190	51 107 162 
1191	37 
1192	49 126 159 
1193	127 
1194	7 
1195	44 
1196	172 
1197	30 104 166 
1198	22 
1199	120 
1200	94 134 138 
1201	57 
1202	110 
1203	39 87 172 
1204	105 
1205	8 47 63 
1206	107 
1207	117 
1208	90 
1209	37 
1210	54 
1211	41 
1212	49 
1213	130 135 164 
1214	21 
1215	58 120 175 
1216	87 128 165 
1217	90 
1218	1 162 177 
1219	141 
1220	48 51 123 
1221	70 117 160 
1222	47 
1223	159 
1224	35 92 114 
1225	29 73 112 
1226	160 
1227	37 56 112 
1228	119 139 161 
1229	124 131 177 
1230	11 18 99 
1231	139 
1232	37 46 119 
1233	154 
1234	82 90 126 
1235	87 
1236	64 152 169 
1237	29 
1238	73 118 135 
1239	33 124 153 
1240	105 
1241	2 103 162 
1242	5 69 148 
1243	60 80 176 
1244	67 155 173 
1245	23 
1246	161 
1247	113 
1248	145 
1249	128 
1250	144 156 162 
1251	96 
1252	50 61 170 
1253	8 54 172 
1254	173 
1255	5 
1256	25 69 176 
1257	40 66 152 
1258	8 
1259	31 109 157 
1260	50 108 162 
1261	55 140 174 
1262	20 
1263	157 
1264	15 69 84 
1265	114 
1266	168 
1267	59 104 162 
1268	87 
1269	55 
1270	8 146 155 
1271	35 87 126 
1272	19 
1273	34 
1274	172 
1275	13 99 168 
1276	112 
1277	30 
1278	23 
1279	104 143 154 
1280	85 
1281	92 
1282	60 78 135 
1283	43 87 88 
1284	11 19 128 
1285	82 
1286	88 128 174 
1287	35 124 126 
1288	129 
1289	108 
1290	107 
1291	37 89 172 
1292	21 100 152 
1293	133 
1294	146 
1295	19 
1296	19 48 67 
1297	13 
1298	21 
1299	97 
1300	33 
1301	39 171 179 
1302	113 
1303	29 
1304	35 
1305	6 8 94 
1306	174 
1307	113 
1308	86 
1309	119 
1310	40 71 95 
1311	13 65 92 
1312	26 
1313	41 48 129 
1314	71 126 170 
1315	113 
1316	124 
1317	61 
1318	168 
1319	140 
1320	164 
1321	68 90 133 
1322	86 
1323	139 164 174 
1324	86 
1325	5 
1326	46 142 178 
1327	27 88 156 
1328	18 141 166 
1329	13 69 175 
1330	104 
1331	15 117 173 
1332	66 
1333	73 
1334	80 
1335	42 99 145 
1336	13 
1337	108 
1338	162 
1339	32 
1340	44 
1341	43 134 173 
1342	2 5 171 
1343	5 42 152 
1344	60 
1345	18 21 46 
1346	131 
1347	75 76 80 
1348	3 
1349	145 
1350	138 
1351	125 
1352	88 
1353	33 64 135 
1354	137 
1355	87 
1356	160 
1357	162 
1358	99 
1359	8 18 99 
1360	170 
1361	55 
1362	75 
1363	149 
1364	76 
1365	127 
1366	178 
1367	52 113 135 
1368	106 
1369	178 
1370	70 
1371	13 31 136 
1372	104 
1373	66 136 161 
1374	51 88 163 
1375	168 
1376	177 
1377	94 
1378	117 
1379	134 
1380	69 110 148 
1381	22 
1382	48 
1383	161 
1384	151 
1385	59 72 140 
1386	33 
1387	67 
1388	156 
1389	31 
1390	69 101 135 
1391	23 39 82 
1392	20 
1393	67 77 175 
1394	41 114 118 
1395	46 66 113 
1396	33 163 168 
1397	83 124 129 
1398	151 
1399	144 
1400	105 
1401	4 66 134 
1402	13 
1403	103 
1404	4 45 128 
1405	67 
1406	107 144 167 
1407	5 61 124 
1408	31 
1409	34 
1410	148 
1411	111 
1412	34 124 148 
1413	6 
1414	61 76 176 
1415	1 5 174 
1416	34 60 67 
1417	124 
1418	21 144 151 
1419	134 
1420	115 
1421	8 
1422	109 
1423	131 
1424	40 
1425	19 
1426	141 149 163 
1427	23 
1428	121 
1429	111 175 178 
1430	18 106 173 
1431	34 
1432	175 
1433	96 
1434	60 124 129 
1435	83 
1436	42 
1437	158 
1438	73 
1439	48 52 143 
1440	19 
1441	20 90 149 
1442	6 
1443	85 
1444	133 
1445	38 
1446	164 
1447	5 128 161 
1448	126 
1449	172 
1450	93 113 125 
1451	119 
1452	16 108 168 
1453	158 
1454	37 78 126 
1455	155 
1456	111 
1457	176 
1458	54 153 156 
1459	59 67 139 
1460	13 
1461	52 128 152 
1462	77 
1463	22 141 170 
1464	48 96 98 
1465	167 
1466	138 
1467	40 
1468	43 94 134 
1469	74 
1470	1 100 134 
1471	159 
1472	112 
1473	118 
1474	124 
1475	134 
1476	82 
1477	37 
1478	18 
1479	72 
1480	44 128 166 
1481	100 108 135 
1482	81 83 169 
1483	54 65 122 
1484	172 
1485	40 88 109 
1486	159 
1487	13 
1488	93 
1489	136 
1490	75 
1491	35 39 106 
1492	75 
1493	45 52 139 
1494	12 64 98 
1495	86 88 129 
1496	107 
1497	14 59 176 
1498	16 
1499	90 98 176 
1500	7 155 173 
1501	166 
1502	39 
1503	146 151 155 
1504	170 
1505	90 
1506	22 124 172 
1507	7 59 128 
1508	45 83 179 
1509	119 
1510	151 
1511	113 
1512	27 159 172 
1513	69 
1514	23 
1515	51 
1516	8 171 176 
1517	2 16 155 
1518	153 
1519	155 
1520	42 50 52 
1521	12 75 120 
1522	26 
1523	11 
1524	97 125 165 
1525	119 
1526	82 83 136 
1527	4 37 161 
1528	72 
1529	54 
1530	83 
1531	40 99 111 
1532	56 
1533	7 48 175 
1534	14 
1535	46 120 167 
1536	64 
1537	140 
1538	50 
1539	86 
1540	24 
1541	64 
1542	48 
1543	23 24 41 
1544	64 123 131 
1545	149 
1546	69 
1547	98 
1548	39 52 66 
1549	60 109 123 
1550	130 
1551	69 
1552	5 47 92 
1553	6 
1554	42 49 161 
1555	55 
1556	60 146 152 
1557	24 104 149 
1558	50 
1559	46 
1560	2 120 146 
1561	30 37 101 
1562	60 
1563	146 
1564	22 45 81 
1565	21 
1566	25 120 154 
1567	127 
1568	22 100 140 
1569	35 
1570	67 106 126 
1571	27 152 170 
1572	32 85 139 
1573	22 
1574	33 
1575	7 
1576	74 
1577	151 
1578	83 
1579	133 
1580	117 123 179 
1581	100 136 138 
1582	29 38 79 
1583	38 135 164 
1584	86 
1585	43 94 117 
1586	19 
1587	42 120 133 
1588	104 
1589	22 
1590	60 
1591	58 75 172 
1592	140 
1593	51 
1594	100 139 142 
1595	76 107 108 
1596	95 
1597	45 
1598	32 128 152 
1599	153 
1600	139 
1601	15 131 139 
1602	21 67 70 
1603	118 
1604	30 
1605	8 36 65 
1606	31 136 172 
1607	73 
1608	90 
1609	139 
1610	1 69 173 
1611	136 
1612	48 
1613	53 
1614	104 
1615	144 
1616	80 
1617	8 91 102 
1618	55 59 93 
1619	26 54 134 
1620	166 
1621	94 111 163 
1622	156 
1623	83 
1624	48 
1625	75 
1626	161 
1627	6 19 84 
1628	170 
1629	146 
1630	63 
1631	96 
1632	106 
1633	137 
1634	166 
1635	175 
1636	103 
1637	23 60 104 
1638	31 
1639	47 140 171 
1640	66 93 96 
1641	163 
1642	138 
1643	166 
1644	174 
1645	39 141 148 
1646	88 100 161 
1647	85 
1648	69 114 152 
1649	68 
1650	34 
1651	175 
1652	7 126 133 
1653	37 
1654	174 
1655	38 64 106 
1656	48 
1657	134 
1658	21 136 149 
1659	64 
1660	151 
1661	3 69 90 
1662	40 84 168 
1663	94 
1664	19 147 177 
1665	162 
1666	26 58 108 
1667	115 140 176 
1668	16 22 51 
1669	84 
1670	113 134 142 
1671	59 109 151 
1672	94 128 173 
1673	75 
1674	3 
1675	135 
1676	117 
1677	68 108 150 
1678	88 
1679	161 
1680	14 79 164 
1681	91 
1682	152 
1683	33 95 152 
1684	66 
1685	148 162 175 
1686	37 
1687	133 
1688	25 
1689	108 116 139 
1690	45 
1691	8 
1692	166 
1693	175 
1694	62 
1695	70 120 159 
1696	168 
1697	20 150 152 
1698	4 28 43 
1699	1 5 166 
1700	8 104 173 
1701	41 45 77 
1702	4 123 168 
1703	47 64 89 
1704	42 
1705	74 
1706	145 
1707	133 
1708	170 
1709	141 
1710	71 168 173 
1711	59 
1712	87 
1713	40 69 162 
1714	59 66 129 
1715	17 
1716	164 
1717	52 140 150 
1718	163 
1719	5 21 31 
1720	125 
1721	31 41 176 
1722	117 
1723	8 79 96 
1724	71 
1725	20 
1726	148 
1727	20 96 133 
1728	37 75 81 
1729	73 131 151 
1730	151 155 166 
1731	22 123 176 
1732	23 
1733	16 40 96 
1734	171 
1735	25 46 80 
1736	156 
1737	57 96 162 
1738	114 156 164 
1739	158 
1740	138 
1741	74 131 166 
1742	35 52 126 
1743	3 
1744	64 
1745	18 90 161 
1746	83 
1747	22 
1748	90 
1749	3 
1750	57 
1751	13 72 173 
1752	96 
1753	68 69 104 
1754	50 67 173 
1755	49 
1756	29 65 120 
1757	100 
1758	88 120 147 
1759	131 
1760	140 
1761	90 
1762	104 
1763	30 
1764	114 
1765	69 75 111 
1766	91 92 162 
1767	179 
1768	42 113 116 
1769	37 41 133 
1770	19 128 131 
1771	75 103 129 
1772	13 109 124 
1773	41 57 141 
1774	48 89 119 
1775	1 106 171 
1776	119 
1777	37 55 115 
1778	5 93 172 
1779	179 
1780	63 90 139 
1781	64 
1782	118 
1783	102 
1784	162 
1785	136 
1786	149 
1787	146 
1788	41 
1789	99 
1790	47 71 113 
1791	29 
1792	158 
1793	7 37 153 
1794	41 80 111 
1795	53 109 145 
1796	94 
1797	2 64 157 
1798	134 
1799	123 
1800	3 
1801	25 33 48 
1802	39 113 123 
1803	19 37 85 
1804	21 119 158 
1805	134 
1806	54 
1807	39 81 161 
1808	168 
1809	39 68 109 
1810	118 
1811	108 115 128 
1812	22 
1813	146 
1814	165 
1815	25 32 107 
1816	10 90 167 
1817	176 
1818	107 
1819	106 133 163 
1820	26 30 146 
1821	25 79 139 
1822	59 119 135 
1823	5 
1824	31 
1825	164 
1826	48 138 156 
1827	179 
1828	80 
1829	40 79 113 
1830	113 
1831	59 
1832	164 
1833	131 
1834	115 134 136 
1835	129 
1836	37 48 120 
1837	91 
1838	179 
1839	49 
1840	66 
1841	103 
1842	149 
1843	115 140 169 
1844	7 25 91 
1845	107 
1846	37 
1847	94 
1848	54 
1849	24 49 172 
1850	106 123 149 
1851	128 
1852	166 
1853	55 66 92 
1854	164 
1855	126 130 137 
1856	13 19 40 
1857	3 
1858	76 
1859	10 
1860	112 
1861	92 
1862	124 
1863	44 72 116 
1864	7 19 64 
1865	131 
1866	37 153 176 
1867	28 
1868	72 
1869	128 
1870	9 84 123 
1871	53 134 153 
1872	39 
1873	23 
1874	27 
1875	163 
1876	8 157 162 
1877	83 88 120 
1878	1 
1879	179 
1880	176 
1881	71 88 107 
1882	65 
1883	22 24 123 
1884	76 95 139 
1885	70 
1886	8 97 116 
1887	150 
1888	4 6 51 
1889	140 
1890	5 
1891	97 
1892	84 
1893	40 78 162 
1894	149 
1895	97 
1896	148 
1897	36 
1898	129 
1899	19 173 175 
1900	26 66 163 
1901	126 
1902	43 
1903	53 
1904	176 
1905	74 
1906	15 
1907	140 
1908	6 31 168 
1909	44 90 124 
1910	158 
1911	113 
1912	165 
1913	36 71 101 
1914	169 
1915	41 138 154 
1916	126 138 153 
1917	164 
1918	13 64 150 
1919	104 161 168 
1920	147 
1921	33 
1922	162 
1923	51 107 146 
1924	139 
1925	156 
1926	160 
1927	26 146 154 
1928	57 107 113 
1929	83 
1930	55 
1931	103 
1932	74 
1933	117 
1934	139 
1935	104 
1936	41 106 140 
1937	93 
1938	133 
1939	40 57 178 
1940	69 
1941	20 
1942	66 70 142 
1943	31 91 135 
1944	69 
1945	45 107 141 
1946	60 64 107 
1947	156 
1948	128 
1949	138 
1950	45 
1951	48 158 162 
1952	48 49 129 
1953	170 
1954	107 
1955	83 
1956	164 
1957	28 
1958	145 
1959	8 
1960	21 
1961	22 
1962	53 140 172 
1963	88 
1964	39 135 157 
1965	164 
1966	47 126 166 
1967	124 
1968	46 64 141 
1969	131 
1970	45 
1971	135 
1972	29 34 39 
1973	29 59 101 
1974	60 93 179 
1975	26 100 162 
1976	135 
1977	5 39 154 
1978	128 157 161 
1979	89 
1980	19 
1981	82 88 141 
1982	93 140 153 
1983	107 111 174 
1984	174 
1985	128 161 169 
1986	93 109 149 
1987	178 
1988	92 
1989	21 40 161 
1990	40 147 156 
1991	156 
1992	69 
1993	130 
1994	140 
1995	44 
1996	179 
1997	30 140 164 
1998	123 
1999	106 131 148 
2000	27 105 172 
2001	86 
2002	155 
2003	39 68 89 
2004	165 
2005	17 29 137 
2006	4 
2007	38 82 124 
2008	3 104 146 
2009	22 171 174 
2010	128 
2011	32 
2012	10 20 48 
2013	18 68 108 
2014	18 
2015	175 
2016	75 
2017	49 
2018	6 58 107 
2019	54 
2020	42 
2021	26 122 141 
2022	84 
2023	54 
2024	31 
2025	39 126 168 
2026	56 
2027	171 
2028	152 
2029	125 
2030	107 
2031	123 
2032	3 
2033	149 
2034	37 154 174 
2035	111 
2036	19 50 88 
2037	21 50 168 
2038	38 
2039	154 
2040	57 70 179 
2041	87 
2042	147 
2043	104 135 169 
2044	85 93 103 
2045	7 66 149 
2046	111 
2047	44 80 161 
2048	88 107 110 
2049	84 
2050	30 100 175 
2051	64 92 131 
2052	103 
2053	138 
2054	112 134 161 
2055	14 123 179 
2056	100 
2057	100 141 159 
2058	69 
2059	13 44 141 
2060	133 
2061	22 44 55 
2062	47 148 152 
2063	171 
2064	20 
2065	178 
2066	119 
2067	168 
2068	19 22 171 
2069	104 
2070	155 
2071	92 
2072	5 44 173 
2073	41 57 93 
2074	8 39 84 
2075	147 
2076	102 
2077	129 
2078	175 
2079	100 106 176 
2080	71 
2081	3 19 70 
2082	48 72 168 
2083	178 
2084	14 115 173 
2085	163 
2086	67 
2087	93 
2088	5 124 149 
2089	54 
2090	164 
2091	152 
2092	7 16 50 
2093	33 
2094	67 69 174 
2095	74 
2096	94 
2097	94 
2098	39 
2099	79 88 128 
2100	13 90 94 
2101	19 65 155 
2102	139 
2103	3 66 113 
2104	94 
2105	5 120 133 
2106	113 
2107	48 
2108	162 
2109	55 
2110	132 
2111	52 
2112	152 
2113	95 151 165 
2114	32 
2115	103 
2116	48 
2117	30 
2118	60 120 155 
2119	74 
2120	14 
2121	140 
2122	173 
2123	30 
2124	39 
2125	41 94 136 
2126	70 84 90 
2127	4 
2128	91 
2129	100 
2130	76 125 128 
2131	55 146 148 
2132	8 66 137 
2133	48 
2134	176 
2135	84 94 138 
2136	4 13 90 
2137	99 114 126 
2138	123 
2139	39 
2140	118 
2141	14 
2142	22 27 47 
2143	77 
2144	111 131 160 
2145	26 83 167 
2146	142 
2147	70 
2148	5 12 60 
2149	55 
2150	40 108 146 
2151	100 102 107 
2152	36 
2153	39 47 66 
2154	44 
2155	88 
2156	19 42 78 
2157	76 
2158	44 
2159	47 
2160	87 
2161	64 107 145 
2162	37 64 151 
2163	24 27 153 
2164	16 61 168 
2165	21 42 48 
2166	164 
2167	153 
2168	104 
2169	49 100 170 
2170	5 
2171	100 138 161 
2172	37 
2173	145 
2174	96 101 139 
2175	38 
2176	88 
2177	37 
2178	83 
2179	4 113 128 
2180	158 
2181	79 134 136 
2182	44 
2183	139 
2184	163 
2185	139 
2186	12 147 162 
2187	48 66 100 
2188	113 
2189	160 
2190	54 60 80 
2191	60 
2192	3 6 68 
2193	112 
2194	40 62 104 
2195	36 154 176 
2196	70 
2197	37 39 108 
2198	36 96 104 
2199	95 
2200	137 
2201	20 24 106 
2202	148 
2203	139 164 175 
2204	177 
2205	59 
2206	11 
2207	149 
2208	47 103 117 
2209	40 125 129 
2210	164 
2211	8 13 94 
2212	164 
2213	61 
2214	15 37 169 
2215	46 49 114 
2216	8 44 148 
2217	34 80 84 
2218	94 
2219	125 131 138 
2220	135 138 162 
2221	5 
2222	146 
2223	75 133 134 
2224	122 
2225	21 34 52 
2226	43 49 69 
2227	30 
2228	131 133 147 
2229	6 123 151 
2230	95 
2231	33 
2232	77 
2233	21 96 116 
2234	19 
2235	8 
2236	57 88 101 
2237	56 57 84 
2238	35 
2239	8 159 178 
2240	62 
2241	120 
2242	10 104 163 
2243	129 
2244	138 
2245	104 124 156 
2246	42 83 111 
2247	69 
2248	128 
2249	125 
2250	41 81 107 
2251	175 
2252	88 
2253	44 94 142 
2254	19 23 174 
2255	1 107 113 
2256	30 
2257	89 
2258	40 
2259	14 
2260	153 
2261	113 122 126 
2262	4 102 148 
2263	173 
2264	53 135 175 
2265	126 
2266	74 
2267	3 133 143 
2268	100 116 118 
2269	174 
2270	135 
2271	15 140 176 
2272	27 
2273	23 
2274	73 
2275	135 
2276	43 129 146 
2277	137 
2278	128 
2279	47 
2280	54 113 133 
2281	107 
2282	97 155 172 
2283	5 30 170 
2284	25 63 136 
2285	82 99 100 
2286	149 
2287	133 
2288	105 121 164 
2289	81 
2290	80 124 135 
2291	59 
2292	65 
2293	19 122 168 
2294	75 
2295	171 
2296	1 
2297	69 84 173 
2298	84 
2299	152 
2300	15 109 133 
2301	42 
2302	22 128 156 
2303	42 126 139 
2304	27 64 152 
2305	42 151 179 
2306	163 
2307	13 
2308	79 
2309	138 144 175 
2310	121 139 172 
2311	40 83 151 
2312	39 
2313	148 
2314	81 
2315	113 
2316	43 115 129 
2317	13 40 46 
2318	65 
2319	66 
2320	66 132 163 
2321	141 
2322	177 
2323	93 162 178 
2324	21 53 133 
2325	168 
2326	54 
2327	40 100 150 
2328	91 
2329	100 
2330	26 
2331	19 45 69 
2332	13 114 117 
2333	5 99 169 
2334	5 135 164 
2335	133 
2336	22 124 141 
2337	90 
2338	125 
2339	75 
2340	2 20 106 
2341	90 134 140 
2342	149 
2343	48 50 100 
2344	22 
2345	48 60 171 
2346	135 
2347	42 100 168 
2348	12 45 141 
2349	37 
2350	64 97 126 
2351	118 
2352	65 
2353	15 29 164 
2354	54 
2355	17 31 107 
2356	44 
2357	64 100 109 
2358	134 
2359	47 116 129 
2360	136 
2361	30 
2362	5 20 108 
2363	28 
2364	19 
2365	88 
2366	66 95 153 
2367	79 97 175 
2368	48 
2369	3 73 105 
2370	104 
2371	167 
2372	16 17 90 
2373	88 104 140 
2374	93 107 169 
2375	10 
2376	71 
2377	7 33 162 
2378	42 84 127 
2379	50 90 173 
2380	152 166 170 
2381	164 
2382	39 
2383	164 
2384	113 153 162 
2385	137 
2386	76 
2387	8 39 141 
2388	43 
2389	39 40 82 
2390	2 13 111 
2391	44 
2392	132 
2393	45 
2394	88 
2395	126 139 179 
2396	171 
2397	91 
2398	22 
2399	26 
2400	22 88 138 
2401	177 
2402	92 106 134 
2403	5 139 141 
2404	105 
2405	39 48 142 
2406	83 
2407	164 
2408	167 
2409	34 80 112 
2410	26 119 148 
2411	98 
2412	35 
2413	7 
2414	10 
2415	11 
2416	47 64 166 
2417	142 
2418	11 
2419	165 
2420	70 148 179 
2421	138 
2422	83 
2423	179 
2424	115 
2425	17 149 164 
2426	114 
2427	82 
2428	117 
2429	69 71 139 
2430	139 
2431	22 105 131 
2432	8 
2433	64 
2434	159 
2435	27 
2436	15 48 100 
2437	28 63 170 
2438	6 42 101 
2439	58 96 168 
2440	82 
2441	140 
2442	8 54 108 
2443	5 
2444	39 
2445	141 
2446	22 70 172 
2447	12 
2448	132 
2449	23 83 92 
2450	45 
2451	148 
2452	30 
2453	104 
2454	104 
2455	163 
2456	19 42 103 
2457	140 
2458	45 
2459	4 9 162 
2460	64 129 152 
2461	11 121 161 
2462	6 
2463	39 
2464	134 
2465	53 
2466	48 135 151 
2467	29 
2468	17 49 129 
2469	13 44 89 
2470	36 100 172 
2471	76 89 103 
2472	60 118 133 
2473	129 153 174 
2474	54 134 152 
2475	151 
2476	101 152 173 
2477	80 
2478	161 
2479	27 
2480	24 37 64 
2481	87 
2482	44 98 166 
2483	157 
2484	56 109 113 
2485	64 163 172 
2486	34 76 151 
2487	46 106 135 
2488	3 
2489	132 
2490	51 
2491	39 
2492	44 69 92 
2493	102 
2494	47 
2495	12 60 161 
2496	2 
2497	47 
2498	110 
2499	37 162 175 
2500	10 83 115 
2501	100 
2502	34 
2503	165 
2504	138 
2505	162 
2506	71 
2507	162 
2508	60 163 164 
2509	56 76 161 
2510	67 
2511	43 162 167 
2512	59 
2513	2 27 80 
2514	7 104 125 
2515	170 
2516	93 
2517	74 
2518	152 
2519	48 
2520	114 
2521	111 
2522	11 
2523	88 
2524	5 39 128 
2525	175 
2526	116 
2527	79 93 118 
2528	139 
2529	62 128 134 
2530	113 
2531	23 
2532	129 
2533	46 139 162 
2534	106 
2535	46 50 61 
2536	9 34 71 
2537	28 152 155 
2538	117 125 164 
2539	114 139 142 
2540	156 
2541	30 110 132 
2542	135 
2543	73 91 163 
2544	100 
2545	64 86 90 
2546	26 
2547	30 
2548	107 
2549	21 24 54 
2550	70 116 152 
2551	84 104 173 
2552	19 73 133 
2553	107 134 163 
2554	40 
2555	23 
2556	128 
2557	48 69 83 
2558	46 
2559	128 
2560	156 
2561	23 
2562	123 
2563	9 
2564	37 
2565	22 
2566	49 
2567	37 
2568	12 93 123 
2569	21 
2570	48 129 156 
2571	108 
2572	57 93 171 
2573	22 92 120 
2574	80 
2575	31 80 176 
2576	161 
2577	100 120 149 
2578	106 
2579	115 
2580	125 155 161 
2581	11 46 174 
2582	161 
2583	139 
2584	136 
2585	37 62 96 
2586	60 
2587	106 
2588	91 
2589	90 99 108 
2590	102 
2591	50 151 169 
2592	3 103 176 
2593	43 115 133 
2594	60 
2595	100 
2596	137 
2597	13 90 107 
2598	40 
2599	8 45 164 
2600	139 
2601	120 
2602	123 
2603	140 
2604	123 
2605	19 169 179 
2606	46 
2607	87 
2608	67 
2609	25 34 159 
2610	29 
2611	2 
2612	168 
2613	22 36 176 
2614	13 24 125 
2615	88 
2616	21 
2617	34 
2618	109 
2619	7 89 170 
2620	46 129 168 
2621	67 96 128 
2622	129 
2623	133 
2624	59 
2625	99 
2626	172 
2627	48 100 104 
2628	8 
2629	111 
2630	46 
2631	24 39 66 
2632	44 93 111 
2633	73 79 162 
2634	156 
2635	22 48 163 
2636	46 50 129 
2637	35 
2638	64 69 162 
2639	92 102 119 
2640	5 
2641	67 
2642	80 
2643	167 
2644	56 155 174 
2645	24 67 124 
2646	127 
2647	62 
2648	30 
2649	34 
2650	5 
2651	85 128 176 
2652	94 155 175 
2653	12 96 118 
2654	156 
2655	31 48 128 
2656	58 
2657	54 
2658	106 140 176 
2659	74 
2660	88 105 171 
2661	43 71 173 
2662	146 
2663	5 40 48 
2664	102 
2665	55 
2666	38 68 140 
2667	64 
2668	90 119 164 
2669	80 100 134 
2670	120 
2671	50 62 118 
2672	8 104 125 
2673	74 
2674	118 
2675	68 
2676	109 
2677	7 
2678	104 139 153 
2679	65 
2680	58 
2681	106 
2682	18 47 119 
2683	88 97 139 
2684	63 
2685	4 
2686	136 
2687	28 
2688	76 
2689	104 
2690	44 69 163 
2691	18 
2692	140 
2693	3 80 129 
2694	153 
2695	67 
2696	138 
2697	129 
2698	155 
2699	8 108 133 
2700	68 144 172 
2701	5 33 166 
2702	47 87 152 
2703	104 
2704	33 
2705	43 141 146 
2706	49 106 109 
2707	44 
2708	37 
2709	55 113 135 
2710	27 
2711	139 
2712	140 
2713	17 39 139 
2714	7 
2715	23 39 81 
2716	139 
2717	12 
2718	22 47 133 
2719	108 
2720	24 
2721	107 
2722	107 127 142 
2723	111 
2724	118 
2725	57 136 174 
2726	4 
2727	174 
2728	106 119 151 
2729	134 151 176 
2730	129 
2731	67 80 162 
2732	142 
2733	109 133 151 
2734	45 48 169 
2735	117 
2736	16 137 141 
2737	47 54 170 
2738	124 
2739	123 128 175 
2740	21 83 174 
2741	97 144 175 
2742	79 92 144 
2743	19 94 138 
2744	56 
2745	57 106 156 
2746	128 
2747	39 45 83 
2748	170 
2749	153 
2750	171 
2751	52 168 174 
2752	111 
2753	31 
2754	19 52 147 
2755	130 
2756	39 
2757	61 
2758	4 93 176 
2759	93 
2760	9 38 108 
2761	40 49 135 
2762	75 99 146 
2763	79 134 166 
2764	31 
2765	153 
2766	146 
2767	27 66 131 
2768	70 
2769	118 133 154 
2770	134 
2771	24 124 138 
2772	32 
2773	141 
2774	94 109 163 
2775	114 
2776	148 
2777	47 126 166 
2778	29 141 175 
2779	46 94 125 
2780	4 
2781	116 
2782	174 
2783	178 
2784	37 
2785	168 
2786	58 
2787	3 
2788	131 
2789	165 
2790	118 
2791	94 
2792	112 
2793	26 42 92 
2794	44 166 177 
2795	8 
2796	96 
2797	64 120 129 
2798	5 68 92 
2799	139 
2800	29 
2801	160 
2802	36 69 143 
2803	17 19 151 
2804	63 
2805	107 133 141 
2806	117 
2807	157 
2808	143 159 172 
2809	54 
2810	90 
2811	5 
2812	59 68 173 
2813	105 
2814	7 
2815	154 
2816	40 86 148 
2817	8 68 148 
2818	32 40 140 
2819	131 
2820	64 139 164 
2821	87 
2822	106 
2823	86 
2824	75 
2825	13 43 107 
2826	168 
2827	99 
2828	19 63 98 
2829	86 
2830	149 155 176 
2831	8 31 178 
2832	99 
2833	68 77 107 
2834	80 117 142 
2835	36 
2836	39 
2837	8 11 164 
2838	88 
2839	63 124 129 
2840	133 
2841	28 47 69 
2842	59 108 124 
2843	58 119 125 
2844	66 
2845	146 
2846	37 102 115 
2847	67 
2848	94 107 161 
2849	116 
2850	164 
2851	95 
2852	64 
2853	174 
2854	100 
2855	13 
2856	93 127 152 
2857	30 
2858	138 
2859	40 151 175 
2860	108 113 133 
2861	155 
2862	115 
2863	103 124 144 
2864	33 119 126 
2865	170 
2866	48 66 106 
2867	14 
2868	11 43 133 
2869	176 
2870	74 
2871	129 151 176 
2872	21 54 122 
2873	13 
2874	82 138 146 
2875	17 37 44 
2876	50 
2877	162 
2878	126 
2879	28 35 156 
2880	34 131 149 
2881	131 
2882	161 
2883	57 
2884	143 151 161 
2885	95 
2886	84 100 157 
2887	109 
2888	96 
2889	26 54 105 
2890	19 
2891	164 
2892	153 
2893	100 
2894	96 
2895	146 
2896	65 
2897	91 164 169 
2898	94 
2899	4 
2900	69 103 131 
2901	46 129 163 
2902	64 
2903	19 
2904	46 51 138 
2905	6 
2906	134 
2907	69 79 104 
2908	94 134 173 
2909	72 
2910	163 
2911	3 77 153 
2912	9 57 161 
2913	86 
2914	166 
2915	47 97 124 
2916	88 
2917	11 141 169 
2918	44 
2919	17 
2920	80 
2921	55 98 167 
2922	90 140 150 
2923	39 
2924	106 128 140 
2925	130 
2926	142 
2927	13 96 169 
2928	32 120 178 
2929	134 150 155 
2930	68 
2931	30 
2932	61 85 135 
2933	166 
2934	27 
2935	60 
2936	123 
2937	77 127 130 
2938	8 98 176 
2939	49 
2940	39 72 91 
2941	34 
2942	80 
2943	28 164 171 
2944	88 
2945	138 
2946	153 
2947	176 
2948	23 113 166 
2949	80 116 139 
2950	149 
2951	39 
2952	74 139 171 
2953	151 
2954	66 
2955	44 
2956	38 
2957	11 34 51 
2958	74 139 151 
2959	37 163 172 
2960	59 
2961	18 
2962	168 
2963	171 
2964	48 113 173 
2965	84 
2966	87 115 174 
2967	97 
2968	54 
2969	113 
2970	88 144 169 
2971	25 78 174 
2972	146 
2973	96 
2974	3 146 148 
2975	13 131 160 
2976	124 157 162 
2977	106 
2978	64 
2979	113 
2980	104 135 161 
2981	19 37 70 
2982	100 
2983	63 
2984	30 103 173 
2985	62 
2986	113 
2987	37 57 96 
2988	24 
2989	5 45 124 
2990	37 
2991	44 88 113 
2992	22 27 133 
2993	26 
2994	20 
2995	90 125 126 
2996	171 
2997	123 
2998	131 
2999	123 
3000	114 
3001	164 
3002	157 
3003	2 
3004	46 137 165 
3005	8 
3006	22 68 107 
3007	176 
3008	4 
3009	12 116 131 
3010	52 
3011	139 
3012	11 124 148 
3013	115 
3014	36 108 114 
3015	88 
3016	27 58 135 
3017	42 
3018	116 
3019	43 
3020	59 143 146 
3021	7 
3022	45 
3023	29 
3024	13 29 76 
3025	13 
3026	29 99 156 
3027	17 26 172 
3028	37 77 175 
3029	49 88 120 
3030	44 
3031	128 
3032	134 
3033	131 
3034	156 
3035	27 55 91 
3036	175 
3037	109 
3038	59 
3039	9 74 99 
3040	2 92 146 
3041	16 109 163 
3042	106 
3043	6 
3044	176 
3045	124 127 172 
3046	21 155 166 
3047	36 
3048	152 
3049	80 
3050	27 
3051	130 
3052	80 
3053	22 
3054	8 
3055	13 88 106 
3056	152 
3057	90 147 162 
3058	37 108 134 
3059	66 
3060	44 
3061	40 103 156 
3062	31 66 69 
3063	66 103 173 
3064	151 
3065	22 
3066	48 53 140 
3067	19 62 90 
3068	106 
3069	37 71 129 
3070	110 
3071	52 129 158 
3072	30 33 121 
3073	56 141 153 
3074	5 
3075	54 
3076	28 93 128 
3077	40 152 156 
3078	8 41 93 
3079	14 
3080	156 
3081	167 
3082	47 48 141 
3083	77 
3084	139 141 155 
3085	87 
3086	8 
3087	179 
3088	138 
3089	156 
3090	123 
3091	42 
3092	28 141 147 
3093	40 43 72 
3094	31 123 129 
3095	82 110 126 
3096	126 
3097	3 107 163 
3098	107 
3099	124 
3100	28 
3101	8 12 136 
3102	148 
3103	4 99 164 
3104	133 
3105	2 
3106	25 123 162 
3107	70 72 136 
3108	14 
3109	106 
3110	113 
3111	109 
3112	13 104 123 
3113	42 119 151 
3114	60 150 162 
3115	88 
3116	138 
3117	27 45 168 
3118	108 
3119	59 
3120	124 
3121	11 20 37 
3122	13 
3123	65 
3124	22 162 174 
3125	23 
3126	64 
3127	5 
3128	41 124 143 
3129	94 96 151 
3130	168 
3131	155 
3132	35 
3133	155 
3134	9 
3135	110 
3136	68 111 138 
3137	6 
3138	21 32 169 
3139	62 101 132 
3140	40 52 140 
3141	3 
3142	39 
3143	44 166 175 
3144	130 133 166 
3145	15 148 169 
3146	17 
3147	9 
3148	71 79 90 
3149	123 
3150	57 
3151	8 65 103 
3152	123 
3153	143 
3154	84 105 143 
3155	43 
3156	13 
3157	19 96 152 
3158	19 149 174 
3159	175 
3160	110 
3161	67 97 163 
3162	19 120 176 
3163	109 
3164	47 68 107 
3165	10 18 83 
3166	152 
3167	3 153 162 
3168	16 65 105 
3169	69 129 154 
3170	50 78 82 
3171	27 
3172	27 90 170 
3173	44 81 90 
3174	141 
3175	155 
3176	40 109 162 
3177	34 46 154 
3178	149 
3179	69 126 163 
3180	113 
3181	168 
3182	56 84 135 
3183	5 
3184	74 93 178 
3185	65 
3186	134 
3187	32 37 107 
3188	151 
3189	146 
3190	17 131 176 
3191	18 19 91 
3192	23 
3193	28 
3194	18 
3195	139 
3196	4 95 96 
3197	69 102 120 
3198	69 140 170 
3199	134 
3200	15 111 134 
3201	169 
3202	49 163 170 
3203	141 
3204	74 123 139 
3205	144 
3206	93 103 149 
3207	55 87 176 
3208	60 
3209	161 
3210	127 
3211	114 135 136 
3212	152 
3213	107 111 151 
3214	91 
3215	37 
3216	51 101 169 
3217	12 77 126 
3218	102 
3219	13 69 168 
3220	31 66 89 
3221	37 43 176 
3222	152 
3223	100 
3224	92 
3225	62 
3226	13 29 156 
3227	15 21 94 
3228	8 
3229	88 111 119 
3230	22 
3231	82 
3232	129 
3233	163 
3234	37 
3235	42 
3236	144 
3237	147 
3238	19 
3239	168 
3240	55 
3241	38 143 152 
3242	13 
3243	60 
3244	3 83 121 
3245	120 151 170 
3246	5 47 62 
3247	108 
3248	13 
3249	110 123 149 
3250	131 
3251	21 
3252	28 106 163 
3253	120 
3254	41 84 141 
3255	101 
3256	83 135 138 
3257	152 
3258	25 112 128 
3259	23 140 163 
3260	124 
3261	2 34 160 
3262	140 
3263	29 
3264	94 116 149 
3265	30 93 134 
3266	75 145 170 
3267	22 99 107 
3268	161 
3269	31 69 176 
3270	12 44 131 
3271	32 137 163 
3272	164 
3273	152 
3274	99 
3275	168 
3276	84 115 138 
3277	92 139 179 
3278	122 
3279	40 
3280	125 
3281	53 
3282	82 124 159 
3283	7 
3284	7 
3285	48 64 89 
3286	128 
3287	46 75 79 
3288	176 
3289	83 
3290	23 64 170 
3291	60 86 114 
3292	138 
3293	8 27 143 
3294	30 
3295	30 67 78 
3296	139 
3297	66 
3298	37 
3299	111 
3300	173 
3301	163 
3302	153 
3303	37 97 113 
3304	28 45 68 
3305	123 
3306	122 
3307	66 
3308	35 128 156 
3309	143 
3310	101 
3311	119 
3312	113 
3313	40 51 143 
3314	21 
3315	110 140 170 
3316	14 31 56 
3317	39 62 135 
3318	6 129 140 
3319	19 141 163 
3320	40 
3321	93 
3322	84 170 175 
3323	33 
3324	7 
3325	156 
3326	46 
3327	14 48 107 
3328	7 83 134 
3329	139 
3330	29 75 164 
3331	172 
3332	35 
3333	46 134 155 
3334	39 
3335	33 
3336	38 50 55 
3337	92 
3338	128 
3339	46 94 139 
3340	129 
3341	124 
3342	1 32 170 
3343	5 49 114 
3344	79 
3345	64 
3346	90 
3347	153 156 159 
3348	177 
3349	169 
3350	19 
3351	102 136 164 
3352	152 
3353	132 
3354	126 
3355	23 78 106 
3356	157 
3357	44 57 94 
3358	3 
3359	156 
3360	19 64 179 
3361	30 163 176 
3362	63 
3363	90 
3364	160 
3365	64 109 147 
3366	48 54 74 
3367	177 
3368	106 133 139 
3369	163 
3370	67 83 117 
3371	46 
3372	21 
3373	64 88 109 
3374	164 
3375	5 76 103 
3376	48 140 175 
3377	152 
3378	111 
3379	120 
3380	29 
3381	151 174 176 
3382	90 
3383	39 
3384	26 109 152 
3385	61 
3386	55 
3387	5 18 107 
3388	118 
3389	94 
3390	30 48 103 
3391	116 
3392	103 
3393	102 113 135 
3394	22 
3395	28 
3396	162 
3397	132 
3398	20 103 113 
3399	139 
3400	3 13 126 
3401	113 
3402	50 72 163 
3403	40 45 47 
3404	5 
3405	85 135 160 
3406	33 
3407	44 143 159 
3408	50 
3409	104 112 136 
3410	138 144 163 
3411	112 
3412	61 92 108 
3413	42 80 159 
3414	138 
3415	22 99 138 
3416	54 128 148 
3417	10 46 75 
3418	88 
3419	126 
3420	175 
3421	4 66 130 
3422	8 73 113 
3423	39 96 172 
3424	15 150 170 
3425	27 120 124 
3426	107 
3427	48 110 173 
3428	60 
3429	36 68 138 
3430	88 133 159 
3431	15 
3432	175 
3433	14 28 139 
3434	172 
3435	60 
3436	138 
3437	30 97 106 
3438	65 
3439	103 
3440	88 137 153 
3441	4 
3442	104 112 124 
3443	69 83 170 
3444	30 70 151 
3445	13 62 117 
3446	46 90 164 
3447	154 
3448	49 130 135 
3449	1 8 139 
3450	46 
3451	55 
3452	110 129 164 
3453	3 
3454	93 168 171 
3455	160 
3456	27 96 128 
3457	19 111 118 
3458	74 134 146 
3459	177 
3460	26 33 83 
3461	120 
3462	130 
3463	114 
3464	8 166 170 
3465	12 
3466	83 
3467	40 64 115 
3468	87 
3469	97 
3470	175 
3471	170 
3472	140 
3473	39 131 168 
3474	46 
3475	29 93 164 
3476	30 
3477	2 90 153 
3478	46 65 82 
3479	5 11 109 
3480	22 
3481	13 28 120 
3482	17 92 134 
3483	88 
3484	59 
3485	141 
3486	31 
3487	83 106 171 
3488	166 
3489	74 100 133 
3490	39 42 110 
3491	80 
3492	129 
3493	46 50 92 
3494	2 40 100 
3495	70 
3496	60 94 152 
3497	37 111 146 
3498	5 
3499	160 
3500	50 164 173 
3501	25 
3502	167 
3503	46 
3504	65 81 138 
3505	149 
3506	5 7 99 
3507	94 
3508	124 
3509	90 
3510	62 140 157 
3511	13 
3512	88 
3513	40 106 153 
3514	55 83 115 
3515	59 
3516	140 
3517	167 
3518	9 125 168 
3519	64 130 169 
3520	88 
3521	52 136 173 
3522	37 
3523	14 162 170 
3524	14 111 149 
3525	96 
3526	62 65 126 
3527	15 54 129 
3528	96 
3529	156 
3530	105 
3531	46 80 139 
3532	168 
3533	145 
3534	140 
3535	87 
3536	18 
3537	123 
3538	92 
3539	129 
3540	31 40 140 
3541	72 80 129 
3542	26 
3543	40 47 161 
3544	8 55 99 
3545	113 
3546	108 
3547	34 
3548	55 
3549	60 
3550	84 
3551	19 
3552	124 126 136 
3553	179 
3554	91 
3555	33 
3556	149 
3557	154 
3558	109 
3559	111 
3560	44 61 64 
3561	39 44 167 
3562	66 83 109 
3563	172 
3564	128 
3565	155 
3566	66 68 162 
3567	42 107 136 
3568	128 
3569	83 
3570	168 
3571	51 
3572	5 
3573	141 
3574	90 
3575	170 
3576	75 
3577	9 
3578	19 
3579	128 
3580	116 
3581	159 
3582	70 105 129 
3583	49 
3584	54 
3585	124 
3586	64 
3587	30 61 140 
3588	45 
3589	43 
3590	76 128 156 
3591	177 
3592	36 
3593	175 
3594	17 
3595	135 
3596	46 
3597	54 81 154 
3598	153 
3599	50 
3600	47 105 177 
3601	15 43 84 
3602	54 
3603	30 43 71 
3604	151 
3605	88 
3606	29 
3607	166 
3608	84 
3609	64 
3610	10 
3611	21 
3612	3 24 70 
3613	170 
3614	2 
3615	132 
3616	30 
3617	76 109 178 
3618	92 100 173 
3619	159 
3620	7 
3621	134 
3622	134 
3623	44 
3624	52 69 134 
3625	23 
3626	20 
3627	128 
3628	46 109 152 
3629	65 
3630	79 
3631	64 
3632	39 
3633	88 
3634	60 
3635	64 128 174 
3636	108 
3637	20 91 175 
3638	41 120 123 
3639	123 
3640	171 
3641	89 
3642	19 66 84 
3643	135 
3644	122 
3645	30 101 179 
3646	33 
3647	107 
3648	131 
3649	33 94 171 
3650	16 67 127 
3651	113 
3652	77 
3653	161 166 172 
3654	140 
3655	39 66 138 
3656	24 87 138 
3657	24 
3658	51 
3659	161 
3660	13 138 165 
3661	71 
3662	23 88 141 
3663	133 
3664	106 107 135 
3665	172 
3666	96 
3667	27 
3668	138 
3669	161 
3670	129 
3671	155 
3672	37 45 64 
3673	39 
3674	94 
3675	111 
3676	107 113 123 
3677	12 
3678	159 
3679	105 108 149 
3680	40 
3681	50 
3682	83 
3683	21 
3684	96 
3685	139 
3686	14 29 127 
3687	139 
3688	118 
3689	9 41 145 
3690	36 44 138 
3691	162 
3692	8 
3693	55 92 170 
3694	33 99 107 
3695	91 
3696	12 
3697	26 
3698	19 
3699	73 87 115 
3700	101 
3701	135 165 175 
3702	66 
3703	173 
3704	154 
3705	1 44 139 
3706	32 
3707	174 
3708	80 
3709	135 
3710	115 127 140 
3711	82 
3712	68 97 176 
3713	40 47 112 
3714	174 
3715	145 
3716	128 
3717	47 
3718	15 66 69 
3719	30 102 129 
3720	75 
3721	133 
3722	37 38 123 
3723	17 104 175 
3724	162 
3725	55 64 135 
3726	31 
3727	26 75 178 
3728	113 126 147 
3729	80 107 176 
3730	48 
3731	151 
3732	48 140 144 
3733	21 44 117 
3734	29 92 135 
3735	104 
3736	21 87 107 
3737	28 69 124 
3738	19 21 60 
3739	83 
3740	162 
3741	115 
3742	27 
3743	131 
3744	163 
3745	149 162 165 
3746	21 
3747	51 
3748	106 120 151 
3749	5 
3750	22 
3751	139 
3752	146 
3753	5 
3754	96 
3755	11 
3756	6 42 82 
3757	163 
3758	60 
3759	159 
3760	128 
3761	96 
3762	142 
3763	39 
3764	55 
3765	18 
3766	122 
3767	48 82 169 
3768	135 
3769	30 
3770	112 
3771	15 33 64 
3772	118 
3773	22 69 117 
3774	119 149 163 
3775	19 
3776	8 
3777	34 
3778	64 85 119 
3779	82 
3780	64 144 145 
3781	170 
3782	69 
3783	150 
3784	69 117 176 
3785	44 
3786	73 
3787	46 65 117 
3788	30 67 88 
3789	40 
3790	140 173 174 
3791	78 93 156 
3792	76 
3793	39 
3794	62 
3795	104 
3796	25 
3797	50 64 122 
3798	129 135 148 
3799	48 98 179 
3800	30 
3801	40 
3802	95 118 149 
3803	66 
3804	92 102 115 
3805	139 
3806	11 
3807	178 
3808	6 
3809	15 
3810	8 30 119 
3811	64 
3812	94 
3813	39 
3814	126 156 175 
3815	93 152 172 
3816	129 163 176 
3817	5 79 108 
3818	12 69 75 
3819	99 
3820	4 5 146 
3821	55 58 173 
3822	107 125 167 
3823	107 125 154 
3824	43 
3825	83 115 170 
3826	138 
3827	117 
3828	76 
3829	8 
3830	84 
3831	47 111 156 
3832	115 
3833	47 
3834	57 
3835	112 
3836	78 
3837	56 162 176 
3838	86 
3839	85 94 107 
3840	21 44 66 
3841	71 
3842	39 
3843	27 138 156 
3844	48 84 87 
3845	41 94 146 
3846	49 133 134 
3847	31 55 123 
3848	63 146 176 
3849	20 
3850	44 
3851	8 30 66 
3852	156 
3853	5 111 130 
3854	93 
3855	83 162 179 
3856	18 67 84 
3857	27 53 102 
3858	50 
3859	14 
3860	138 146 168 
3861	52 
3862	66 
3863	56 
3864	176 
3865	139 
3866	44 
3867	52 
3868	3 56 58 
3869	151 
3870	144 
3871	175 
3872	48 
3873	104 
3874	25 
3875	116 
3876	83 
3877	45 139 174 
3878	108 111 117 
3879	109 115 153 
3880	134 
3881	26 
3882	49 
3883	28 113 129 
3884	146 
3885	42 80 115 
3886	2 
3887	17 27 178 
3888	64 
3889	126 
3890	64 
3891	16 27 29 
3892	70 100 101 
3893	29 54 106 
3894	39 125 150 
3895	103 
3896	16 145 149 
3897	135 147 166 
3898	36 102 171 
3899	115 
3900	65 90 101 
3901	131 
3902	19 
3903	105 
3904	133 
3905	160 
3906	109 
3907	131 
3908	37 71 165 
3909	127 144 153 
3910	14 
3911	46 
3912	16 95 129 
3913	93 
3914	157 
3915	13 
3916	162 
3917	34 
3918	52 66 123 
3919	150 
3920	171 
3921	87 
3922	86 
3923	88 
3924	46 107 156 
3925	81 98 129 
3926	20 46 178 
3927	71 
3928	115 
3929	22 
3930	172 
3931	59 80 178 
3932	94 
3933	152 
3934	56 
3935	112 133 164 
3936	26 
3937	3 100 113 
3938	10 14 90 
3939	168 
3940	73 
3941	130 143 156 
3942	1 
3943	33 
3944	69 
3945	161 
3946	92 
3947	3 
3948	44 
3949	74 87 132 
3950	23 34 163 
3951	32 44 124 
3952	123 
3953	19 82 104 
3954	27 76 96 
3955	63 
3956	174 
3957	81 
3958	59 129 146 
3959	21 
3960	46 
3961	103 
3962	134 
3963	52 
3964	162 
3965	71 
3966	175 
3967	87 
3968	33 37 170 
3969	9 29 93 
3970	102 128 170 
3971	52 
3972	24 96 104 
3973	21 
3974	17 75 161 
3975	46 
3976	119 
3977	125 
3978	1 5 44 
3979	79 
3980	69 
3981	10 
3982	74 146 147 
3983	26 64 79 
3984	153 
3985	168 
3986	172 
3987	88 106 167 
3988	66 
3989	17 
3990	148 
3991	173 
3992	153 
3993	109 
3994	5 34 176 
3995	5 
3996	23 
3997	113 126 148 
3998	31 
3999	23 138 148 
4000	3 28 105 
4001	44 83 152 
4002	79 101 134 
4003	47 
4004	5 
4005	70 89 134 
4006	20 
4007	44 51 124 
4008	70 90 164 
4009	93 
4010	2 22 139 
4011	19 
4012	32 129 140 
4013	45 64 99 
4014	35 39 171 
4015	120 
4016	108 
4017	28 
4018	115 
4019	124 
4020	13 41 62 
4021	69 
4022	19 
4023	8 93 145 
4024	31 
4025	13 76 105 
4026	16 45 69 
4027	40 119 162 
4028	69 
4029	19 86 177 
4030	3 103 123 
4031	135 
4032	3 79 174 
4033	40 124 139 
4034	6 92 100 
4035	25 
4036	30 106 170 
4037	4 107 144 
4038	144 
4039	51 
4040	175 
4041	140 
4042	156 
4043	48 
4044	170 
4045	20 
4046	22 42 148 
4047	35 44 60 
4048	175 
4049	138 
4050	123 
4051	44 89 132 
4052	176 
4053	95 
4054	98 138 146 
4055	34 
4056	156 
4057	5 
4058	42 
4059	102 
4060	155 
4061	26 76 175 
4062	39 124 126 
4063	66 
4064	150 
4065	28 70 174 
4066	60 
4067	107 123 139 
4068	15 89 100 
4069	143 
4070	136 156 163 
4071	170 
4072	162 
4073	13 
4074	159 
4075	93 
4076	134 
4077	34 78 134 
4078	123 
4079	104 111 136 
4080	121 
4081	121 
4082	31 129 156 
4083	5 135 164 
4084	69 
4085	97 
4086	19 
4087	39 114 137 
4088	127 
4089	99 
4090	90 
4091	48 
4092	30 151 152 
4093	83 141 161 
4094	64 105 147 
4095	37 
4096	140 
4097	47 69 110 
4098	50 114 128 
4099	50 106 174 
4100	125 
4101	89 
4102	141 
4103	144 
4104	170 
4105	38 128 156 
4106	1 
4107	13 
4108	69 166 178 
4109	129 
4110	8 105 115 
4111	152 
4112	33 
4113	13 43 47 
4114	113 135 176 
4115	164 
4116	163 
4117	63 65 117 
4118	151 
4119	86 
4120	63 66 146 
4121	118 
4122	21 64 168 
4123	86 
4124	64 
4125	141 
4126	8 40 163 
4127	113 
4128	125 
4129	57 59 75 
4130	94 113 123 
4131	155 
4132	128 
4133	17 140 146 
4134	166 
4135	13 69 75 
4136	139 
4137	18 
4138	68 
4139	51 
4140	34 
4141	107 
4142	37 
4143	8 
4144	101 
4145	19 80 139 
4146	74 
4147	90 
4148	52 
4149	12 30 78 
4150	9 71 106 
4151	96 
4152	148 
4153	20 63 153 
4154	28 53 94 
4155	119 
4156	176 
4157	16 107 171 
4158	7 146 147 
4159	60 114 157 
4160	26 107 111 
4161	170 
4162	42 107 112 
4163	46 
4164	115 
4165	20 
4166	55 
4167	55 87 121 
4168	137 
4169	15 107 168 
4170	39 
4171	5 75 88 
4172	78 126 146 
4173	125 149 163 
4174	49 66 151 
4175	46 
4176	104 
4177	40 
4178	165 
4179	163 
4180	128 
4181	22 
4182	27 107 134 
4183	79 
4184	139 
4185	50 
4186	82 110 161 
4187	92 
4188	30 60 142 
4189	5 79 123 
4190	161 
4191	118 126 170 
4192	141 147 174 
4193	6 7 75 
4194	48 
4195	21 
4196	88 
4197	46 
4198	9 30 120 
4199	106 
4200	8 24 59 
4201	15 107 133 
4202	113 129 139 
4203	22 100 175 
4204	69 
4205	85 104 137 
4206	170 
4207	167 
4208	29 64 104 
4209	120 133 146 
4210	83 
4211	152 
4212	85 
4213	18 63 134 
4214	82 
4215	159 
4216	69 154 164 
4217	104 
4218	34 104 176 
4219	94 
4220	19 
4221	37 113 156 
4222	142 161 168 
4223	136 
4224	94 
4225	99 105 123 
4226	7 22 105 
4227	89 
4228	52 
4229	18 
4230	20 
4231	12 79 164 
4232	149 
4233	32 41 134 
4234	59 
4235	130 
4236	122 
4237	19 142 170 
4238	94 115 127 
4239	75 
4240	53 
4241	157 
4242	92 
4243	35 114 162 
4244	39 88 104 
4245	22 
4246	19 83 141 
4247	69 96 171 
4248	113 
4249	134 
4250	55 66 133 
4251	24 39 123 
4252	174 
4253	83 
4254	82 
4255	124 
4256	57 
4257	86 
4258	81 155 178 
4259	131 
4260	55 65 168 
4261	44 75 85 
4262	107 120 154 
4263	73 
4264	17 47 149 
4265	174 
4266	19 100 120 
4267	129 
4268	21 39 133 
4269	106 155 156 
4270	178 
4271	2 48 94 
4272	50 
4273	118 
4274	27 144 173 
4275	64 
4276	75 
4277	54 
4278	103 
4279	94 108 113 
4280	14 
4281	106 
4282	23 
4283	129 147 175 
4284	141 
4285	74 78 85 
4286	13 
4287	130 
4288	71 94 127 
4289	8 60 178 
4290	127 140 162 
4291	151 
4292	30 
4293	26 
4294	23 39 172 
4295	82 141 146 
4296	11 
4297	104 
4298	152 
4299	152 
4300	8 34 175 
4301	94 
4302	20 
4303	143 
4304	90 
4305	64 78 85 
4306	11 18 167 
4307	69 
4308	135 
4309	52 78 173 
4310	21 126 138 
4311	66 102 176 
4312	135 
4313	7 43 128 
4314	179 
4315	141 
4316	66 
4317	8 80 162 
4318	176 
4319	154 
4320	91 135 166 
4321	37 
4322	173 
4323	94 
4324	46 75 117 
4325	128 145 148 
4326	83 89 136 
4327	5 
4328	97 
4329	37 75 170 
4330	27 
4331	70 121 135 
4332	47 127 156 
4333	84 119 144 
4334	13 30 162 
4335	30 120 162 
4336	100 165 174 
4337	143 
4338	108 
4339	64 85 168 
4340	94 
4341	46 
4342	11 109 140 
4343	29 104 173 
4344	106 
4345	120 
4346	176 
4347	151 
4348	156 
4349	156 
4350	79 107 128 
4351	107 
4352	51 
4353	135 
4354	170 
4355	113 
4356	175 
4357	34 100 117 
4358	128 
4359	140 153 175 
4360	106 114 173 
4361	94 127 161 
4362	103 
4363	111 112 164 
4364	8 53 104 
4365	46 68 91 
4366	37 123 163 
4367	42 
4368	27 133 140 
4369	21 33 75 
4370	18 79 123 
4371	118 152 153 
4372	99 
4373	109 173 175 
4374	66 131 134 
4375	15 
4376	29 
4377	93 109 129 
4378	96 
4379	33 83 112 
4380	13 21 92 
4381	48 
4382	127 
4383	40 149 173 
4384	90 
4385	176 
4386	134 
4387	20 46 125 
4388	34 39 74 
4389	13 
4390	59 
4391	54 
4392	8 64 83 
4393	35 62 115 
4394	156 
4395	131 
4396	107 
4397	27 
4398	162 
4399	46 
4400	48 
4401	113 129 172 
4402	140 
4403	75 
4404	79 
4405	17 18 61 
4406	28 48 175 
4407	39 
4408	114 
4409	48 
4410	27 
4411	64 146 147 
4412	128 
4413	85 104 134 
4414	74 
4415	22 40 142 
4416	88 
4417	168 
4418	48 69 146 
4419	134 
4420	133 
4421	15 90 163 
4422	94 
4423	148 
4424	22 
4425	29 39 164 
4426	128 
4427	34 103 106 
4428	83 140 154 
4429	66 
4430	37 55 163 
4431	161 
4432	67 
4433	40 
4434	128 
4435	37 
4436	90 122 162 
4437	108 
4438	74 
4439	43 120 146 
4440	92 
4441	46 
4442	111 
4443	45 
4444	57 149 156 
4445	47 82 156 
4446	55 
4447	23 
4448	47 
4449	16 17 120 
4450	68 
4451	63 114 179 
4452	50 
4453	77 156 162 
4454	69 126 132 
4455	5 80 120 
4456	39 
4457	46 114 129 
4458	133 
4459	22 
4460	3 
4461	166 
4462	168 
4463	104 126 128 
4464	39 
4465	57 136 141 
4466	7 108 131 
4467	13 73 146 
4468	94 
4469	79 80 109 
4470	169 
4471	133 
4472	19 
4473	113 
4474	127 
4475	30 134 146 
4476	115 120 155 
4477	172 
4478	92 138 146 
4479	176 
4480	49 
4481	60 100 114 
4482	129 
4483	6 134 160 
4484	37 49 104 
4485	44 83 147 
4486	26 
4487	13 71 83 
4488	80 
4489	88 
4490	80 
4491	28 
4492	176 
4493	14 
4494	43 
4495	47 52 79 
4496	164 
4497	24 94 108 
4498	175 
4499	138 159 162 
4500	63 
4501	36 
4502	48 54 95 
4503	111 
4504	156 
4505	47 69 77 
4506	159 
4507	146 
4508	141 
4509	69 
4510	131 
4511	17 79 88 
4512	13 50 141 
4513	49 80 159 
4514	123 
4515	131 140 145 
4516	123 
4517	38 
4518	1 
4519	147 
4520	123 
4521	92 
4522	5 70 128 
4523	85 162 163 
4524	128 
4525	18 60 122 
4526	90 
4527	93 
4528	66 
4529	75 148 174 
4530	16 
4531	75 
4532	55 109 159 
4533	149 
4534	100 131 156 
4535	54 172 179 
4536	3 28 134 
4537	146 149 155 
4538	55 94 112 
4539	109 
4540	67 
4541	39 
4542	80 123 176 
4543	75 104 176 
4544	133 
4545	55 77 129 
4546	22 44 172 
4547	82 
4548	8 
4549	86 
4550	139 
4551	67 
4552	32 41 64 
4553	1 
4554	103 
4555	10 87 149 
4556	50 59 173 
4557	5 143 157 
4558	149 
4559	57 84 150 
4560	13 64 109 
4561	12 
4562	47 64 170 
4563	159 
4564	39 
4565	43 
4566	88 104 171 
4567	151 
4568	129 
4569	68 126 161 
4570	139 
4571	85 93 156 
4572	51 
4573	41 88 128 
4574	151 
4575	60 138 174 
4576	91 128 137 
4577	8 18 64 
4578	21 120 134 
4579	60 
4580	6 
4581	41 
4582	125 
4583	8 
4584	115 
4585	6 
4586	90 
4587	40 125 128 
4588	136 
4589	36 
4590	141 
4591	162 
4592	59 
4593	127 
4594	140 
4595	111 125 146 
4596	52 
4597	164 
4598	66 140 168 
4599	170 
4600	83 
4601	94 
4602	144 
4603	22 29 55 
4604	28 103 148 
4605	8 79 109 
4606	106 
4607	176 
4608	83 100 146 
4609	44 104 154 
4610	105 
4611	139 
4612	95 96 174 
4613	6 131 173 
4614	99 114 127 
4615	66 79 131 
4616	90 
4617	104 129 178 
4618	3 
4619	45 
4620	56 
4621	55 92 123 
4622	170 
4623	140 
4624	46 
4625	149 
4626	80 
4627	22 
4628	49 
4629	118 
4630	159 
4631	119 158 171 
4632	155 
4633	61 171 177 
4634	3 139 176 
4635	134 140 168 
4636	43 59 100 
4637	32 
4638	47 170 176 
4639	60 
4640	50 
4641	120 
4642	135 
4643	19 55 135 
4644	31 
4645	80 
4646	102 
4647	168 
4648	135 
4649	36 37 96 
4650	75 
4651	40 
4652	15 30 154 
4653	129 
4654	44 
4655	3 53 140 
4656	155 
4657	92 
4658	170 
4659	4 
4660	40 
4661	111 
4662	163 
4663	156 
4664	140 
4665	92 163 170 
4666	50 
4667	22 
4668	90 
4669	115 
4670	143 
4671	78 104 113 
4672	66 
4673	8 
4674	41 
4675	17 52 178 
4676	36 56 110 
4677	64 80 84 
4678	51 
4679	104 
4680	13 163 173 
4681	134 149 151 
4682	32 152 168 
4683	32 58 121 
4684	93 118 141 
4685	44 
4686	99 134 154 
4687	96 
4688	135 
4689	169 
4690	80 
4691	9 30 135 
4692	107 
4693	66 
4694	169 
4695	12 
4696	5 113 179 
4697	90 113 135 
4698	30 111 138 
4699	155 
4700	40 
4701	52 
4702	55 
4703	8 
4704	66 85 137 
4705	173 
4706	92 
4707	128 
4708	38 111 135 
4709	17 
4710	162 
4711	20 107 129 
4712	21 
4713	19 45 97 
4714	43 84 178 
4715	8 57 79 
4716	8 
4717	36 
4718	63 92 127 
4719	14 
4720	5 52 104 
4721	4 133 165 
4722	46 
4723	11 14 142 
4724	31 
4725	88 97 100 
4726	96 144 168 
4727	17 48 94 
4728	59 
4729	42 
4730	105 
4731	59 
4732	18 
4733	15 25 99 
4734	51 160 168 
4735	36 
4736	162 
4737	30 118 129 
4738	8 100 143 
4739	4 36 129 
4740	92 141 170 
4741	88 
4742	71 
4743	45 65 156 
4744	175 
4745	3 10 107 
4746	80 
4747	70 104 173 
4748	178 
4749	4 46 64 
4750	46 52 179 
4751	49 140 146 
4752	106 
4753	8 
4754	22 
4755	39 120 153 
4756	90 124 152 
4757	174 
4758	90 
4759	37 
4760	128 
4761	30 162 165 
4762	176 
4763	54 85 87 
4764	26 135 153 
4765	109 
4766	42 78 139 
4767	64 168 175 
4768	83 92 173 
4769	87 127 177 
4770	118 
4771	170 
4772	33 107 140 
4773	135 
4774	13 19 156 
4775	123 124 144 
4776	13 27 162 
4777	7 148 178 
4778	17 
4779	46 106 169 
4780	96 131 161 
4781	3 
4782	166 
4783	138 148 152 
4784	68 85 97 
4785	175 
4786	4 80 178 
4787	84 
4788	80 
4789	161 
4790	38 73 164 
4791	88 
4792	37 
4793	21 38 162 
4794	145 156 158 
4795	117 
4796	120 
4797	24 
4798	30 
4799	170 
4800	55 133 134 
4801	168 
4802	135 
4803	29 79 133 
4804	47 134 161 
4805	149 
4806	52 97 117 
4807	92 136 146 
4808	19 
4809	22 23 134 
4810	40 
4811	136 
4812	14 69 175 
4813	90 
4814	100 
4815	104 170 176 
4816	153 
4817	44 69 81 
4818	57 
4819	42 104 155 
4820	48 
4821	129 135 172 
4822	39 57 82 
4823	19 66 171 
4824	81 83 121 
4825	8 17 90 
4826	13 
4827	12 151 175 
4828	155 
4829	85 86 170 
4830	3 22 123 
4831	5 63 164 
4832	84 
4833	143 
4834	106 129 168 
4835	45 
4836	37 
4837	7 40 174 
4838	55 
4839	55 113 162 
4840	96 
4841	106 
4842	92 146 175 
4843	33 48 56 
4844	44 93 98 
4845	139 156 162 
4846	41 128 164 
4847	168 
4848	33 
4849	176 
4850	16 23 173 
4851	29 
4852	30 75 164 
4853	60 
4854	172 
4855	153 
4856	168 
4857	52 60 90 
4858	11 73 105 
4859	128 
4860	80 88 120 
4861	131 
4862	5 
4863	82 
4864	173 
4865	84 93 151 
4866	21 
4867	79 90 125 
4868	82 
4869	57 
4870	3 123 131 
4871	15 88 107 
4872	146 
4873	80 
4874	40 
4875	55 113 143 
4876	83 
4877	139 
4878	70 
4879	174 
4880	174 
4881	17 99 156 
4882	143 
4883	43 
4884	60 71 99 
4885	28 
4886	44 
4887	110 120 153 
4888	44 66 162 
4889	169 
4890	3 46 119 
4891	97 102 145 
4892	148 
4893	31 123 165 
4894	46 
4895	166 
4896	135 
4897	60 125 152 
4898	126 
4899	113 
4900	8 129 146 
4901	31 
4902	23 
4903	60 72 134 
4904	15 
4905	50 69 135 
4906	138 
4907	5 134 179 
4908	3 
4909	93 
4910	19 41 106 
4911	24 39 43 
4912	44 126 143 
4913	132 135 156 
4914	115 
4915	170 
4916	118 
4917	123 
4918	17 
4919	57 
4920	128 
4921	64 
4922	70 
4923	64 104 146 
4924	93 128 169 
4925	64 
4926	127 
4927	44 68 135 
4928	44 
4929	5 
4930	100 
4931	138 
4932	26 162 164 
4933	72 90 162 
4934	88 
4935	115 
4936	43 
4937	44 
4938	175 
4939	90 120 144 
4940	140 
4941	75 
4942	13 39 162 
4943	154 
4944	28 56 146 
4945	126 128 162 
4946	71 127 134 
4947	84 170 173 
4948	139 140 154 
4949	141 
4950	41 68 96 
4951	79 90 117 
4952	13 
4953	30 45 85 
4954	84 
4955	79 
4956	129 
4957	102 125 136 
4958	19 60 124 
4959	15 
4960	55 
4961	44 66 135 
4962	65 
4963	64 
4964	23 113 128 
4965	3 7 109 
4966	140 
4967	39 57 99 
4968	15 141 161 
4969	59 113 156 
4970	105 108 121 
4971	146 
4972	104 
4973	26 119 161 
4974	31 103 113 
4975	17 152 174 
4976	43 57 119 
4977	105 128 149 
4978	33 
4979	3 17 123 
4980	12 139 174 
4981	155 
4982	4 56 176 
4983	174 
4984	15 
4985	99 
4986	47 
4987	129 
4988	83 
4989	36 58 119 
4990	46 85 87 
4991	27 88 138 
4992	113 
4993	46 66 156 
4994	19 64 65 
4995	123 
4996	128 146 170 
4997	38 51 155 
4998	49 
4999	70 
5000	128 
