1	90 
2	107 
3	76 
4	45 73 119 
5	142 
6	120 
7	7 
8	99 
9	98 
10	65 
11	64 
12	35 53 95 
13	93 
14	6 37 128 
15	44 
16	142 
17	37 
18	95 
19	49 
20	83 
21	93 
22	3 
23	80 
24	114 
25	119 
26	34 38 53 
27	17 
28	8 
29	83 
30	63 
31	32 97 110 
32	8 93 121 
33	34 
34	94 
35	1 
36	28 47 90 
37	38 87 124 
38	13 108 121 
39	122 
40	47 
41	16 109 126 
42	124 
43	98 
44	20 
45	42 63 117 
46	128 
47	121 
48	89 114 132 
49	84 
50	107 
51	73 
52	27 47 77 
53	12 
54	75 76 117 
55	68 104 134 
56	70 
57	141 
58	25 71 79 
59	22 118 123 
60	22 
61	20 75 121 
62	114 
63	130 
64	13 
65	99 
66	16 
67	46 52 132 
68	21 
69	43 62 125 
70	125 
71	21 
72	17 
73	49 
74	88 113 141 
75	16 62 116 
76	3 17 67 
77	106 
78	121 
79	64 
80	34 78 130 
81	93 
82	9 
83	127 
84	23 
85	143 
86	32 89 112 
87	121 
88	22 
89	62 
90	20 104 109 
91	107 
92	58 
93	81 
94	115 
95	22 49 116 
96	8 
97	140 
98	131 
99	118 
100	59 
101	132 
102	1 28 75 
103	113 127 131 
104	77 
105	77 93 126 
106	135 
107	2 
108	6 
109	53 
110	127 
111	7 36 116 
112	121 
113	12 
114	37 
115	51 109 114 
116	71 
117	20 
118	45 
119	122 
120	126 
121	48 
122	72 
123	40 
124	11 
125	10 52 71 
126	107 
127	1 
128	29 75 116 
129	44 106 108 
130	134 
131	143 
132	82 106 119 
133	13 
134	120 
135	46 65 142 
136	25 77 118 
137	138 
138	64 
139	46 
140	38 
141	101 128 141 
142	47 
143	10 
144	21 64 86 
145	133 
146	1 13 93 
147	39 71 93 
148	1 83 138 
149	125 
150	62 94 140 
151	144 
152	83 
153	4 89 121 
154	19 
155	18 69 74 
156	12 
157	53 
158	12 
159	100 
160	137 
161	15 
162	32 
163	137 
164	110 
165	17 
166	116 
167	83 88 90 
168	137 
169	142 
170	30 
171	62 
172	11 76 120 
173	16 30 67 
174	64 
175	80 113 114 
176	23 101 132 
177	63 
178	1 96 116 
179	85 
180	138 
181	55 67 80 
182	32 78 98 
183	142 
184	1 
185	58 
186	78 
187	35 59 74 
188	12 
189	103 
190	7 
191	34 64 128 
192	126 
193	49 
194	67 
195	76 
196	112 
197	19 
198	32 
199	107 
200	46 
201	25 
202	2 106 120 
203	11 15 92 
204	120 
205	16 
206	63 113 133 
207	48 93 144 
208	13 62 111 
209	37 
210	57 100 127 
211	80 
212	7 104 111 
213	1 28 112 
214	63 
215	72 
216	95 
217	121 
218	60 80 115 
219	12 33 107 
220	7 32 129 
221	121 
222	137 
223	37 
224	8 83 95 
225	106 
226	1 34 133 
227	24 
228	55 112 128 
229	26 
230	119 
231	32 
232	29 96 114 
233	93 
234	18 
235	86 
236	11 51 115 
237	23 
238	29 
239	9 42 140 
240	111 
241	142 
242	71 
243	56 
244	20 100 143 
245	30 69 107 
246	69 
247	2 16 139 
248	53 70 119 
249	25 61 64 
250	83 
251	21 
252	56 
253	41 64 83 
254	99 
255	129 
256	11 
257	56 
258	118 
259	76 115 118 
260	73 
261	14 25 51 
262	128 
263	129 
264	73 
265	66 
266	140 
267	121 
268	7 
269	12 15 52 
270	21 47 103 
271	131 
272	23 106 131 
273	78 90 109 
274	1 117 140 
275	34 64 107 
276	51 
277	62 
278	28 77 125 
279	56 
280	114 
281	94 
282	16 
283	142 
284	20 
285	15 
286	119 
287	23 80 142 
288	24 
289	51 61 138 
290	144 
291	4 
292	89 
293	27 
294	40 72 102 
295	25 
296	15 119 137 
297	37 107 123 
298	51 68 78 
299	127 
300	102 
301	68 
302	90 108 137 
303	83 
304	12 
305	25 
306	81 
307	84 
308	39 
309	7 67 118 
310	103 
311	118 
312	21 94 105 
313	20 
314	25 64 140 
315	18 
316	73 
317	6 
318	22 62 138 
319	20 72 112 
320	22 
321	33 90 127 
322	63 
323	64 
324	44 
325	56 
326	25 
327	114 
328	126 
329	2 84 137 
330	90 
331	109 
332	32 
333	111 
334	68 
335	123 
336	4 
337	92 
338	38 
339	56 
340	126 
341	20 
342	4 
343	14 
344	114 
345	138 
346	21 77 111 
347	53 
348	115 
349	1 
350	43 
351	17 84 87 
352	48 89 125 
353	42 
354	114 
355	16 59 141 
356	119 
357	3 
358	71 
359	137 
360	92 93 103 
361	22 98 127 
362	25 
363	48 78 92 
364	50 
365	139 
366	25 53 71 
367	11 43 86 
368	112 
369	124 
370	83 
371	4 
372	28 
373	114 
374	131 
375	135 
376	1 32 34 
377	3 
378	108 
379	30 98 118 
380	62 
381	85 114 143 
382	91 
383	36 
384	59 
385	93 
386	92 
387	77 
388	109 
389	93 
390	74 107 129 
391	60 
392	57 
393	62 93 108 
394	93 
395	27 42 57 
396	1 15 140 
397	12 
398	5 37 95 
399	53 
400	22 
401	140 
402	125 
403	5 
404	76 
405	71 76 124 
406	78 
407	120 
408	32 57 99 
409	6 53 94 
410	37 
411	86 93 122 
412	95 
413	82 
414	22 89 126 
415	87 
416	69 
417	74 93 119 
418	80 92 110 
419	142 
420	2 
421	16 
422	75 
423	73 
424	107 
425	1 101 107 
426	17 56 99 
427	10 54 92 
428	114 
429	60 126 142 
430	85 
431	86 
432	106 
433	130 
434	109 
435	118 
436	76 
437	15 
438	143 
439	17 83 90 
440	7 
441	111 
442	62 78 128 
443	29 
444	114 
445	48 
446	68 
447	67 
448	17 25 115 
449	127 
450	137 
451	142 
452	17 
453	54 67 143 
454	3 77 142 
455	8 
456	107 
457	42 
458	12 
459	60 
460	17 81 109 
461	2 48 144 
462	125 
463	7 93 135 
464	3 
465	142 
466	124 
467	71 
468	22 
469	17 
470	129 
471	143 
472	143 
473	116 
474	70 
475	109 
476	63 83 110 
477	53 
478	21 
479	7 78 138 
480	1 22 122 
481	72 109 119 
482	53 123 144 
483	20 
484	49 
485	113 
486	15 
487	11 62 125 
488	106 
489	132 
490	53 
491	103 
492	86 109 126 
493	85 
494	39 
495	77 
496	39 99 121 
497	64 
498	96 
499	25 72 143 
500	143 
501	42 75 129 
502	98 
503	2 
504	64 
505	10 25 49 
506	49 64 77 
507	131 
508	103 
509	18 
510	9 
511	34 100 126 
512	37 48 53 
513	10 85 91 
514	11 
515	11 21 87 
516	4 
517	11 
518	140 
519	91 107 129 
520	92 
521	126 
522	57 
523	63 
524	62 
525	120 
526	76 
527	50 
528	35 
529	67 
530	67 
531	32 
532	76 
533	62 116 123 
534	22 
535	8 110 142 
536	54 
537	99 126 131 
538	48 
539	62 73 137 
540	23 
541	51 
542	24 
543	46 94 127 
544	132 
545	59 100 129 
546	50 
547	99 
548	17 
549	43 
550	10 56 71 
551	15 107 142 
552	73 
553	129 
554	104 
555	102 107 140 
556	38 
557	91 
558	32 83 130 
559	83 
560	32 72 106 
561	76 
562	84 
563	5 
564	25 57 67 
565	42 63 117 
566	28 
567	52 
568	60 
569	86 
570	83 
571	7 62 115 
572	2 
573	76 96 128 
574	12 
575	140 
576	4 
577	9 35 143 
578	138 
579	7 
580	34 77 107 
581	8 90 140 
582	103 
583	15 
584	80 
585	63 119 128 
586	19 
587	61 
588	1 
589	53 66 78 
590	1 
591	111 
592	18 
593	29 37 74 
594	56 
595	125 131 141 
596	39 
597	77 
598	86 124 131 
599	102 
600	66 
601	101 
602	97 
603	19 
604	93 
605	2 
606	30 88 112 
607	22 44 129 
608	127 
609	127 
610	133 
611	49 62 137 
612	8 88 115 
613	31 
614	100 
615	81 
616	51 
617	102 132 142 
618	99 
619	115 
620	43 
621	24 32 75 
622	99 
623	39 57 128 
624	104 112 128 
625	89 99 100 
626	106 
627	17 107 136 
628	25 
629	98 
630	28 50 128 
631	79 100 142 
632	25 80 119 
633	15 
634	94 
635	11 
636	53 83 143 
637	61 128 144 
638	1 31 64 
639	64 
640	115 
641	68 96 109 
642	25 53 82 
643	100 
644	124 
645	140 
646	73 
647	29 48 67 
648	143 
649	4 
650	21 49 102 
651	35 125 138 
652	110 
653	55 61 78 
654	64 
655	140 
656	13 
657	9 
658	87 
659	21 
660	100 
661	50 
662	60 
663	92 
664	73 78 116 
665	32 58 138 
666	131 
667	142 
668	7 15 131 
669	85 
670	20 29 103 
671	22 
672	10 58 128 
673	94 
674	98 
675	85 
676	127 
677	33 
678	73 92 130 
679	1 75 133 
680	44 
681	111 
682	99 
683	1 
684	61 127 135 
685	105 116 137 
686	143 
687	64 92 109 
688	56 
689	135 
690	79 
691	16 27 82 
692	118 
693	9 43 108 
694	8 117 136 
695	111 
696	32 47 138 
697	32 72 137 
698	52 117 125 
699	21 
700	4 36 77 
701	98 
702	46 
703	106 
704	134 
705	30 65 118 
706	134 
707	105 
708	27 
709	83 
710	6 18 83 
711	60 103 127 
712	51 99 140 
713	4 54 63 
714	8 
715	2 77 86 
716	49 
717	97 
718	83 
719	18 32 95 
720	7 
721	15 71 73 
722	43 113 130 
723	13 
724	117 
725	131 
726	25 
727	81 
728	124 
729	34 69 95 
730	42 
731	127 
732	111 
733	107 122 126 
734	107 
735	60 126 136 
736	67 121 137 
737	90 
738	22 
739	138 
740	21 
741	111 
742	66 96 131 
743	66 
744	25 
745	20 
746	11 46 83 
747	51 84 138 
748	59 
749	104 
750	114 
751	89 
752	71 
753	78 
754	77 
755	76 
756	22 37 135 
757	72 
758	12 50 84 
759	112 
760	17 49 92 
761	50 
762	85 
763	84 117 136 
764	2 37 123 
765	142 
766	94 
767	55 85 101 
768	100 
769	13 
770	71 
771	77 
772	72 
773	102 
774	34 73 133 
775	33 
776	17 
777	132 
778	57 
779	48 
780	67 
781	39 
782	49 73 131 
783	64 
784	4 76 121 
785	22 
786	14 
787	78 
788	105 135 142 
789	54 65 126 
790	31 
791	54 
792	30 133 137 
793	42 
794	64 98 100 
795	15 
796	140 
797	39 
798	53 63 68 
799	9 23 138 
800	106 
801	99 
802	5 
803	116 
804	11 107 127 
805	107 
806	144 
807	41 
808	134 
809	108 
810	24 
811	37 
812	49 83 142 
813	75 
814	68 108 109 
815	107 
816	128 
817	137 
818	16 114 137 
819	63 67 93 
820	15 119 139 
821	1 
822	93 
823	137 
824	17 65 100 
825	1 74 141 
826	63 78 86 
827	36 112 134 
828	122 
829	15 23 78 
830	93 
831	51 121 134 
832	59 
833	67 
834	3 
835	34 88 139 
836	42 137 144 
837	140 
838	10 
839	129 
840	76 
841	141 
842	83 
843	14 103 118 
844	29 
845	53 85 139 
846	53 78 131 
847	9 13 142 
848	53 
849	94 
850	53 59 127 
851	90 100 117 
852	70 
853	76 
854	78 
855	21 49 138 
856	73 
857	35 63 84 
858	114 
859	32 93 119 
860	17 
861	20 
862	102 
863	67 
864	124 
865	125 
866	37 118 124 
867	63 
868	44 95 114 
869	16 76 86 
870	2 
871	74 124 131 
872	71 
873	4 
874	73 
875	139 
876	82 
877	111 
878	109 
879	34 
880	20 75 127 
881	114 
882	2 70 109 
883	76 
884	27 
885	96 
886	36 
887	82 
888	78 106 144 
889	4 
890	132 
891	119 
892	78 
893	123 
894	1 93 106 
895	139 
896	93 100 129 
897	105 
898	15 
899	29 
900	141 
901	16 68 118 
902	59 
903	90 114 131 
904	88 
905	15 
906	44 
907	140 
908	18 
909	85 
910	37 
911	37 48 53 
912	39 
913	47 
914	67 93 109 
915	43 
916	110 
917	7 
918	92 
919	99 
920	29 75 87 
921	15 
922	107 
923	34 48 121 
924	62 
925	124 
926	119 
927	132 
928	94 
929	18 36 47 
930	8 9 73 
931	8 
932	21 
933	21 
934	25 
935	45 
936	120 
937	83 
938	38 42 126 
939	47 51 106 
940	21 
941	111 
942	49 99 124 
943	132 
944	106 
945	12 37 61 
946	80 
947	57 
948	39 51 62 
949	54 
950	47 
951	10 
952	75 
953	21 64 138 
954	129 
955	113 
956	53 
957	94 
958	141 
959	90 95 142 
960	13 
961	43 48 129 
962	34 95 121 
963	8 
964	62 80 129 
965	89 
966	55 
967	37 85 90 
968	11 
969	100 
970	74 76 144 
971	96 101 119 
972	51 104 113 
973	12 89 98 
974	83 118 129 
975	22 35 70 
976	143 
977	50 
978	127 
979	128 
980	34 
981	108 
982	120 
983	124 
984	97 
985	38 
986	106 
987	61 
988	120 124 134 
989	29 44 98 
990	127 
991	99 
992	1 43 143 
993	140 
994	20 
995	106 
996	25 27 37 
997	18 
998	7 
999	67 
1000	76 
1001	20 92 121 
1002	60 111 131 
1003	100 127 142 
1004	13 15 109 
1005	73 
1006	7 38 90 
1007	60 
1008	56 
1009	37 56 122 
1010	38 52 136 
1011	121 
1012	56 64 112 
1013	84 
1014	123 
1015	25 
1016	3 66 109 
1017	129 
1018	91 
1019	10 13 137 
1020	16 
1021	88 
1022	86 
1023	99 
1024	143 
1025	85 
1026	85 
1027	8 
1028	12 99 137 
1029	133 
1030	100 
1031	119 
1032	107 
1033	8 
1034	7 30 128 
1035	19 
1036	11 106 129 
1037	30 63 121 
1038	15 29 106 
1039	29 
1040	106 
1041	16 
1042	9 31 77 
1043	106 
1044	56 108 135 
1045	21 
1046	138 
1047	95 106 121 
1048	44 79 91 
1049	46 
1050	49 84 112 
1051	46 
1052	20 
1053	133 
1054	66 88 109 
1055	21 43 134 
1056	65 
1057	25 108 127 
1058	93 
1059	124 
1060	56 122 142 
1061	11 81 115 
1062	15 
1063	62 
1064	86 
1065	115 
1066	141 
1067	2 84 100 
1068	3 
1069	19 36 61 
1070	32 
1071	58 83 91 
1072	81 
1073	85 91 92 
1074	16 
1075	9 132 138 
1076	34 
1077	76 
1078	20 
1079	84 127 142 
1080	34 
1081	119 
1082	73 
1083	62 
1084	60 123 132 
1085	54 
1086	133 
1087	71 
1088	111 
1089	35 
1090	25 
1091	88 
1092	34 
1093	22 
1094	22 
1095	75 
1096	59 
1097	43 
1098	122 
1099	38 
1100	114 
1101	128 
1102	32 
1103	21 71 120 
1104	30 
1105	142 
1106	22 50 109 
1107	62 
1108	38 
1109	62 
1110	123 
1111	37 48 69 
1112	85 
1113	92 
1114	124 
1115	70 
1116	94 
1117	113 
1118	56 64 97 
1119	78 
1120	56 
1121	2 34 67 
1122	103 
1123	72 103 126 
1124	66 
1125	115 
1126	26 
1127	27 
1128	58 
1129	106 118 137 
1130	107 113 126 
1131	22 100 124 
1132	21 
1133	6 58 77 
1134	60 
1135	52 109 123 
1136	32 
1137	2 
1138	106 
1139	32 
1140	121 
1141	13 67 90 
1142	83 90 99 
1143	99 102 118 
1144	88 
1145	69 82 129 
1146	59 
1147	95 
1148	136 
1149	109 
1150	56 
1151	73 
1152	2 55 111 
1153	15 75 79 
1154	123 
1155	1 
1156	121 
1157	22 
1158	4 
1159	32 48 71 
1160	9 119 134 
1161	83 
1162	93 108 126 
1163	61 
1164	108 
1165	85 
1166	129 
1167	25 91 139 
1168	142 
1169	65 
1170	21 
1171	27 95 140 
1172	15 
1173	21 88 119 
1174	115 
1175	32 53 54 
1176	100 
1177	22 
1178	4 18 117 
1179	62 75 115 
1180	77 102 127 
1181	117 
1182	108 
1183	101 
1184	73 
1185	39 67 94 
1186	34 75 98 
1187	22 
1188	8 
1189	57 
1190	4 
1191	93 
1192	1 
1193	75 
1194	15 26 109 
1195	5 41 44 
1196	29 
1197	4 24 142 
1198	37 
1199	105 
1200	77 
1201	11 22 88 
1202	4 67 141 
1203	120 
1204	83 
1205	11 39 134 
1206	77 
1207	106 
1208	35 
1209	50 
1210	137 
1211	4 77 82 
1212	122 
1213	3 32 70 
1214	21 
1215	132 
1216	47 
1217	20 87 143 
1218	4 49 131 
1219	32 92 100 
1220	95 
1221	99 
1222	103 
1223	25 33 74 
1224	23 
1225	8 
1226	122 
1227	12 
1228	32 
1229	109 
1230	60 
1231	21 22 85 
1232	86 
1233	61 
1234	53 
1235	111 
1236	7 
1237	46 
1238	34 
1239	137 
1240	111 
1241	21 
1242	1 30 127 
1243	114 
1244	53 
1245	106 
1246	129 
1247	122 
1248	127 
1249	111 
1250	74 
1251	67 
1252	139 
1253	10 
1254	66 
1255	25 51 129 
1256	43 64 138 
1257	64 73 107 
1258	54 67 132 
1259	45 
1260	87 
1261	133 
1262	23 49 90 
1263	78 123 137 
1264	137 
1265	25 
1266	62 84 140 
1267	84 
1268	30 
1269	27 106 137 
1270	87 
1271	41 
1272	22 
1273	33 39 40 
1274	16 
1275	19 32 81 
1276	3 
1277	134 
1278	109 
1279	88 
1280	83 115 127 
1281	109 112 121 
1282	5 9 78 
1283	50 
1284	23 70 92 
1285	30 
1286	36 124 137 
1287	4 59 140 
1288	80 
1289	92 
1290	142 
1291	137 
1292	118 
1293	96 111 135 
1294	2 50 53 
1295	77 
1296	30 
1297	13 
1298	21 124 137 
1299	117 
1300	1 103 127 
1301	111 
1302	100 
1303	32 52 96 
1304	5 53 118 
1305	69 
1306	43 106 127 
1307	8 
1308	90 
1309	95 
1310	37 49 124 
1311	57 
1312	84 
1313	61 81 90 
1314	15 119 129 
1315	143 
1316	122 
1317	134 
1318	78 
1319	34 
1320	109 
1321	120 
1322	102 
1323	52 
1324	21 
1325	18 
1326	99 
1327	139 
1328	128 
1329	91 
1330	36 
1331	118 
1332	100 
1333	50 77 85 
1334	142 
1335	136 
1336	118 
1337	28 
1338	3 
1339	5 18 84 
1340	54 57 88 
1341	133 
1342	38 
1343	50 
1344	53 79 137 
1345	138 
1346	20 
1347	27 
1348	44 53 62 
1349	21 45 133 
1350	12 
1351	110 
1352	121 
1353	140 
1354	127 
1355	30 
1356	107 
1357	106 
1358	92 
1359	99 
1360	52 77 106 
1361	125 
1362	52 
1363	3 
1364	64 
1365	130 
1366	98 
1367	25 
1368	114 
1369	1 4 22 
1370	8 42 95 
1371	99 
1372	136 
1373	104 
1374	10 
1375	84 90 122 
1376	75 
1377	125 
1378	35 
1379	126 
1380	13 
1381	25 82 121 
1382	62 78 134 
1383	105 
1384	139 
1385	82 
1386	67 
1387	131 
1388	109 
1389	1 
1390	107 
1391	4 
1392	50 
1393	121 
1394	127 
1395	84 100 116 
1396	73 
1397	31 39 73 
1398	15 
1399	12 
1400	25 
1401	10 
1402	64 
1403	125 
1404	15 82 140 
1405	45 
1406	12 63 66 
1407	18 
1408	64 
1409	46 111 113 
1410	77 90 99 
1411	97 106 137 
1412	142 
1413	103 122 129 
1414	89 109 137 
1415	13 32 109 
1416	123 129 142 
1417	50 
1418	75 
1419	107 
1420	62 67 90 
1421	92 
1422	121 
1423	144 
1424	67 
1425	119 
1426	139 
1427	36 
1428	133 
1429	141 
1430	106 107 140 
1431	84 96 129 
1432	15 80 128 
1433	138 
1434	21 
1435	38 137 140 
1436	94 
1437	70 
1438	3 
1439	90 
1440	7 29 67 
1441	61 80 130 
1442	102 
1443	30 
1444	131 
1445	117 
1446	77 
1447	85 
1448	72 
1449	51 
1450	76 90 99 
1451	118 
1452	7 29 102 
1453	1 
1454	57 
1455	71 
1456	34 79 107 
1457	132 
1458	92 
1459	16 20 99 
1460	1 10 141 
1461	82 100 138 
1462	78 86 123 
1463	127 
1464	68 74 88 
1465	6 
1466	10 
1467	11 55 77 
1468	3 47 144 
1469	65 102 143 
1470	115 
1471	76 111 124 
1472	22 90 132 
1473	67 
1474	61 
1475	51 102 142 
1476	8 
1477	13 20 104 
1478	28 
1479	8 
1480	25 92 106 
1481	131 
1482	49 
1483	135 
1484	86 93 121 
1485	84 
1486	32 
1487	22 
1488	43 
1489	88 
1490	1 51 78 
1491	8 63 70 
1492	2 50 74 
1493	57 112 130 
1494	1 7 52 
1495	40 
1496	46 
1497	110 
1498	15 111 127 
1499	84 
1500	32 62 93 
1501	73 
1502	25 71 140 
1503	84 
1504	107 
1505	23 115 132 
1506	131 
1507	66 
1508	16 109 124 
1509	45 90 129 
1510	118 
1511	128 
1512	59 
1513	74 
1514	65 
1515	144 
1516	9 77 138 
1517	14 100 134 
1518	135 
1519	89 
1520	126 
1521	82 
1522	29 
1523	98 
1524	12 32 142 
1525	31 
1526	125 
1527	64 
1528	2 46 113 
1529	1 
1530	63 81 121 
1531	127 
1532	25 81 87 
1533	30 
1534	51 
1535	129 
1536	18 
1537	49 
1538	3 
1539	77 84 130 
1540	139 
1541	62 
1542	139 
1543	83 
1544	84 
1545	71 
1546	100 
1547	99 
1548	51 
1549	76 
1550	63 
1551	108 
1552	77 85 118 
1553	80 
1554	32 63 132 
1555	92 
1556	59 83 119 
1557	124 
1558	30 
1559	77 
1560	22 
1561	10 
1562	124 
1563	127 
1564	73 
1565	102 
1566	107 
1567	7 89 111 
1568	39 
1569	33 49 54 
1570	69 109 124 
1571	44 
1572	61 119 140 
1573	22 34 41 
1574	76 
1575	4 34 138 
1576	21 
1577	5 22 126 
1578	21 
1579	43 
1580	7 42 78 
1581	53 68 111 
1582	18 
1583	61 
1584	11 95 142 
1585	25 51 126 
1586	121 
1587	15 
1588	42 
1589	60 66 73 
1590	9 39 127 
1591	90 
1592	4 
1593	41 
1594	37 
1595	88 
1596	13 25 134 
1597	10 129 132 
1598	11 
1599	108 
1600	8 
1601	51 109 127 
1602	21 74 137 
1603	52 121 132 
1604	140 
1605	16 95 119 
1606	100 
1607	33 
1608	51 
1609	49 
1610	17 
1611	62 
1612	90 
1613	108 
1614	10 
1615	4 
1616	99 
1617	111 119 139 
1618	91 
1619	25 
1620	139 
1621	80 
1622	29 
1623	84 135 137 
1624	138 
1625	76 
1626	91 
1627	112 
1628	134 
1629	18 
1630	32 
1631	143 
1632	4 73 119 
1633	77 
1634	76 123 127 
1635	71 
1636	109 
1637	92 
1638	27 28 119 
1639	124 
1640	32 86 103 
1641	33 36 114 
1642	21 94 133 
1643	84 110 126 
1644	75 
1645	128 
1646	67 87 107 
1647	92 
1648	82 
1649	60 
1650	28 
1651	22 97 131 
1652	37 50 86 
1653	1 57 134 
1654	1 100 134 
1655	5 70 77 
1656	32 
1657	99 
1658	1 96 113 
1659	103 
1660	100 
1661	79 121 140 
1662	95 
1663	47 
1664	121 
1665	16 
1666	53 88 138 
1667	15 29 88 
1668	33 
1669	86 
1670	82 
1671	90 
1672	19 
1673	1 
1674	10 
1675	13 
1676	77 
1677	64 75 129 
1678	96 
1679	50 88 111 
1680	28 78 100 
1681	96 
1682	126 
1683	87 
1684	14 
1685	31 
1686	17 106 137 
1687	9 21 89 
1688	109 
1689	90 
1690	47 
1691	1 
1692	39 
1693	138 
1694	41 77 111 
1695	48 
1696	109 
1697	11 119 124 
1698	78 
1699	4 42 85 
1700	67 
1701	26 68 132 
1702	22 113 122 
1703	92 
1704	71 107 108 
1705	56 
1706	141 
1707	85 
1708	48 
1709	39 53 60 
1710	84 
1711	5 21 119 
1712	71 
1713	38 121 140 
1714	9 
1715	32 
1716	63 
1717	126 
1718	114 
1719	3 11 107 
1720	32 
1721	31 100 115 
1722	64 
1723	124 
1724	114 
1725	123 
1726	68 
1727	126 
1728	15 63 73 
1729	77 
1730	83 
1731	67 
1732	2 
1733	80 
1734	118 
1735	17 
1736	76 114 128 
1737	33 
1738	123 
1739	78 
1740	15 34 80 
1741	76 
1742	59 
1743	116 
1744	78 
1745	86 
1746	76 
1747	77 
1748	96 
1749	133 
1750	78 
1751	67 
1752	87 
1753	107 
1754	32 
1755	78 
1756	1 92 129 
1757	77 
1758	87 
1759	118 
1760	61 
1761	31 67 97 
1762	8 
1763	36 
1764	62 94 106 
1765	22 51 66 
1766	69 
1767	34 
1768	22 
1769	109 
1770	79 
1771	17 34 56 
1772	142 
1773	74 
1774	4 71 136 
1775	38 
1776	62 67 139 
1777	115 
1778	142 
1779	25 62 77 
1780	62 92 107 
1781	45 
1782	134 
1783	89 
1784	121 
1785	129 
1786	124 
1787	64 
1788	69 
1789	26 
1790	132 
1791	96 126 137 
1792	40 73 124 
1793	64 
1794	124 
1795	1 
1796	136 
1797	77 
1798	16 56 115 
1799	23 55 91 
1800	47 
1801	94 
1802	27 
1803	132 
1804	93 
1805	109 
1806	13 
1807	9 
1808	102 
1809	128 
1810	122 
1811	3 127 135 
1812	1 31 95 
1813	103 
1814	25 53 125 
1815	84 134 141 
1816	60 
1817	29 
1818	73 106 138 
1819	87 
1820	62 106 134 
1821	60 65 96 
1822	100 
1823	15 88 107 
1824	1 94 101 
1825	78 
1826	88 
1827	21 90 106 
1828	95 
1829	129 
1830	142 
1831	7 28 83 
1832	93 
1833	36 
1834	35 96 119 
1835	114 
1836	92 116 131 
1837	82 
1838	15 47 48 
1839	10 30 51 
1840	69 
1841	58 
1842	54 
1843	54 107 137 
1844	71 
1845	124 
1846	77 93 96 
1847	77 
1848	62 104 116 
1849	88 
1850	65 
1851	109 
1852	47 71 119 
1853	114 
1854	25 
1855	129 
1856	17 105 124 
1857	6 74 137 
1858	80 
1859	79 
1860	5 62 97 
1861	69 
1862	63 
1863	54 93 131 
1864	69 
1865	12 66 133 
1866	119 
1867	7 17 59 
1868	19 
1869	88 
1870	111 
1871	52 86 124 
1872	52 85 106 
1873	21 23 84 
1874	111 
1875	109 
1876	15 
1877	3 75 103 
1878	26 
1879	137 
1880	24 
1881	62 
1882	136 
1883	10 71 143 
1884	1 
1885	11 
1886	10 
1887	51 
1888	69 
1889	64 94 137 
1890	133 
1891	22 47 112 
1892	132 
1893	4 
1894	45 71 103 
1895	71 
1896	10 
1897	24 
1898	21 28 107 
1899	122 
1900	93 
1901	8 80 92 
1902	22 87 109 
1903	29 
1904	9 11 132 
1905	28 
1906	32 35 88 
1907	138 
1908	44 
1909	15 78 109 
1910	7 
1911	103 
1912	54 
1913	74 
1914	85 
1915	78 
1916	37 120 129 
1917	20 21 138 
1918	8 
1919	48 57 94 
1920	40 
1921	51 57 89 
1922	123 
1923	71 84 144 
1924	140 
1925	20 25 94 
1926	107 
1927	111 
1928	107 
1929	85 
1930	25 90 106 
1931	62 71 93 
1932	56 72 79 
1933	11 
1934	22 
1935	126 
1936	81 
1937	67 
1938	18 25 109 
1939	25 120 141 
1940	4 37 60 
1941	29 79 121 
1942	75 
1943	33 
1944	25 37 68 
1945	27 
1946	122 
1947	34 57 67 
1948	46 
1949	75 
1950	17 
1951	136 
1952	63 
1953	20 41 125 
1954	47 
1955	25 
1956	137 
1957	72 124 133 
1958	1 49 92 
1959	84 103 138 
1960	35 
1961	7 120 126 
1962	59 73 80 
1963	66 
1964	63 
1965	46 
1966	23 
1967	22 
1968	72 
1969	66 
1970	130 
1971	134 
1972	4 5 121 
1973	136 
1974	10 
1975	130 
1976	109 
1977	94 
1978	49 
1979	137 
1980	49 
1981	62 
1982	99 
1983	16 
1984	49 
1985	33 121 140 
1986	105 
1987	140 
1988	77 111 143 
1989	71 
1990	99 
1991	29 115 125 
1992	119 
1993	26 
1994	20 
1995	88 107 142 
1996	92 
1997	31 
1998	27 50 59 
1999	17 
2000	90 
2001	94 97 126 
2002	109 
2003	52 
2004	37 49 94 
2005	11 51 121 
2006	8 
2007	15 
2008	8 
2009	25 
2010	65 
2011	118 
2012	37 
2013	108 110 129 
2014	106 
2015	1 134 142 
2016	20 
2017	1 35 90 
2018	37 
2019	78 
2020	62 
2021	46 
2022	26 
2023	137 
2024	104 
2025	18 
2026	37 
2027	34 
2028	106 111 118 
2029	18 61 79 
2030	64 
2031	68 
2032	66 
2033	34 61 127 
2034	92 
2035	128 
2036	88 125 128 
2037	21 79 111 
2038	111 
2039	94 
2040	23 
2041	28 94 135 
2042	32 86 132 
2043	19 41 77 
2044	6 116 137 
2045	86 
2046	32 127 136 
2047	35 
2048	13 119 143 
2049	76 
2050	132 
2051	99 
2052	21 30 70 
2053	54 
2054	1 43 57 
2055	133 
2056	90 
2057	34 
2058	59 
2059	88 
2060	61 
2061	22 
2062	90 130 140 
2063	4 
2064	110 
2065	100 
2066	7 133 139 
2067	8 
2068	26 70 110 
2069	94 
2070	121 
2071	85 
2072	31 
2073	84 
2074	38 
2075	142 
2076	81 
2077	20 85 143 
2078	53 77 141 
2079	117 
2080	24 
2081	94 
2082	100 125 129 
2083	124 
2084	27 93 115 
2085	111 
2086	11 
2087	48 
2088	43 
2089	27 
2090	124 
2091	117 
2092	115 
2093	77 
2094	62 
2095	144 
2096	69 74 87 
2097	87 
2098	118 
2099	100 
2100	59 131 138 
2101	3 19 131 
2102	89 
2103	99 
2104	12 88 111 
2105	16 
2106	88 
2107	48 
2108	52 
2109	4 
2110	64 
2111	7 
2112	10 54 137 
2113	55 
2114	15 
2115	20 103 132 
2116	28 61 85 
2117	92 
2118	13 70 98 
2119	99 109 128 
2120	45 
2121	21 
2122	73 
2123	114 
2124	12 53 66 
2125	100 111 118 
2126	7 90 98 
2127	63 
2128	15 
2129	10 
2130	17 77 125 
2131	64 
2132	11 31 84 
2133	92 
2134	62 
2135	108 
2136	41 84 134 
2137	64 107 134 
2138	27 88 122 
2139	11 52 63 
2140	76 
2141	17 
2142	35 84 111 
2143	29 
2144	92 
2145	67 
2146	63 
2147	82 
2148	111 
2149	25 137 140 
2150	27 
2151	1 32 124 
2152	104 
2153	83 
2154	17 
2155	25 
2156	29 
2157	24 73 126 
2158	44 
2159	61 
2160	52 
2161	86 99 112 
2162	51 
2163	129 
2164	20 50 111 
2165	118 
2166	135 
2167	22 109 134 
2168	68 87 129 
2169	58 
2170	86 
2171	62 82 125 
2172	117 
2173	34 
2174	108 
2175	123 
2176	4 51 75 
2177	127 
2178	3 55 115 
2179	62 71 138 
2180	92 
2181	19 33 105 
2182	132 
2183	76 
2184	54 
2185	50 75 94 
2186	62 
2187	95 109 115 
2188	2 
2189	134 
2190	69 
2191	88 
2192	97 
2193	105 
2194	57 86 107 
2195	8 68 132 
2196	99 
2197	108 
2198	85 
2199	46 
2200	11 
2201	54 65 108 
2202	15 43 52 
2203	64 
2204	104 
2205	13 
2206	80 
2207	65 
2208	68 
2209	77 123 140 
2210	74 
2211	44 
2212	17 
2213	44 
2214	40 
2215	5 99 111 
2216	101 
2217	18 128 135 
2218	85 
2219	10 90 99 
2220	79 
2221	50 67 89 
2222	22 78 126 
2223	111 
2224	136 
2225	100 
2226	2 
2227	83 123 127 
2228	142 
2229	23 
2230	25 
2231	103 
2232	11 52 124 
2233	24 
2234	44 
2235	63 80 119 
2236	41 
2237	53 130 144 
2238	59 
2239	126 
2240	32 46 112 
2241	18 31 142 
2242	11 56 115 
2243	132 
2244	23 40 71 
2245	51 99 137 
2246	22 57 118 
2247	73 85 111 
2248	20 76 106 
2249	7 
2250	16 25 61 
2251	94 
2252	60 79 141 
2253	37 
2254	50 
2255	129 
2256	99 
2257	61 92 140 
2258	121 
2259	93 
2260	7 73 132 
2261	45 
2262	25 127 134 
2263	48 
2264	17 
2265	137 
2266	64 
2267	107 
2268	111 
2269	39 
2270	75 
2271	16 25 94 
2272	11 51 88 
2273	33 34 107 
2274	67 
2275	91 
2276	19 
2277	34 121 131 
2278	142 
2279	59 
2280	87 
2281	52 
2282	2 7 8 
2283	69 74 136 
2284	58 107 127 
2285	121 
2286	143 
2287	38 48 133 
2288	84 
2289	112 
2290	138 
2291	118 
2292	20 51 54 
2293	121 
2294	74 
2295	11 34 98 
2296	70 
2297	49 109 111 
2298	15 
2299	104 
2300	51 106 115 
2301	98 
2302	13 
2303	11 25 49 
2304	26 
2305	137 
2306	115 
2307	22 
2308	67 
2309	47 
2310	7 26 115 
2311	99 
2312	43 
2313	18 
2314	127 
2315	62 
2316	143 
2317	103 
2318	140 
2319	94 
2320	66 78 103 
2321	124 
2322	83 125 144 
2323	92 
2324	70 85 90 
2325	15 
2326	20 127 140 
2327	130 
2328	119 
2329	129 
2330	30 
2331	64 
2332	87 90 129 
2333	50 52 102 
2334	57 
2335	59 
2336	2 47 128 
2337	83 142 144 
2338	138 
2339	7 28 52 
2340	119 
2341	38 62 92 
2342	90 
2343	5 
2344	49 
2345	118 
2346	19 
2347	90 
2348	19 111 119 
2349	99 
2350	21 83 132 
2351	126 
2352	73 85 142 
2353	53 
2354	25 
2355	59 
2356	29 
2357	25 66 74 
2358	111 
2359	140 
2360	7 
2361	82 
2362	2 23 143 
2363	58 
2364	75 
2365	89 
2366	53 
2367	96 124 132 
2368	93 
2369	53 
2370	99 
2371	107 
2372	88 
2373	52 54 99 
2374	22 
2375	25 34 132 
2376	21 
2377	14 75 88 
2378	13 15 68 
2379	64 77 94 
2380	32 51 76 
2381	103 118 126 
2382	65 
2383	60 81 88 
2384	36 94 119 
2385	92 
2386	54 92 115 
2387	78 
2388	39 
2389	143 
2390	141 
2391	21 24 121 
2392	61 64 121 
2393	133 
2394	70 
2395	11 
2396	20 21 88 
2397	6 51 83 
2398	70 
2399	46 
2400	102 
2401	37 60 135 
2402	48 
2403	123 
2404	79 90 106 
2405	44 
2406	78 90 125 
2407	83 
2408	8 
2409	75 
2410	13 
2411	119 
2412	49 
2413	142 
2414	130 
2415	38 
2416	49 
2417	13 54 100 
2418	77 
2419	103 
2420	63 
2421	29 
2422	123 
2423	106 
2424	84 88 96 
2425	54 
2426	58 126 127 
2427	95 
2428	10 20 124 
2429	56 
2430	88 99 121 
2431	71 
2432	46 81 97 
2433	125 
2434	83 
2435	94 
2436	86 
2437	47 
2438	20 46 127 
2439	67 
2440	96 
2441	63 
2442	13 
2443	76 
2444	118 
2445	142 
2446	57 78 126 
2447	134 
2448	107 
2449	3 
2450	15 119 138 
2451	46 123 124 
2452	8 11 35 
2453	119 
2454	79 
2455	93 
2456	84 116 136 
2457	92 
2458	1 
2459	15 44 91 
2460	1 99 113 
2461	88 
2462	15 
2463	62 
2464	81 
2465	9 97 106 
2466	19 77 119 
2467	63 
2468	84 87 106 
2469	17 25 92 
2470	1 
2471	85 
2472	128 
2473	85 
2474	13 67 81 
2475	78 106 128 
2476	113 
2477	64 81 121 
2478	42 54 130 
2479	50 73 111 
2480	22 
2481	7 29 80 
2482	60 
2483	140 
2484	16 
2485	108 
2486	95 
2487	22 79 118 
2488	134 
2489	138 
2490	2 
2491	15 92 109 
2492	36 
2493	4 92 123 
2494	76 
2495	71 
2496	95 
2497	51 
2498	109 
2499	57 60 122 
2500	81 90 93 
2501	18 
2502	62 
2503	4 
2504	17 
2505	18 
2506	32 
2507	112 
2508	95 
2509	92 
2510	60 116 127 
2511	41 
2512	47 67 139 
2513	1 127 129 
2514	17 56 87 
2515	59 
2516	23 32 93 
2517	50 
2518	41 100 103 
2519	15 64 119 
2520	35 
2521	29 
2522	47 
2523	101 
2524	1 
2525	59 125 135 
2526	124 
2527	13 48 144 
2528	2 
2529	101 
2530	137 
2531	72 
2532	83 115 121 
2533	110 
2534	90 
2535	57 
2536	98 
2537	46 
2538	34 111 126 
2539	41 
2540	76 
2541	64 
2542	7 
2543	100 
2544	54 78 138 
2545	112 
2546	129 
2547	20 
2548	16 43 54 
2549	45 
2550	57 
2551	25 32 75 
2552	88 
2553	128 
2554	107 
2555	18 115 139 
2556	15 
2557	2 
2558	50 
2559	34 
2560	46 61 126 
2561	59 
2562	75 
2563	125 
2564	51 
2565	66 
2566	118 
2567	2 
2568	27 36 71 
2569	32 
2570	70 
2571	8 84 132 
2572	117 
2573	4 
2574	22 
2575	97 100 102 
2576	94 
2577	106 
2578	75 
2579	49 59 143 
2580	34 71 124 
2581	6 122 126 
2582	53 
2583	18 50 88 
2584	75 
2585	83 113 137 
2586	54 
2587	80 
2588	11 16 111 
2589	31 66 78 
2590	59 
2591	92 
2592	108 
2593	121 
2594	86 
2595	89 
2596	95 137 140 
2597	129 
2598	51 63 76 
2599	71 78 105 
2600	124 
2601	128 141 142 
2602	5 65 138 
2603	73 
2604	68 
2605	78 112 142 
2606	103 
2607	31 72 96 
2608	32 113 138 
2609	22 51 92 
2610	137 
2611	17 85 90 
2612	1 
2613	30 125 143 
2614	89 
2615	52 
2616	44 85 142 
2617	34 83 94 
2618	75 
2619	23 61 68 
2620	123 
2621	51 59 133 
2622	121 
2623	107 
2624	32 
2625	88 
2626	83 
2627	16 64 82 
2628	6 
2629	27 
2630	94 
2631	68 
2632	38 
2633	138 
2634	2 94 96 
2635	50 
2636	140 
2637	76 
2638	63 
2639	118 
2640	9 13 44 
2641	39 
2642	61 
2643	82 
2644	53 
2645	11 
2646	33 82 119 
2647	53 
2648	134 
2649	116 
2650	11 47 111 
2651	20 
2652	133 
2653	20 29 142 
2654	43 
2655	126 
2656	29 
2657	37 
2658	8 58 138 
2659	8 67 77 
2660	16 64 111 
2661	48 59 144 
2662	129 
2663	92 
2664	80 
2665	125 
2666	40 
2667	7 20 78 
2668	126 
2669	54 72 136 
2670	103 119 140 
2671	51 53 112 
2672	142 
2673	121 
2674	11 75 130 
2675	103 
2676	124 
2677	61 
2678	7 67 107 
2679	121 
2680	130 
2681	90 126 144 
2682	30 72 127 
2683	77 
2684	62 
2685	11 105 116 
2686	125 
2687	56 
2688	108 
2689	93 
2690	57 
2691	40 
2692	129 
2693	4 
2694	19 108 142 
2695	11 
2696	52 70 107 
2697	45 
2698	86 
2699	28 
2700	78 
2701	7 19 104 
2702	22 63 94 
2703	136 
2704	138 
2705	52 
2706	140 
2707	128 
2708	55 
2709	119 
2710	85 
2711	129 
2712	3 18 111 
2713	63 
2714	134 
2715	97 
2716	32 83 122 
2717	85 
2718	84 
2719	16 
2720	34 57 83 
2721	49 
2722	105 
2723	41 106 114 
2724	113 
2725	89 
2726	42 
2727	71 
2728	100 
2729	33 
2730	21 
2731	96 
2732	64 
2733	32 37 49 
2734	53 118 140 
2735	81 
2736	49 
2737	40 
2738	11 86 88 
2739	46 80 93 
2740	88 94 99 
2741	65 85 86 
2742	28 
2743	12 
2744	40 
2745	74 102 131 
2746	2 6 32 
2747	29 50 99 
2748	4 139 142 
2749	92 
2750	119 
2751	135 
2752	83 
2753	5 8 118 
2754	143 
2755	8 74 112 
2756	108 
2757	19 
2758	15 
2759	144 
2760	8 
2761	8 
2762	78 94 144 
2763	3 
2764	90 
2765	130 
2766	130 
2767	48 
2768	17 
2769	21 
2770	10 
2771	1 
2772	73 
2773	93 119 126 
2774	73 
2775	139 
2776	127 
2777	23 
2778	86 
2779	129 
2780	19 53 64 
2781	107 
2782	47 
2783	21 37 138 
2784	77 
2785	89 
2786	71 
2787	61 
2788	84 86 141 
2789	90 
2790	139 
2791	62 
2792	126 
2793	62 84 109 
2794	50 
2795	36 
2796	93 102 140 
2797	77 
2798	15 
2799	132 
2800	70 
2801	26 
2802	49 67 140 
2803	19 
2804	73 87 106 
2805	121 
2806	101 
2807	78 
2808	23 
2809	32 
2810	29 
2811	13 
2812	10 
2813	42 
2814	104 
2815	84 
2816	139 
2817	11 92 119 
2818	144 
2819	11 32 106 
2820	90 
2821	80 
2822	22 
2823	12 78 88 
2824	107 
2825	15 
2826	62 128 131 
2827	13 65 89 
2828	15 
2829	56 67 83 
2830	60 
2831	52 67 77 
2832	54 
2833	71 83 112 
2834	51 61 78 
2835	141 
2836	14 85 133 
2837	51 71 121 
2838	132 
2839	40 89 100 
2840	70 127 140 
2841	9 
2842	48 
2843	53 
2844	120 
2845	30 
2846	29 
2847	32 
2848	25 56 64 
2849	67 
2850	13 66 83 
2851	137 
2852	36 85 115 
2853	59 
2854	42 
2855	20 
2856	81 
2857	52 
2858	7 
2859	20 
2860	109 
2861	99 
2862	61 
2863	119 
2864	72 
2865	33 84 119 
2866	144 
2867	8 
2868	32 
2869	10 44 74 
2870	7 58 133 
2871	34 
2872	142 
2873	37 
2874	77 82 98 
2875	83 
2876	64 85 121 
2877	32 
2878	77 96 111 
2879	49 76 132 
2880	33 63 88 
2881	85 119 133 
2882	17 73 102 
2883	140 
2884	95 
2885	114 
2886	25 83 92 
2887	133 
2888	27 
2889	42 
2890	86 
2891	23 
2892	143 
2893	59 
2894	14 
2895	93 
2896	21 
2897	63 87 93 
2898	21 
2899	51 
2900	42 
2901	94 
2902	56 
2903	106 
2904	138 
2905	85 
2906	131 
2907	32 46 129 
2908	1 13 59 
2909	93 115 123 
2910	100 
2911	2 
2912	62 
2913	49 126 141 
2914	100 106 117 
2915	143 
2916	53 59 67 
2917	51 
2918	13 85 140 
2919	25 
2920	118 
2921	34 
2922	63 
2923	34 
2924	131 
2925	14 50 88 
2926	107 
2927	9 77 140 
2928	13 
2929	2 
2930	18 
2931	37 
2932	48 
2933	12 
2934	76 
2935	108 110 118 
2936	76 
2937	71 
2938	142 
2939	137 
2940	75 
2941	37 
2942	85 109 113 
2943	7 
2944	56 
2945	67 
2946	90 
2947	111 
2948	121 
2949	42 
2950	90 
2951	42 67 123 
2952	18 27 72 
2953	20 77 99 
2954	50 
2955	119 
2956	2 
2957	125 
2958	64 
2959	56 76 142 
2960	124 
2961	85 
2962	24 109 126 
2963	3 62 109 
2964	112 
2965	51 
2966	75 
2967	82 
2968	26 
2969	77 
2970	86 
2971	84 
2972	142 
2973	11 
2974	99 
2975	140 
2976	144 
2977	95 
2978	129 
2979	64 
2980	36 116 137 
2981	18 
2982	22 
2983	38 
2984	83 111 119 
2985	4 
2986	22 
2987	17 
2988	6 
2989	42 64 67 
2990	16 85 126 
2991	44 
2992	133 
2993	47 71 107 
2994	106 
2995	67 
2996	46 
2997	106 
2998	83 
2999	22 
3000	49 54 71 
3001	18 
3002	72 
3003	121 
3004	46 
3005	72 
3006	135 
3007	3 
3008	18 
3009	128 
3010	5 
3011	41 57 111 
3012	21 37 67 
3013	64 84 94 
3014	58 
3015	141 
3016	126 
3017	20 
3018	21 76 78 
3019	73 
3020	83 
3021	138 
3022	53 74 88 
3023	43 53 123 
3024	102 
3025	116 
3026	127 
3027	71 
3028	42 
3029	49 
3030	90 
3031	61 83 124 
3032	19 58 134 
3033	44 
3034	140 
3035	106 116 141 
3036	111 
3037	51 118 128 
3038	139 
3039	42 56 92 
3040	136 
3041	2 18 144 
3042	71 
3043	83 
3044	8 64 88 
3045	25 
3046	113 
3047	4 
3048	22 
3049	114 
3050	35 
3051	18 
3052	143 
3053	94 
3054	59 90 118 
3055	28 
3056	29 93 118 
3057	4 71 99 
3058	129 
3059	121 
3060	51 
3061	14 94 135 
3062	41 
3063	13 
3064	8 
3065	37 39 86 
3066	72 
3067	117 
3068	109 124 127 
3069	52 
3070	9 121 140 
3071	132 
3072	85 
3073	120 
3074	128 
3075	3 8 67 
3076	8 52 87 
3077	67 
3078	80 
3079	99 
3080	59 
3081	137 
3082	27 
3083	89 
3084	68 
3085	22 
3086	2 72 121 
3087	27 
3088	111 
3089	34 94 121 
3090	95 
3091	36 
3092	3 78 83 
3093	111 
3094	117 
3095	21 
3096	10 49 106 
3097	25 
3098	140 
3099	61 105 113 
3100	4 118 124 
3101	64 109 127 
3102	34 
3103	118 
3104	7 52 105 
3105	75 
3106	113 
3107	78 
3108	126 
3109	13 
3110	5 
3111	1 
3112	10 
3113	99 
3114	34 56 66 
3115	1 22 120 
3116	53 
3117	86 
3118	71 104 124 
3119	63 
3120	18 
3121	134 
3122	143 
3123	63 
3124	59 125 137 
3125	23 
3126	16 
3127	127 
3128	117 
3129	131 
3130	71 90 106 
3131	90 
3132	21 74 109 
3133	83 
3134	25 53 132 
3135	121 
3136	144 
3137	13 66 95 
3138	14 
3139	15 127 134 
3140	40 
3141	84 92 100 
3142	135 
3143	82 
3144	57 75 79 
3145	119 
3146	75 
3147	99 
3148	89 
3149	1 
3150	109 
3151	4 67 99 
3152	111 
3153	17 
3154	141 
3155	18 
3156	25 
3157	59 
3158	143 
3159	51 
3160	29 57 126 
3161	2 80 124 
3162	69 
3163	82 101 103 
3164	28 103 133 
3165	133 
3166	30 
3167	7 50 63 
3168	139 
3169	28 50 64 
3170	69 
3171	12 
3172	114 
3173	111 
3174	22 34 37 
3175	18 
3176	95 
3177	64 111 119 
3178	85 
3179	8 51 62 
3180	13 
3181	9 
3182	40 
3183	32 
3184	93 
3185	57 
3186	21 25 119 
3187	1 28 87 
3188	3 73 78 
3189	92 
3190	10 
3191	15 
3192	121 
3193	76 
3194	107 
3195	124 
3196	37 
3197	13 16 140 
3198	86 
3199	82 
3200	136 
3201	18 
3202	113 
3203	85 86 117 
3204	53 
3205	31 47 106 
3206	7 
3207	98 
3208	136 
3209	117 
3210	15 
3211	99 
3212	84 
3213	109 
3214	31 
3215	64 
3216	59 
3217	1 
3218	29 116 132 
3219	29 95 107 
3220	63 
3221	44 
3222	140 
3223	25 
3224	110 
3225	39 
3226	99 
3227	111 
3228	21 45 137 
3229	26 
3230	56 
3231	107 
3232	29 52 56 
3233	49 51 67 
3234	15 80 84 
3235	43 46 119 
3236	117 
3237	13 
3238	28 
3239	40 
3240	82 
3241	33 
3242	12 85 142 
3243	58 
3244	138 
3245	137 
3246	115 
3247	62 
3248	109 
3249	83 111 128 
3250	18 
3251	78 84 90 
3252	46 93 126 
3253	109 
3254	29 94 96 
3255	22 96 119 
3256	25 
3257	105 109 141 
3258	5 
3259	4 10 61 
3260	143 
3261	56 
3262	58 
3263	1 
3264	51 
3265	129 
3266	23 
3267	87 
3268	80 
3269	14 73 138 
3270	74 
3271	106 
3272	98 
3273	127 
3274	60 
3275	25 53 81 
3276	24 46 137 
3277	26 
3278	100 
3279	64 
3280	96 
3281	100 
3282	71 93 142 
3283	71 
3284	84 
3285	2 41 118 
3286	114 
3287	34 81 94 
3288	49 
3289	124 
3290	22 73 82 
3291	17 78 80 
3292	88 
3293	127 
3294	107 
3295	129 
3296	44 
3297	10 22 129 
3298	46 
3299	62 
3300	45 131 144 
3301	22 52 83 
3302	51 
3303	137 
3304	15 55 90 
3305	11 59 133 
3306	139 
3307	47 
3308	76 
3309	13 
3310	68 
3311	53 
3312	25 
3313	21 
3314	116 
3315	67 
3316	3 65 137 
3317	121 
3318	40 
3319	107 
3320	54 
3321	72 
3322	60 
3323	38 67 68 
3324	26 
3325	98 
3326	14 
3327	22 53 71 
3328	4 
3329	6 
3330	67 109 129 
3331	94 
3332	20 36 88 
3333	96 
3334	14 
3335	25 59 99 
3336	43 83 104 
3337	103 134 140 
3338	13 60 138 
3339	20 
3340	1 92 97 
3341	77 
3342	21 
3343	134 
3344	12 
3345	78 
3346	141 
3347	110 
3348	22 51 104 
3349	76 
3350	92 125 131 
3351	9 92 133 
3352	15 137 143 
3353	25 
3354	19 50 137 
3355	109 
3356	97 
3357	27 
3358	74 
3359	20 
3360	13 
3361	54 86 128 
3362	34 
3363	86 
3364	126 
3365	15 71 96 
3366	15 63 83 
3367	22 102 143 
3368	137 
3369	34 
3370	74 
3371	93 102 133 
3372	84 139 142 
3373	128 
3374	84 92 137 
3375	140 
3376	129 
3377	134 
3378	40 76 90 
3379	135 
3380	59 
3381	118 
3382	134 
3383	55 78 87 
3384	11 13 118 
3385	52 62 103 
3386	21 
3387	18 
3388	11 
3389	21 
3390	60 
3391	121 
3392	63 
3393	30 77 116 
3394	100 118 138 
3395	111 
3396	88 
3397	30 133 140 
3398	37 
3399	34 
3400	64 102 137 
3401	44 
3402	111 
3403	56 
3404	106 
3405	1 117 127 
3406	51 
3407	118 
3408	124 
3409	138 
3410	80 
3411	12 
3412	7 
3413	57 
3414	106 
3415	103 
3416	1 23 130 
3417	29 84 137 
3418	26 
3419	44 
3420	14 
3421	111 
3422	137 
3423	70 75 121 
3424	109 
3425	55 
3426	10 136 144 
3427	98 
3428	92 
3429	48 
3430	93 
3431	6 
3432	30 128 133 
3433	52 
3434	110 
3435	70 
3436	52 
3437	23 59 120 
3438	15 
3439	8 129 141 
3440	36 64 106 
3441	76 
3442	56 
3443	54 
3444	64 
3445	21 
3446	75 
3447	89 
3448	127 
3449	13 20 81 
3450	68 
3451	144 
3452	77 
3453	121 
3454	56 
3455	142 
3456	9 
3457	138 
3458	109 
3459	22 44 115 
3460	34 
3461	78 
3462	39 100 121 
3463	77 
3464	17 
3465	118 126 127 
3466	57 
3467	78 
3468	74 92 132 
3469	30 80 142 
3470	12 
3471	137 
3472	62 
3473	16 30 92 
3474	44 
3475	25 99 124 
3476	12 25 88 
3477	18 
3478	10 
3479	107 
3480	46 
3481	32 
3482	48 115 120 
3483	141 
3484	48 
3485	10 
3486	67 
3487	22 95 137 
3488	89 
3489	54 92 102 
3490	89 
3491	81 
3492	32 116 142 
3493	41 
3494	87 
3495	15 
3496	1 112 119 
3497	88 94 114 
3498	21 60 94 
3499	84 93 126 
3500	128 
3501	7 18 75 
3502	108 
3503	8 
3504	127 
3505	3 26 68 
3506	68 
3507	142 
3508	79 
3509	37 
3510	106 
3511	86 
3512	13 
3513	15 
3514	21 29 83 
3515	5 37 80 
3516	115 128 129 
3517	144 
3518	87 
3519	89 
3520	103 111 137 
3521	107 
3522	64 
3523	18 47 67 
3524	71 
3525	47 
3526	94 
3527	59 
3528	6 
3529	2 42 92 
3530	48 71 84 
3531	8 71 93 
3532	64 
3533	76 
3534	129 
3535	4 8 106 
3536	111 121 142 
3537	124 
3538	98 126 143 
3539	1 
3540	111 
3541	17 70 72 
3542	66 75 134 
3543	11 37 85 
3544	38 112 126 
3545	108 
3546	1 
3547	25 
3548	99 139 141 
3549	7 
3550	85 
3551	84 
3552	121 
3553	13 
3554	77 90 130 
3555	81 
3556	83 
3557	73 
3558	25 
3559	92 
3560	68 
3561	20 99 126 
3562	24 104 118 
3563	88 
3564	22 
3565	11 
3566	126 
3567	61 
3568	90 
3569	1 49 103 
3570	25 51 144 
3571	127 
3572	63 
3573	54 89 132 
3574	17 38 135 
3575	53 
3576	78 
3577	7 
3578	116 
3579	133 
3580	131 
3581	48 94 118 
3582	86 
3583	126 
3584	64 
3585	64 
3586	54 
3587	97 
3588	61 
3589	13 
3590	113 
3591	91 
3592	125 
3593	22 69 108 
3594	68 
3595	34 95 119 
3596	127 
3597	77 
3598	124 
3599	63 
3600	92 94 140 
3601	63 
3602	127 
3603	25 
3604	11 
3605	112 
3606	52 
3607	74 
3608	117 
3609	24 
3610	30 33 98 
3611	3 
3612	121 
3613	30 
3614	53 
3615	20 
3616	100 
3617	18 
3618	138 
3619	23 68 115 
3620	18 
3621	76 108 136 
3622	136 
3623	13 55 73 
3624	78 
3625	83 
3626	107 
3627	53 
3628	70 
3629	24 
3630	96 
3631	73 90 93 
3632	127 
3633	100 
3634	103 
3635	47 
3636	21 
3637	80 
3638	29 
3639	102 
3640	52 
3641	79 
3642	37 89 109 
3643	144 
3644	7 18 138 
3645	85 
3646	90 
3647	12 44 106 
3648	98 
3649	51 110 137 
3650	126 
3651	44 
3652	55 
3653	118 
3654	108 
3655	11 48 133 
3656	84 
3657	48 80 133 
3658	101 
3659	4 142 143 
3660	123 
3661	45 60 107 
3662	131 
3663	95 
3664	28 122 130 
3665	142 
3666	15 24 49 
3667	51 113 119 
3668	62 73 121 
3669	7 
3670	74 
3671	111 
3672	75 
3673	59 
3674	80 
3675	111 
3676	5 
3677	121 128 133 
3678	28 69 121 
3679	85 110 112 
3680	31 
3681	12 120 133 
3682	20 
3683	100 
3684	116 
3685	132 
3686	39 
3687	1 
3688	61 
3689	137 
3690	95 
3691	4 7 129 
3692	7 
3693	64 
3694	53 73 124 
3695	10 
3696	20 
3697	140 
3698	57 
3699	32 
3700	54 
3701	30 37 66 
3702	88 
3703	79 
3704	77 
3705	31 116 127 
3706	126 
3707	23 48 91 
3708	93 
3709	108 
3710	43 47 69 
3711	13 
3712	126 
3713	63 
3714	21 62 127 
3715	79 
3716	141 
3717	100 104 141 
3718	70 
3719	77 
3720	15 
3721	140 
3722	39 
3723	32 
3724	8 
3725	107 
3726	31 
3727	67 
3728	45 53 126 
3729	21 
3730	99 
3731	85 
3732	134 
3733	90 
3734	51 
3735	55 106 126 
3736	102 
3737	96 
3738	34 
3739	24 
3740	43 
3741	49 
3742	75 
3743	84 
3744	51 62 123 
3745	20 
3746	60 100 111 
3747	39 
3748	29 
3749	17 48 73 
3750	29 
3751	53 
3752	12 
3753	80 
3754	21 32 54 
3755	74 
3756	80 
3757	25 
3758	115 
3759	6 44 106 
3760	118 129 135 
3761	5 
3762	59 118 138 
3763	69 
3764	61 94 97 
3765	72 
3766	20 
3767	108 
3768	72 124 137 
3769	51 82 142 
3770	142 
3771	133 
3772	121 
3773	4 46 62 
3774	41 58 106 
3775	92 99 128 
3776	121 
3777	81 
3778	60 88 107 
3779	19 
3780	88 127 129 
3781	60 
3782	142 
3783	51 
3784	86 
3785	88 
3786	118 
3787	116 
3788	17 42 68 
3789	32 46 96 
3790	32 
3791	47 75 144 
3792	47 
3793	90 
3794	117 
3795	104 124 143 
3796	44 
3797	51 
3798	142 
3799	129 
3800	1 29 74 
3801	1 
3802	129 
3803	15 50 113 
3804	107 109 118 
3805	25 
3806	108 
3807	62 
3808	119 
3809	116 
3810	25 
3811	115 
3812	85 
3813	56 103 133 
3814	30 
3815	24 
3816	30 
3817	89 
3818	131 
3819	93 
3820	131 
3821	117 
3822	78 
3823	93 
3824	34 
3825	76 
3826	11 
3827	13 22 64 
3828	39 81 109 
3829	120 
3830	39 
3831	54 
3832	21 
3833	111 
3834	19 
3835	92 101 106 
3836	144 
3837	28 
3838	124 
3839	106 
3840	32 51 118 
3841	90 
3842	135 
3843	93 118 144 
3844	83 
3845	25 51 92 
3846	51 
3847	78 
3848	12 17 111 
3849	20 64 137 
3850	96 
3851	111 
3852	62 
3853	128 
3854	13 
3855	32 
3856	53 
3857	87 111 133 
3858	32 107 111 
3859	88 109 132 
3860	113 
3861	26 85 109 
3862	104 115 142 
3863	22 88 106 
3864	74 76 140 
3865	109 
3866	133 
3867	137 
3868	44 60 143 
3869	79 
3870	112 
3871	20 
3872	80 
3873	77 91 110 
3874	6 
3875	101 
3876	1 
3877	90 
3878	127 
3879	84 96 108 
3880	85 
3881	48 125 143 
3882	52 93 126 
3883	21 34 97 
3884	140 
3885	124 
3886	79 
3887	94 
3888	21 26 137 
3889	42 56 114 
3890	123 
3891	6 
3892	21 
3893	71 
3894	14 126 129 
3895	44 
3896	24 55 122 
3897	44 
3898	62 80 121 
3899	62 132 134 
3900	49 
3901	125 
3902	34 
3903	71 
3904	57 
3905	4 19 51 
3906	93 
3907	56 
3908	120 
3909	13 25 62 
3910	32 
3911	44 
3912	107 
3913	109 
3914	74 
3915	96 
3916	21 
3917	52 
3918	137 
3919	44 
3920	22 63 131 
3921	88 90 119 
3922	115 
3923	62 92 109 
3924	142 
3925	124 
3926	99 
3927	126 
3928	59 
3929	47 
3930	83 132 142 
3931	25 
3932	144 
3933	8 74 140 
3934	16 
3935	143 
3936	109 
3937	83 
3938	79 
3939	116 
3940	77 96 103 
3941	27 52 130 
3942	123 
3943	58 
3944	118 
3945	63 71 143 
3946	113 
3947	7 
3948	116 
3949	56 
3950	22 49 82 
3951	55 
3952	143 
3953	16 105 113 
3954	47 
3955	12 73 76 
3956	113 
3957	99 111 121 
3958	10 
3959	90 
3960	62 
3961	42 
3962	121 
3963	92 
3964	137 
3965	137 
3966	17 
3967	75 
3968	45 
3969	98 
3970	69 
3971	116 
3972	80 
3973	110 
3974	112 
3975	8 84 142 
3976	112 
3977	115 
3978	75 
3979	28 
3980	34 
3981	34 
3982	85 
3983	23 
3984	11 74 129 
3985	118 
3986	143 
3987	29 58 118 
3988	144 
3989	36 
3990	143 
3991	112 
3992	144 
3993	37 78 92 
3994	69 
3995	44 
3996	126 
3997	54 57 64 
3998	8 
3999	4 
4000	22 124 139 
4001	81 
4002	124 
4003	132 
4004	133 
4005	47 50 94 
4006	37 
4007	118 
4008	138 
4009	140 
4010	138 
4011	44 114 132 
4012	36 
4013	7 37 61 
4014	2 37 84 
4015	1 
4016	58 
4017	64 70 106 
4018	12 
4019	62 
4020	41 111 121 
4021	38 
4022	42 78 90 
4023	18 110 124 
4024	10 115 131 
4025	67 
4026	116 
4027	143 
4028	63 111 140 
4029	3 73 76 
4030	15 
4031	142 
4032	107 
4033	4 14 99 
4034	4 29 129 
4035	133 
4036	92 
4037	110 117 119 
4038	92 117 142 
4039	142 
4040	7 
4041	2 18 142 
4042	62 
4043	48 
4044	32 84 120 
4045	109 
4046	118 
4047	3 59 61 
4048	20 
4049	124 
4050	37 
4051	16 
4052	13 83 101 
4053	115 
4054	76 
4055	75 
4056	30 
4057	116 
4058	93 
4059	32 
4060	110 
4061	142 
4062	102 
4063	18 
4064	42 
4065	134 
4066	9 
4067	53 
4068	21 
4069	116 
4070	46 
4071	6 
4072	59 
4073	30 44 131 
4074	25 34 142 
4075	112 
4076	128 
4077	106 
4078	75 90 106 
4079	6 10 49 
4080	60 69 132 
4081	87 107 130 
4082	141 
4083	100 119 137 
4084	32 
4085	15 
4086	32 
4087	26 
4088	109 
4089	71 
4090	115 
4091	49 62 88 
4092	33 111 125 
4093	38 
4094	119 
4095	4 
4096	4 118 125 
4097	13 
4098	30 
4099	122 
4100	60 
4101	113 
4102	109 
4103	79 124 144 
4104	27 
4105	42 
4106	124 
4107	127 
4108	100 108 141 
4109	1 
4110	49 109 127 
4111	106 107 143 
4112	33 46 127 
4113	83 
4114	100 119 129 
4115	22 23 57 
4116	99 
4117	59 
4118	109 
4119	49 68 74 
4120	63 
4121	89 
4122	72 
4123	37 
4124	25 
4125	54 
4126	105 
4127	134 
4128	34 124 140 
4129	77 119 121 
4130	36 69 96 
4131	135 
4132	36 74 118 
4133	4 18 123 
4134	86 
4135	77 
4136	75 98 118 
4137	125 
4138	97 
4139	23 29 131 
4140	8 57 64 
4141	128 
4142	55 
4143	127 
4144	107 
4145	96 
4146	1 15 34 
4147	51 107 134 
4148	24 70 133 
4149	30 
4150	13 
4151	10 77 79 
4152	46 69 118 
4153	32 
4154	4 85 94 
4155	34 61 100 
4156	120 
4157	128 
4158	10 
4159	88 
4160	13 
4161	46 67 137 
4162	36 56 92 
4163	61 107 114 
4164	66 
4165	12 
4166	29 60 127 
4167	89 
4168	80 
4169	107 
4170	30 99 106 
4171	48 
4172	107 
4173	18 
4174	2 22 78 
4175	106 
4176	67 
4177	62 
4178	138 
4179	64 
4180	15 90 132 
4181	1 19 139 
4182	47 
4183	62 
4184	134 
4185	124 
4186	107 
4187	71 106 133 
4188	7 41 51 
4189	94 
4190	57 
4191	32 
4192	78 88 126 
4193	123 
4194	52 56 96 
4195	73 77 114 
4196	137 
4197	126 
4198	8 74 85 
4199	93 
4200	23 37 132 
4201	29 
4202	64 124 134 
4203	65 
4204	109 
4205	129 
4206	21 
4207	120 
4208	106 
4209	100 
4210	88 
4211	59 70 114 
4212	59 83 129 
4213	39 
4214	19 
4215	37 83 114 
4216	63 
4217	21 
4218	99 
4219	132 
4220	54 57 133 
4221	142 
4222	27 
4223	32 67 133 
4224	110 
4225	39 
4226	144 
4227	24 27 142 
4228	22 
4229	125 
4230	73 
4231	116 
4232	115 
4233	96 
4234	132 
4235	44 
4236	106 109 122 
4237	83 
4238	9 
4239	108 109 111 
4240	137 
4241	29 110 125 
4242	8 29 92 
4243	17 
4244	130 
4245	84 
4246	106 108 129 
4247	8 63 123 
4248	95 
4249	62 69 115 
4250	101 118 140 
4251	61 
4252	49 83 106 
4253	40 59 106 
4254	14 44 142 
4255	42 48 79 
4256	25 
4257	64 
4258	22 54 109 
4259	132 
4260	71 
4261	128 
4262	32 88 109 
4263	90 
4264	51 
4265	101 
4266	110 
4267	76 
4268	46 
4269	114 
4270	1 
4271	124 
4272	48 
4273	119 
4274	57 116 137 
4275	126 
4276	41 77 92 
4277	112 
4278	57 92 123 
4279	65 
4280	137 
4281	49 85 107 
4282	11 29 34 
4283	6 
4284	62 
4285	4 
4286	8 53 126 
4287	29 
4288	22 77 121 
4289	74 
4290	99 
4291	2 90 106 
4292	137 
4293	61 
4294	38 
4295	37 76 83 
4296	54 127 142 
4297	7 
4298	135 
4299	76 
4300	25 
4301	61 69 77 
4302	16 83 109 
4303	30 109 127 
4304	42 85 93 
4305	67 
4306	106 
4307	55 
4308	113 
4309	139 
4310	136 
4311	63 100 144 
4312	67 
4313	43 60 108 
4314	69 
4315	36 118 124 
4316	32 
4317	64 
4318	7 
4319	78 
4320	78 
4321	65 89 121 
4322	92 
4323	32 45 100 
4324	124 
4325	98 
4326	10 
4327	30 
4328	64 85 143 
4329	8 10 70 
4330	7 
4331	13 
4332	86 109 131 
4333	59 
4334	62 76 107 
4335	37 103 126 
4336	111 
4337	140 
4338	136 
4339	12 54 56 
4340	131 
4341	11 56 83 
4342	94 
4343	24 
4344	64 
4345	22 
4346	109 
4347	21 28 95 
4348	64 
4349	75 83 91 
4350	62 
4351	123 
4352	64 
4353	27 
4354	107 
4355	4 68 139 
4356	127 
4357	44 
4358	60 63 64 
4359	64 82 141 
4360	22 
4361	21 39 105 
4362	34 
4363	56 68 142 
4364	20 
4365	53 
4366	59 
4367	63 
4368	50 63 84 
4369	7 
4370	62 
4371	2 
4372	3 13 96 
4373	13 
4374	57 
4375	117 
4376	121 
4377	93 
4378	131 
4379	13 17 99 
4380	13 
4381	50 
4382	107 
4383	126 
4384	86 
4385	62 
4386	53 
4387	22 
4388	57 59 83 
4389	38 
4390	119 
4391	140 
4392	80 
4393	89 116 134 
4394	25 71 86 
4395	43 
4396	22 45 113 
4397	34 
4398	29 
4399	78 92 93 
4400	1 8 23 
4401	142 
4402	71 
4403	47 114 137 
4404	110 
4405	64 100 135 
4406	7 
4407	107 
4408	78 
4409	35 99 106 
4410	129 
4411	79 
4412	24 
4413	12 42 111 
4414	8 
4415	1 
4416	25 
4417	140 
4418	80 93 140 
4419	42 
4420	96 
4421	99 
4422	25 55 77 
4423	136 
4424	75 79 111 
4425	142 
4426	54 
4427	62 67 112 
4428	80 
4429	15 18 40 
4430	69 
4431	8 
4432	32 
4433	64 
4434	1 77 90 
4435	39 
4436	133 
4437	71 
4438	135 
4439	87 
4440	12 
4441	20 39 120 
4442	68 
4443	34 
4444	1 37 68 
4445	51 
4446	34 
4447	22 
4448	10 27 86 
4449	53 
4450	141 
4451	85 
4452	41 97 142 
4453	20 45 129 
4454	119 
4455	126 
4456	59 62 107 
4457	74 
4458	39 
4459	54 
4460	141 
4461	59 
4462	76 
4463	92 
4464	133 
4465	5 
4466	127 
4467	24 50 121 
4468	61 76 138 
4469	28 42 124 
4470	133 
4471	129 
4472	61 
4473	57 
4474	37 
4475	125 
4476	68 98 123 
4477	140 
4478	5 
4479	76 
4480	142 
4481	20 
4482	7 11 127 
4483	67 74 104 
4484	25 
4485	90 
4486	138 
4487	78 
4488	98 
4489	110 
4490	73 90 100 
4491	144 
4492	59 78 105 
4493	134 
4494	138 
4495	22 
4496	82 
4497	104 124 131 
4498	131 
4499	121 
4500	51 
4501	119 
4502	106 
4503	20 83 140 
4504	67 
4505	3 46 137 
4506	137 
4507	44 
4508	64 
4509	119 
4510	93 109 127 
4511	61 
4512	7 108 109 
4513	67 86 132 
4514	27 
4515	108 
4516	140 
4517	39 65 106 
4518	64 
4519	10 
4520	18 64 112 
4521	41 
4522	10 55 131 
4523	126 
4524	36 
4525	85 
4526	123 
4527	12 17 77 
4528	20 
4529	9 49 63 
4530	67 
4531	127 
4532	2 9 65 
4533	64 
4534	88 
4535	84 
4536	118 
4537	25 87 137 
4538	67 75 83 
4539	21 27 121 
4540	140 
4541	32 
4542	4 89 134 
4543	54 75 102 
4544	140 
4545	118 
4546	95 
4547	48 
4548	140 
4549	38 53 96 
4550	89 
4551	92 102 140 
4552	124 
4553	56 
4554	34 
4555	22 37 129 
4556	142 
4557	55 
4558	132 
4559	106 
4560	23 
4561	56 
4562	110 
4563	1 5 115 
4564	99 123 138 
4565	41 82 141 
4566	2 4 99 
4567	129 
4568	2 17 42 
4569	74 
4570	8 56 134 
4571	107 
4572	23 71 77 
4573	16 
4574	81 
4575	17 
4576	54 
4577	9 
4578	10 39 85 
4579	28 
4580	108 114 128 
4581	127 
4582	140 
4583	62 
4584	21 
4585	56 
4586	18 23 57 
4587	8 22 90 
4588	137 
4589	11 
4590	126 
4591	66 78 137 
4592	104 
4593	64 100 118 
4594	73 
4595	15 
4596	24 
4597	25 57 83 
4598	109 
4599	132 
4600	116 
4601	85 105 107 
4602	80 
4603	127 
4604	111 
4605	31 74 98 
4606	65 111 144 
4607	62 111 132 
4608	89 
4609	2 48 87 
4610	62 
4611	18 
4612	63 
4613	37 108 122 
4614	113 
4615	98 
4616	38 
4617	83 
4618	89 
4619	69 73 127 
4620	77 
4621	16 
4622	34 95 118 
4623	104 
4624	73 
4625	55 
4626	64 
4627	79 
4628	3 78 94 
4629	103 
4630	86 
4631	60 99 142 
4632	15 
4633	11 
4634	85 
4635	112 
4636	38 
4637	32 86 134 
4638	51 
4639	19 
4640	55 64 134 
4641	74 
4642	74 
4643	94 
4644	123 
4645	62 64 94 
4646	86 107 109 
4647	71 
4648	87 
4649	88 
4650	88 
4651	24 
4652	79 90 99 
4653	67 
4654	1 
4655	143 
4656	115 
4657	114 
4658	15 87 123 
4659	81 
4660	30 
4661	7 86 87 
4662	25 100 108 
4663	30 77 106 
4664	124 
4665	63 92 142 
4666	10 
4667	56 
4668	125 
4669	4 
4670	47 77 82 
4671	46 73 99 
4672	100 
4673	76 
4674	17 106 121 
4675	76 
4676	82 101 138 
4677	20 28 88 
4678	71 
4679	106 
4680	126 
4681	22 
4682	61 124 126 
4683	56 109 121 
4684	73 
4685	88 101 126 
4686	134 
4687	95 
4688	12 
4689	54 
4690	92 
4691	140 
4692	77 93 118 
4693	93 
4694	32 64 95 
4695	51 
4696	6 62 104 
4697	66 86 108 
4698	78 
4699	55 56 62 
4700	141 
4701	51 61 78 
4702	31 53 121 
4703	15 110 132 
4704	107 
4705	75 
4706	86 
4707	9 
4708	28 
4709	138 
4710	62 74 94 
4711	46 62 116 
4712	132 
4713	4 38 111 
4714	129 
4715	133 
4716	14 99 138 
4717	8 
4718	140 
4719	65 
4720	17 22 24 
4721	107 
4722	44 
4723	56 78 114 
4724	37 
4725	126 
4726	53 77 85 
4727	18 
4728	133 
4729	129 
4730	23 59 99 
4731	9 16 76 
4732	102 109 122 
4733	96 
4734	106 
4735	75 
4736	1 53 131 
4737	86 
4738	126 
4739	8 92 119 
4740	90 
4741	84 94 142 
4742	47 90 98 
4743	71 
4744	2 138 140 
4745	61 116 135 
4746	94 
4747	124 
4748	76 
4749	59 63 76 
4750	52 
4751	50 51 85 
4752	86 
4753	50 76 135 
4754	29 
4755	44 
4756	126 
4757	127 
4758	22 
4759	67 111 141 
4760	138 
4761	92 
4762	64 
4763	27 63 114 
4764	136 
4765	12 
4766	51 
4767	127 
4768	32 
4769	32 62 98 
4770	119 
4771	49 
4772	129 
4773	44 48 66 
4774	73 110 123 
4775	39 
4776	139 
4777	18 
4778	121 
4779	135 
4780	27 50 99 
4781	48 90 119 
4782	71 133 142 
4783	29 
4784	38 
4785	143 
4786	14 74 131 
4787	3 
4788	38 
4789	102 
4790	129 
4791	128 
4792	25 66 67 
4793	15 63 127 
4794	9 
4795	138 
4796	15 71 107 
4797	72 
4798	127 
4799	99 
4800	21 110 142 
4801	20 
4802	51 
4803	7 
4804	16 63 140 
4805	34 77 129 
4806	131 
4807	29 
4808	99 
4809	66 
4810	95 118 144 
4811	84 
4812	90 
4813	11 20 93 
4814	22 26 107 
4815	111 
4816	124 
4817	15 
4818	27 46 115 
4819	1 48 121 
4820	15 
4821	74 
4822	117 
4823	131 
4824	34 
4825	90 
4826	69 100 115 
4827	16 
4828	30 
4829	21 47 137 
4830	15 60 109 
4831	134 
4832	21 27 84 
4833	40 104 127 
4834	47 
4835	77 
4836	94 
4837	143 
4838	61 
4839	30 77 92 
4840	59 99 138 
4841	4 90 138 
4842	40 51 137 
4843	4 
4844	125 
4845	11 40 96 
4846	77 
4847	49 
4848	74 
4849	88 
4850	119 
4851	60 
4852	49 
4853	1 
4854	128 
4855	126 
4856	34 
4857	32 56 65 
4858	61 
4859	43 58 95 
4860	12 
4861	133 
4862	137 
4863	138 
4864	133 
4865	2 101 140 
4866	15 
4867	131 
4868	22 
4869	129 
4870	89 
4871	59 
4872	3 19 73 
4873	127 
4874	30 
4875	61 
4876	16 71 126 
4877	62 
4878	66 
4879	87 
4880	90 
4881	75 90 132 
4882	11 
4883	74 
4884	143 
4885	132 
4886	11 
4887	8 
4888	107 
4889	22 
4890	4 
4891	28 46 85 
4892	22 100 131 
4893	123 125 134 
4894	44 
4895	49 
4896	77 
4897	4 33 124 
4898	61 
4899	76 86 119 
4900	42 
4901	20 61 134 
4902	140 
4903	13 56 94 
4904	82 
4905	59 88 91 
4906	15 
4907	23 
4908	28 
4909	100 
4910	30 83 106 
4911	59 
4912	107 
4913	16 66 100 
4914	7 87 127 
4915	124 
4916	61 63 65 
4917	85 
4918	60 78 88 
4919	123 
4920	16 54 64 
4921	18 129 140 
4922	61 
4923	109 
4924	32 43 71 
4925	32 50 131 
4926	142 
4927	22 57 143 
4928	28 61 115 
4929	106 
4930	7 
4931	92 
4932	112 
4933	63 
4934	8 
4935	68 
4936	90 
4937	44 
4938	28 
4939	90 
4940	16 65 74 
4941	8 34 140 
4942	8 
4943	25 83 126 
4944	29 57 96 
4945	78 
4946	17 
4947	144 
4948	108 
4949	1 
4950	89 
4951	126 
4952	128 
4953	25 51 111 
4954	23 69 116 
4955	88 
4956	52 
4957	61 111 122 
4958	62 
4959	15 
4960	20 
4961	131 
4962	34 
4963	96 
4964	83 
4965	16 52 67 
4966	48 
4967	17 
4968	78 
4969	9 
4970	124 
4971	78 
4972	13 39 100 
4973	27 
4974	111 
4975	82 
4976	32 
4977	124 
4978	94 
4979	121 
4980	64 
4981	56 
4982	62 
4983	93 
4984	51 
4985	34 
4986	68 
4987	32 
4988	94 119 124 
4989	15 20 77 
4990	96 
4991	116 
4992	88 
4993	100 
4994	88 101 129 
4995	89 
4996	48 
4997	32 59 130 
4998	22 50 63 
4999	44 
5000	21 24 133 
