1	4 42 66 
2	147 
3	72 110 116 
4	120 
5	124 
6	114 
7	13 
8	66 
9	73 
10	100 
11	142 
12	140 
13	55 
14	14 
15	92 
16	61 
17	30 
18	117 
19	101 
20	140 
21	59 
22	52 53 120 
23	37 
24	12 
25	135 
26	72 
27	82 105 126 
28	47 
29	8 
30	41 73 137 
31	73 
32	119 
33	28 101 125 
34	59 92 104 
35	53 
36	82 
37	48 
38	35 109 141 
39	143 
40	38 40 44 
41	34 99 119 
42	93 
43	72 
44	51 
45	77 
46	85 107 131 
47	141 
48	103 
49	133 
50	100 
51	91 
52	29 
53	139 
54	139 
55	138 
56	142 
57	51 
58	55 
59	122 
60	119 
61	80 
62	76 
63	107 
64	49 
65	93 
66	79 
67	107 
68	115 
69	9 91 96 
70	9 
71	92 107 144 
72	94 
73	96 127 144 
74	94 
75	88 
76	56 
77	74 94 111 
78	32 53 58 
79	16 42 88 
80	104 
81	3 
82	23 98 112 
83	6 23 44 
84	86 
85	82 
86	146 
87	107 
88	56 
89	136 
90	62 
91	120 
92	26 46 90 
93	94 
94	130 
95	146 
96	101 
97	97 
98	84 
99	41 
100	103 108 138 
101	2 
102	73 
103	86 
104	146 
105	30 
106	138 
107	89 92 105 
108	111 
109	15 
110	66 
111	77 
112	103 
113	12 132 136 
114	105 
115	146 
116	80 126 128 
117	2 36 125 
118	6 55 135 
119	40 72 147 
120	99 106 118 
121	40 
122	67 96 142 
123	26 64 83 
124	127 
125	98 
126	46 
127	72 
128	73 
129	61 73 144 
130	95 
131	24 
132	2 52 133 
133	25 119 147 
134	34 
135	77 
136	129 
137	74 
138	48 
139	113 
140	33 
141	65 
142	27 
143	1 
144	22 33 104 
145	2 
146	29 
147	37 
148	132 
149	57 
150	133 
151	4 
152	19 49 92 
153	24 
154	37 
155	100 
156	79 
157	121 
158	11 30 127 
159	37 
160	7 100 119 
161	31 
162	147 
163	16 
164	37 70 128 
165	1 44 69 
166	30 
167	104 
168	117 128 137 
169	106 
170	127 
171	39 
172	9 
173	119 
174	54 
175	14 
176	127 
177	2 92 144 
178	26 
179	42 61 119 
180	90 
181	129 
182	22 
183	86 
184	13 38 40 
185	92 
186	98 
187	56 
188	82 92 135 
189	26 58 142 
190	60 62 121 
191	76 
192	55 
193	39 70 117 
194	8 67 73 
195	5 
196	7 74 147 
197	37 
198	68 
199	18 
200	30 
201	119 
202	143 
203	44 54 80 
204	28 36 43 
205	128 
206	33 
207	60 
208	116 
209	76 
210	4 
211	112 
212	5 
213	47 
214	6 
215	79 
216	1 
217	80 
218	23 43 92 
219	2 
220	1 
221	41 
222	53 
223	30 
224	13 
225	37 
226	119 
227	2 
228	79 
229	146 
230	73 
231	53 
232	77 
233	23 
234	132 
235	56 
236	19 63 130 
237	117 
238	120 
239	60 
240	50 66 111 
241	37 
242	66 104 129 
243	5 48 128 
244	8 
245	90 
246	60 
247	10 
248	29 
249	26 104 120 
250	35 
251	66 89 133 
252	147 
253	72 
254	107 
255	42 
256	11 72 73 
257	134 
258	104 
259	53 138 140 
260	74 
261	14 
262	2 
263	37 72 139 
264	39 106 130 
265	55 89 123 
266	77 
267	7 
268	37 51 128 
269	85 124 138 
270	37 48 131 
271	102 
272	91 
273	99 146 147 
274	92 
275	77 
276	68 
277	145 
278	138 
279	132 
280	54 
281	99 
282	144 
283	13 26 87 
284	128 
285	87 
286	74 
287	108 
288	23 
289	83 
290	23 
291	12 61 121 
292	51 
293	87 
294	99 
295	30 
296	113 138 147 
297	121 
298	55 
299	138 
300	15 126 144 
301	80 118 131 
302	129 
303	121 
304	7 
305	109 
306	87 103 117 
307	69 
308	69 
309	56 
310	6 
311	122 
312	42 91 130 
313	12 61 128 
314	38 
315	2 
316	68 
317	144 
318	41 
319	75 
320	2 
321	63 
322	2 
323	133 
324	15 17 98 
325	147 
326	51 
327	99 
328	87 
329	79 
330	79 
331	100 
332	96 
333	26 
334	75 
335	92 
336	49 
337	122 
338	84 
339	118 139 146 
340	100 
341	89 
342	26 
343	97 
344	63 
345	48 
346	72 
347	90 
348	24 
349	11 
350	82 
351	123 
352	99 
353	73 
354	58 110 115 
355	133 
356	45 
357	84 
358	58 
359	134 
360	81 
361	44 
362	11 
363	137 
364	31 
365	44 61 69 
366	121 
367	87 
368	64 
369	72 75 144 
370	47 55 72 
371	69 
372	30 
373	124 
374	83 
375	93 
376	58 128 141 
377	69 
378	119 
379	70 80 143 
380	37 48 131 
381	109 
382	22 
383	119 
384	127 
385	119 
386	77 
387	31 
388	80 
389	54 
390	144 
391	40 
392	138 
393	93 
394	54 
395	32 
396	40 
397	2 
398	110 
399	50 
400	42 
401	32 33 74 
402	46 64 140 
403	135 
404	45 
405	77 
406	55 
407	53 
408	68 
409	109 110 115 
410	72 
411	19 
412	38 
413	55 109 142 
414	102 
415	33 
416	66 
417	139 
418	99 
419	126 
420	25 
421	48 85 138 
422	4 87 90 
423	120 
424	12 
425	53 
426	50 
427	37 
428	14 
429	142 
430	142 
431	145 
432	42 
433	75 
434	12 
435	105 
436	82 
437	82 
438	18 22 81 
439	119 
440	81 
441	35 
442	44 54 138 
443	130 
444	28 
445	85 
446	44 
447	37 
448	88 
449	50 
450	126 
451	38 
452	9 121 128 
453	54 
454	58 98 105 
455	23 
456	140 
457	132 
458	88 
459	30 
460	52 
461	32 
462	97 
463	8 
464	6 
465	133 
466	19 
467	1 36 72 
468	68 
469	48 
470	62 128 144 
471	147 
472	100 128 131 
473	32 
474	147 
475	12 
476	124 
477	105 
478	6 
479	72 
480	80 
481	115 
482	104 
483	36 44 65 
484	10 
485	101 
486	9 
487	130 
488	147 
489	87 
490	37 
491	38 
492	80 
493	50 109 118 
494	51 
495	134 
496	11 
497	1 9 79 
498	146 
499	104 
500	30 61 73 
501	118 
502	7 73 142 
503	1 
504	119 
505	105 132 145 
506	147 
507	77 142 145 
508	59 
509	127 
510	18 34 38 
511	130 
512	5 88 114 
513	121 
514	137 
515	123 
516	111 
517	48 
518	115 
519	25 
520	62 
521	44 49 91 
522	2 
523	117 
524	45 
525	92 
526	121 
527	99 
528	108 
529	23 
530	5 
531	13 
532	33 66 138 
533	71 
534	18 114 122 
535	50 
536	18 
537	115 
538	23 55 90 
539	143 
540	9 
541	44 54 100 
542	76 
543	54 
544	3 43 126 
545	109 
546	141 
547	67 68 130 
548	111 
549	106 
550	6 
551	128 
552	77 
553	15 
554	118 
555	6 70 74 
556	97 
557	141 
558	118 
559	18 63 106 
560	2 34 119 
561	79 
562	80 
563	126 
564	87 
565	80 
566	146 
567	134 
568	26 31 145 
569	64 
570	78 
571	49 
572	22 76 115 
573	72 84 132 
574	17 72 127 
575	35 
576	36 107 132 
577	69 
578	147 
579	53 
580	26 
581	84 
582	138 
583	105 
584	92 
585	131 
586	101 
587	83 
588	22 
589	116 127 138 
590	7 
591	30 
592	26 40 103 
593	66 
594	42 
595	20 
596	65 
597	8 
598	43 
599	27 
600	102 
601	125 
602	71 
603	33 
604	20 44 147 
605	9 
606	74 
607	37 
608	37 
609	7 
610	44 92 123 
611	48 
612	64 
613	144 
614	37 
615	18 
616	121 
617	126 
618	37 
619	106 
620	60 
621	101 
622	12 
623	96 
624	64 
625	45 
626	98 
627	40 
628	12 
629	38 40 117 
630	90 99 135 
631	102 
632	23 51 74 
633	13 
634	126 
635	98 100 133 
636	39 
637	85 
638	89 
639	125 
640	131 
641	70 
642	72 
643	17 
644	69 
645	48 
646	4 
647	48 
648	44 
649	101 
650	64 
651	74 
652	78 
653	105 
654	76 
655	130 
656	23 
657	105 
658	22 
659	76 
660	47 
661	56 
662	9 37 48 
663	32 
664	75 
665	138 
666	59 
667	36 
668	12 
669	119 
670	30 
671	90 
672	34 45 128 
673	100 
674	64 
675	23 111 131 
676	40 
677	28 
678	103 
679	137 
680	28 
681	26 
682	10 
683	70 
684	80 
685	56 130 138 
686	124 
687	56 
688	16 37 58 
689	21 
690	142 
691	52 82 140 
692	74 
693	90 
694	9 
695	66 
696	32 
697	93 
698	17 
699	111 
700	56 119 138 
701	83 
702	32 
703	66 92 133 
704	141 
705	96 
706	65 
707	141 
708	146 
709	79 
710	13 
711	46 
712	25 
713	44 
714	94 
715	114 
716	98 126 128 
717	18 
718	44 
719	2 94 113 
720	10 
721	146 
722	37 
723	80 125 144 
724	56 
725	2 
726	88 
727	140 
728	142 
729	78 
730	1 
731	90 
732	101 
733	56 
734	51 89 119 
735	77 
736	99 120 123 
737	121 
738	147 
739	15 
740	2 
741	111 
742	144 
743	132 
744	23 
745	30 
746	100 
747	25 
748	22 
749	81 
750	73 
751	17 
752	45 
753	48 
754	142 
755	8 
756	114 
757	10 
758	34 
759	37 
760	119 
761	112 
762	120 
763	102 
764	132 
765	17 
766	37 
767	6 
768	67 
769	144 
770	4 98 125 
771	3 
772	22 23 99 
773	2 64 93 
774	77 
775	50 
776	98 
777	98 
778	79 92 128 
779	66 
780	26 
781	99 
782	72 99 129 
783	78 
784	128 
785	82 
786	51 
787	116 
788	13 
789	1 
790	22 
791	35 64 104 
792	75 
793	56 
794	127 
795	116 
796	87 
797	64 
798	31 33 109 
799	58 
800	33 
801	5 
802	20 
803	36 43 88 
804	59 
805	17 39 94 
806	29 
807	8 
808	30 
809	41 
810	119 
811	60 89 110 
812	109 
813	2 98 143 
814	66 
815	14 
816	107 
817	42 53 65 
818	64 67 128 
819	107 
820	142 
821	67 
822	106 
823	19 
824	124 
825	9 67 90 
826	126 
827	98 
828	48 
829	138 
830	56 
831	40 
832	130 
833	84 
834	20 
835	37 
836	126 
837	136 
838	26 71 89 
839	25 
840	75 
841	111 
842	107 
843	23 
844	92 
845	35 
846	113 
847	15 
848	33 42 108 
849	137 
850	43 52 147 
851	80 
852	12 
853	145 
854	61 
855	17 35 140 
856	16 124 146 
857	22 
858	141 
859	4 
860	2 
861	39 
862	77 126 137 
863	64 
864	66 105 134 
865	85 
866	44 67 122 
867	130 
868	12 
869	81 
870	71 
871	99 
872	81 93 99 
873	72 75 98 
874	50 
875	129 
876	117 
877	130 
878	37 
879	8 
880	35 
881	144 
882	47 
883	121 
884	124 
885	89 
886	1 
887	9 
888	20 51 64 
889	125 
890	40 
891	98 
892	29 
893	32 
894	132 
895	37 
896	23 87 100 
897	21 51 143 
898	86 
899	4 68 93 
900	44 
901	41 
902	101 
903	40 48 72 
904	110 
905	1 
906	75 
907	8 
908	3 
909	43 
910	28 
911	8 
912	30 
913	22 
914	125 
915	55 
916	42 
917	115 
918	75 
919	109 
920	22 37 106 
921	105 
922	22 59 90 
923	147 
924	144 
925	87 
926	2 
927	52 
928	77 
929	119 
930	7 
931	125 
932	40 
933	60 
934	76 
935	38 
936	10 
937	11 
938	93 
939	89 
940	56 
941	85 
942	97 127 141 
943	55 70 128 
944	89 
945	29 91 132 
946	86 
947	14 
948	142 
949	8 
950	117 129 146 
951	35 
952	73 82 120 
953	43 99 103 
954	87 
955	126 
956	11 
957	57 
958	90 
959	25 
960	17 
961	30 
962	27 
963	102 
964	39 
965	144 
966	12 
967	124 
968	2 
969	117 
970	136 
971	17 
972	147 
973	50 
974	65 
975	89 
976	64 
977	27 
978	19 
979	74 
980	111 
981	110 
982	9 44 97 
983	113 131 138 
984	140 
985	146 
986	57 
987	114 
988	63 
989	107 
990	131 
991	27 
992	18 
993	77 
994	92 
995	126 
996	56 
997	22 
998	45 85 121 
999	40 73 128 
1000	73 
1001	6 53 78 
1002	12 22 105 
1003	64 
1004	44 55 63 
1005	128 
1006	48 
1007	92 
1008	117 
1009	12 87 137 
1010	111 119 120 
1011	91 105 126 
1012	112 
1013	24 
1014	63 
1015	119 
1016	112 
1017	87 
1018	32 87 92 
1019	61 
1020	139 
1021	54 
1022	13 
1023	146 
1024	54 
1025	110 
1026	7 
1027	123 
1028	133 
1029	103 
1030	104 
1031	84 
1032	102 
1033	40 100 110 
1034	26 
1035	12 52 82 
1036	92 
1037	8 19 22 
1038	56 
1039	90 
1040	14 
1041	132 
1042	8 27 128 
1043	8 
1044	19 
1045	92 
1046	74 
1047	78 
1048	26 
1049	55 
1050	98 
1051	23 
1052	70 97 133 
1053	74 
1054	37 140 142 
1055	128 
1056	26 40 115 
1057	51 
1058	63 
1059	139 
1060	121 
1061	99 
1062	58 
1063	89 
1064	16 
1065	117 
1066	21 
1067	104 
1068	83 
1069	74 
1070	9 
1071	142 
1072	124 
1073	3 128 134 
1074	43 68 129 
1075	84 123 134 
1076	20 
1077	135 
1078	74 
1079	143 
1080	51 
1081	63 77 113 
1082	115 
1083	70 
1084	26 130 141 
1085	126 
1086	41 
1087	70 
1088	71 
1089	29 
1090	18 
1091	37 
1092	109 
1093	131 
1094	127 
1095	130 
1096	105 123 124 
1097	147 
1098	4 57 117 
1099	78 
1100	7 
1101	87 
1102	23 
1103	15 
1104	105 
1105	57 
1106	86 
1107	45 
1108	104 130 147 
1109	117 
1110	39 
1111	52 62 100 
1112	117 
1113	4 
1114	147 
1115	59 86 129 
1116	7 54 71 
1117	53 
1118	11 
1119	140 
1120	59 119 127 
1121	69 
1122	146 
1123	113 
1124	2 
1125	103 
1126	129 138 144 
1127	67 
1128	38 111 124 
1129	23 
1130	16 
1131	113 
1132	49 
1133	92 
1134	64 
1135	51 72 111 
1136	100 
1137	81 135 147 
1138	115 
1139	54 
1140	29 
1141	2 
1142	1 23 142 
1143	36 
1144	89 
1145	24 
1146	108 130 144 
1147	127 
1148	73 74 87 
1149	12 108 141 
1150	74 
1151	8 15 78 
1152	72 
1153	68 
1154	1 84 90 
1155	51 
1156	118 
1157	80 91 125 
1158	3 23 79 
1159	144 
1160	55 
1161	56 
1162	19 61 70 
1163	141 
1164	38 
1165	109 
1166	102 
1167	18 94 110 
1168	22 27 98 
1169	54 
1170	48 
1171	60 
1172	80 
1173	18 
1174	142 
1175	114 
1176	4 
1177	45 63 131 
1178	114 
1179	100 
1180	72 
1181	10 94 119 
1182	88 
1183	146 
1184	107 
1185	126 
1186	73 113 143 
1187	35 
1188	13 
1189	12 
1190	16 
1191	8 15 94 
1192	127 
1193	107 
1194	111 
1195	10 12 90 
1196	72 
1197	34 
1198	126 
1199	74 
1200	40 
1201	40 
1202	146 
1203	6 81 146 
1204	145 
1205	57 141 146 
1206	87 
1207	126 
1208	37 
1209	127 
1210	35 100 107 
1211	76 
1212	12 
1213	55 
1214	33 
1215	33 66 70 
1216	2 
1217	17 41 134 
1218	23 86 140 
1219	97 142 147 
1220	129 
1221	50 69 144 
1222	82 96 111 
1223	58 
1224	34 64 138 
1225	11 111 144 
1226	27 
1227	108 
1228	141 
1229	52 
1230	119 
1231	65 123 139 
1232	7 8 119 
1233	32 98 115 
1234	50 
1235	23 
1236	43 44 48 
1237	64 
1238	131 
1239	121 
1240	111 
1241	123 
1242	72 
1243	10 91 125 
1244	51 
1245	58 91 126 
1246	120 
1247	126 
1248	143 
1249	23 
1250	135 
1251	61 70 127 
1252	85 110 142 
1253	45 
1254	54 69 128 
1255	22 
1256	12 15 22 
1257	16 
1258	69 77 92 
1259	34 
1260	77 
1261	7 56 110 
1262	72 
1263	70 
1264	76 
1265	120 
1266	51 
1267	3 
1268	48 104 129 
1269	23 58 128 
1270	34 112 145 
1271	111 
1272	9 
1273	111 
1274	29 
1275	103 
1276	107 
1277	89 
1278	117 
1279	147 
1280	55 
1281	51 
1282	136 
1283	112 
1284	95 
1285	48 64 85 
1286	25 
1287	110 
1288	7 
1289	91 
1290	14 
1291	77 
1292	32 
1293	142 
1294	64 
1295	74 
1296	94 
1297	26 
1298	100 
1299	9 
1300	105 
1301	126 
1302	98 
1303	82 96 119 
1304	77 
1305	57 126 140 
1306	105 
1307	49 
1308	25 
1309	100 
1310	63 
1311	44 
1312	116 
1313	26 
1314	108 
1315	23 72 90 
1316	80 112 118 
1317	36 66 100 
1318	95 
1319	92 
1320	139 
1321	86 
1322	48 
1323	142 
1324	134 
1325	51 
1326	129 
1327	46 
1328	61 
1329	77 
1330	104 
1331	82 
1332	55 
1333	26 
1334	127 132 137 
1335	131 
1336	121 
1337	107 
1338	54 
1339	126 144 147 
1340	46 
1341	21 
1342	30 
1343	23 76 129 
1344	50 
1345	45 
1346	22 24 82 
1347	114 
1348	27 
1349	135 
1350	129 
1351	115 
1352	68 95 147 
1353	128 
1354	23 
1355	130 
1356	129 
1357	121 
1358	46 64 73 
1359	59 
1360	23 
1361	70 
1362	142 
1363	38 
1364	44 87 90 
1365	66 
1366	132 
1367	127 
1368	15 
1369	134 
1370	147 
1371	21 58 144 
1372	115 
1373	63 
1374	37 
1375	147 
1376	51 
1377	49 
1378	130 
1379	38 
1380	64 69 97 
1381	105 
1382	140 
1383	18 
1384	62 
1385	65 
1386	94 
1387	146 
1388	34 
1389	142 
1390	82 98 119 
1391	111 
1392	126 
1393	93 
1394	73 
1395	138 
1396	13 
1397	36 54 118 
1398	53 
1399	107 
1400	146 
1401	111 
1402	68 
1403	99 
1404	35 
1405	72 
1406	23 
1407	69 
1408	32 114 147 
1409	7 33 58 
1410	6 
1411	69 
1412	128 
1413	133 
1414	117 
1415	8 
1416	16 73 98 
1417	135 
1418	7 
1419	99 
1420	17 
1421	99 
1422	83 142 146 
1423	17 
1424	7 64 138 
1425	26 
1426	119 
1427	84 
1428	37 
1429	54 
1430	21 
1431	46 128 135 
1432	41 
1433	80 
1434	80 
1435	69 
1436	98 
1437	17 
1438	90 
1439	26 78 146 
1440	119 
1441	99 
1442	42 
1443	82 
1444	128 
1445	64 
1446	16 
1447	66 
1448	14 
1449	47 
1450	2 15 34 
1451	82 
1452	55 
1453	70 81 98 
1454	38 
1455	12 
1456	136 
1457	17 65 123 
1458	18 39 132 
1459	61 
1460	2 
1461	135 
1462	19 
1463	83 
1464	144 
1465	67 
1466	126 
1467	88 
1468	9 
1469	142 
1470	17 
1471	127 
1472	28 37 120 
1473	23 
1474	50 
1475	55 
1476	25 
1477	47 
1478	23 
1479	65 
1480	72 
1481	37 
1482	7 
1483	7 37 69 
1484	90 
1485	114 
1486	80 
1487	1 
1488	128 
1489	144 
1490	31 
1491	130 
1492	112 
1493	111 
1494	1 11 90 
1495	46 
1496	124 
1497	54 
1498	134 
1499	27 
1500	53 79 128 
1501	105 
1502	7 
1503	73 
1504	138 
1505	55 122 138 
1506	100 
1507	73 
1508	9 21 82 
1509	87 
1510	41 
1511	68 
1512	13 17 97 
1513	110 
1514	51 
1515	82 
1516	53 67 91 
1517	73 
1518	91 
1519	53 
1520	117 
1521	50 
1522	68 
1523	113 
1524	124 
1525	105 
1526	139 
1527	84 
1528	95 
1529	22 
1530	18 
1531	126 
1532	51 
1533	65 132 133 
1534	137 
1535	14 
1536	117 
1537	54 
1538	44 
1539	135 
1540	68 
1541	70 
1542	68 
1543	1 11 40 
1544	132 
1545	100 
1546	82 
1547	62 111 140 
1548	26 
1549	120 
1550	38 
1551	137 
1552	1 50 142 
1553	24 65 84 
1554	73 97 138 
1555	92 
1556	28 
1557	17 
1558	18 
1559	82 
1560	11 
1561	17 
1562	62 
1563	128 
1564	144 
1565	22 
1566	75 
1567	139 
1568	87 
1569	124 
1570	32 85 107 
1571	72 
1572	48 77 140 
1573	86 
1574	38 
1575	9 
1576	13 
1577	138 
1578	21 
1579	37 121 128 
1580	89 
1581	128 
1582	44 
1583	63 
1584	2 
1585	127 
1586	9 
1587	64 
1588	105 
1589	90 
1590	91 
1591	83 
1592	33 71 75 
1593	129 
1594	97 
1595	94 
1596	62 113 131 
1597	134 
1598	57 
1599	129 
1600	63 
1601	106 
1602	125 
1603	146 
1604	86 
1605	58 91 111 
1606	69 
1607	113 
1608	1 
1609	85 
1610	105 
1611	48 
1612	41 
1613	47 
1614	81 
1615	86 
1616	92 
1617	51 64 106 
1618	99 
1619	146 
1620	100 
1621	118 
1622	18 26 95 
1623	6 115 121 
1624	87 
1625	9 
1626	7 
1627	73 86 140 
1628	37 74 100 
1629	96 
1630	74 
1631	99 
1632	89 117 146 
1633	9 12 40 
1634	52 
1635	117 
1636	123 
1637	36 
1638	52 
1639	145 
1640	2 
1641	16 
1642	75 
1643	69 
1644	140 
1645	12 44 89 
1646	30 
1647	140 
1648	44 
1649	138 
1650	53 
1651	43 
1652	99 
1653	32 
1654	8 
1655	28 44 140 
1656	108 
1657	40 
1658	26 
1659	46 
1660	23 
1661	138 
1662	145 
1663	21 
1664	10 
1665	37 54 126 
1666	33 104 130 
1667	70 
1668	54 
1669	57 
1670	40 
1671	140 
1672	51 
1673	95 
1674	123 
1675	73 
1676	110 
1677	19 
1678	142 
1679	97 
1680	99 
1681	90 
1682	90 121 124 
1683	115 
1684	34 62 104 
1685	90 
1686	12 
1687	126 
1688	67 100 130 
1689	140 
1690	36 
1691	134 
1692	14 55 141 
1693	124 
1694	10 
1695	9 
1696	53 
1697	111 
1698	29 87 110 
1699	1 
1700	147 
1701	110 
1702	73 
1703	119 
1704	55 
1705	113 
1706	92 128 144 
1707	113 
1708	18 84 99 
1709	90 
1710	26 72 145 
1711	51 
1712	7 
1713	56 
1714	65 
1715	109 
1716	9 46 130 
1717	100 
1718	90 
1719	84 
1720	62 
1721	21 
1722	33 
1723	48 
1724	92 
1725	126 
1726	54 
1727	9 31 138 
1728	20 
1729	88 
1730	97 
1731	31 
1732	143 
1733	112 
1734	100 
1735	76 
1736	108 
1737	115 
1738	116 
1739	118 
1740	10 
1741	37 
1742	64 85 125 
1743	117 
1744	52 
1745	123 
1746	56 
1747	58 
1748	68 99 130 
1749	129 
1750	90 
1751	31 
1752	40 
1753	6 10 146 
1754	112 
1755	96 
1756	141 
1757	19 
1758	64 
1759	67 
1760	11 
1761	10 
1762	20 
1763	60 
1764	26 56 119 
1765	144 
1766	34 
1767	66 
1768	74 
1769	22 
1770	24 
1771	106 
1772	141 
1773	140 
1774	59 
1775	98 
1776	75 
1777	27 
1778	63 84 131 
1779	27 
1780	17 
1781	99 
1782	22 
1783	50 72 139 
1784	113 
1785	51 72 87 
1786	70 
1787	73 
1788	110 
1789	20 
1790	117 
1791	138 
1792	14 51 129 
1793	33 39 60 
1794	15 
1795	142 
1796	26 
1797	65 125 147 
1798	89 
1799	143 
1800	102 
1801	23 
1802	82 
1803	9 56 138 
1804	68 91 131 
1805	47 
1806	125 
1807	139 
1808	88 
1809	54 
1810	1 
1811	19 79 124 
1812	107 
1813	89 
1814	113 
1815	50 
1816	146 
1817	53 
1818	9 
1819	80 
1820	56 
1821	60 
1822	69 
1823	55 85 87 
1824	27 
1825	26 119 121 
1826	77 102 125 
1827	35 97 100 
1828	110 
1829	84 
1830	10 40 42 
1831	65 
1832	48 
1833	56 69 105 
1834	61 
1835	31 
1836	25 
1837	140 
1838	13 54 137 
1839	53 
1840	44 
1841	118 
1842	120 
1843	42 
1844	31 
1845	107 
1846	118 
1847	147 
1848	89 
1849	1 78 144 
1850	11 
1851	1 
1852	53 
1853	118 121 123 
1854	98 
1855	117 
1856	111 
1857	44 
1858	131 
1859	32 140 142 
1860	2 
1861	89 
1862	18 
1863	108 
1864	65 
1865	48 
1866	131 
1867	94 
1868	76 
1869	44 53 98 
1870	34 
1871	70 
1872	50 
1873	131 
1874	144 
1875	23 
1876	7 120 124 
1877	52 
1878	58 
1879	78 
1880	86 
1881	144 
1882	45 
1883	57 
1884	37 
1885	5 
1886	104 
1887	127 
1888	99 
1889	99 
1890	109 
1891	79 
1892	21 63 127 
1893	21 108 140 
1894	92 
1895	64 
1896	144 
1897	7 
1898	116 
1899	72 
1900	55 
1901	24 109 142 
1902	42 
1903	64 
1904	138 
1905	47 
1906	142 
1907	32 
1908	60 
1909	34 
1910	134 
1911	53 
1912	82 
1913	43 
1914	42 116 125 
1915	81 
1916	109 
1917	30 
1918	51 
1919	29 93 129 
1920	10 79 95 
1921	40 
1922	35 
1923	14 
1924	82 
1925	147 
1926	120 
1927	146 
1928	39 
1929	12 56 110 
1930	61 
1931	46 
1932	28 
1933	127 
1934	88 
1935	116 
1936	100 
1937	130 
1938	136 
1939	56 
1940	70 
1941	37 
1942	9 
1943	73 
1944	113 
1945	50 52 70 
1946	130 
1947	130 
1948	9 
1949	11 
1950	137 
1951	44 
1952	17 
1953	85 
1954	46 
1955	72 
1956	19 
1957	59 
1958	111 
1959	56 
1960	37 75 123 
1961	133 
1962	102 
1963	20 
1964	113 
1965	54 65 74 
1966	72 
1967	7 
1968	26 35 80 
1969	14 
1970	140 
1971	78 
1972	131 
1973	138 
1974	56 
1975	64 
1976	48 
1977	7 112 121 
1978	104 
1979	60 71 110 
1980	137 
1981	84 
1982	54 
1983	44 
1984	140 
1985	144 
1986	29 
1987	139 
1988	34 
1989	48 
1990	138 
1991	110 
1992	50 
1993	114 
1994	40 101 108 
1995	19 
1996	27 
1997	126 
1998	50 69 81 
1999	11 
2000	122 
2001	1 73 98 
2002	51 
2003	41 
2004	33 
2005	140 
2006	27 
2007	34 
2008	12 137 143 
2009	136 
2010	119 
2011	53 
2012	95 
2013	23 120 126 
2014	89 
2015	72 
2016	13 
2017	117 
2018	9 
2019	21 
2020	67 
2021	71 
2022	7 56 105 
2023	54 
2024	147 
2025	56 
2026	55 
2027	82 
2028	25 
2029	85 
2030	65 
2031	138 
2032	70 
2033	67 
2034	87 
2035	141 
2036	78 
2037	108 
2038	110 
2039	142 
2040	28 
2041	67 
2042	99 
2043	47 
2044	108 
2045	122 123 134 
2046	5 
2047	69 
2048	6 
2049	1 
2050	36 
2051	46 
2052	60 
2053	130 
2054	27 
2055	62 
2056	37 44 53 
2057	119 
2058	8 37 118 
2059	145 
2060	124 
2061	9 
2062	13 18 126 
2063	67 
2064	63 
2065	74 
2066	8 
2067	139 
2068	135 
2069	123 
2070	26 
2071	96 
2072	72 
2073	23 
2074	54 
2075	127 
2076	15 
2077	130 
2078	34 99 134 
2079	80 
2080	18 
2081	7 
2082	110 
2083	7 
2084	128 
2085	110 
2086	53 128 143 
2087	124 
2088	126 
2089	136 
2090	15 69 117 
2091	72 
2092	41 
2093	18 
2094	126 
2095	133 
2096	129 
2097	1 77 127 
2098	13 
2099	38 63 146 
2100	132 
2101	140 
2102	138 
2103	3 
2104	110 
2105	24 
2106	45 82 146 
2107	33 
2108	22 
2109	147 
2110	36 
2111	89 
2112	2 
2113	9 
2114	18 24 40 
2115	142 
2116	110 
2117	46 
2118	3 99 142 
2119	73 
2120	64 96 100 
2121	23 
2122	141 
2123	62 
2124	26 
2125	115 
2126	33 
2127	48 
2128	145 
2129	78 
2130	106 
2131	48 
2132	124 
2133	104 
2134	90 
2135	57 
2136	65 
2137	127 
2138	43 
2139	35 58 72 
2140	124 
2141	91 
2142	80 98 119 
2143	56 
2144	36 
2145	84 
2146	90 
2147	103 
2148	29 73 106 
2149	89 
2150	83 
2151	1 
2152	104 
2153	21 
2154	6 36 134 
2155	5 
2156	32 
2157	127 
2158	44 
2159	25 
2160	69 
2161	21 
2162	25 51 126 
2163	26 
2164	112 
2165	32 48 146 
2166	94 
2167	90 
2168	18 
2169	90 
2170	12 
2171	45 
2172	22 
2173	102 
2174	38 
2175	112 
2176	80 
2177	21 74 92 
2178	12 
2179	54 74 90 
2180	23 52 76 
2181	147 
2182	39 
2183	147 
2184	64 
2185	144 
2186	33 
2187	15 
2188	23 
2189	85 
2190	55 96 106 
2191	17 
2192	22 
2193	140 
2194	108 118 136 
2195	106 
2196	130 
2197	17 
2198	73 
2199	77 101 136 
2200	21 
2201	73 
2202	60 
2203	125 
2204	40 68 96 
2205	25 
2206	96 
2207	73 89 145 
2208	7 96 128 
2209	21 
2210	22 
2211	126 
2212	5 54 72 
2213	54 
2214	79 
2215	3 
2216	145 
2217	122 
2218	138 
2219	101 
2220	44 77 140 
2221	46 69 144 
2222	60 
2223	120 
2224	19 
2225	141 
2226	116 
2227	69 
2228	139 
2229	69 
2230	139 
2231	6 
2232	118 
2233	29 
2234	64 88 138 
2235	120 
2236	144 
2237	59 
2238	70 
2239	118 
2240	54 
2241	64 100 117 
2242	96 
2243	92 
2244	93 
2245	13 
2246	118 
2247	22 
2248	26 
2249	123 
2250	46 83 96 
2251	91 
2252	87 117 120 
2253	41 
2254	84 
2255	78 
2256	12 92 103 
2257	82 
2258	74 
2259	124 
2260	101 
2261	139 
2262	94 
2263	53 86 146 
2264	41 
2265	38 63 109 
2266	121 
2267	63 
2268	55 
2269	49 
2270	136 
2271	19 
2272	144 
2273	77 
2274	114 
2275	107 
2276	19 28 75 
2277	71 
2278	140 
2279	75 90 131 
2280	122 
2281	26 
2282	147 
2283	55 
2284	25 
2285	27 
2286	26 69 91 
2287	24 
2288	104 
2289	4 86 144 
2290	126 
2291	142 
2292	72 
2293	85 
2294	40 
2295	5 9 115 
2296	142 
2297	69 
2298	2 84 132 
2299	47 58 93 
2300	26 
2301	138 
2302	33 
2303	38 
2304	111 
2305	87 
2306	9 
2307	26 33 140 
2308	12 96 138 
2309	99 
2310	65 
2311	15 
2312	68 115 126 
2313	79 
2314	1 73 109 
2315	16 55 56 
2316	1 33 77 
2317	72 
2318	16 
2319	57 93 105 
2320	23 
2321	80 
2322	147 
2323	19 54 129 
2324	136 
2325	112 
2326	1 29 42 
2327	64 
2328	88 
2329	71 
2330	79 
2331	69 
2332	43 85 144 
2333	40 
2334	38 
2335	72 
2336	26 
2337	72 
2338	64 
2339	12 
2340	12 72 77 
2341	64 
2342	68 
2343	73 
2344	48 
2345	105 
2346	5 
2347	49 
2348	40 48 138 
2349	23 
2350	29 
2351	74 
2352	143 
2353	25 
2354	44 
2355	12 
2356	54 
2357	14 66 88 
2358	70 
2359	100 
2360	24 119 121 
2361	81 
2362	105 
2363	21 
2364	87 
2365	44 
2366	48 
2367	69 119 126 
2368	26 
2369	25 
2370	113 
2371	42 
2372	8 119 122 
2373	107 126 135 
2374	80 
2375	80 
2376	56 
2377	138 
2378	71 
2379	37 
2380	68 
2381	48 
2382	53 
2383	128 
2384	44 51 85 
2385	134 
2386	22 135 142 
2387	40 
2388	37 126 138 
2389	101 
2390	59 
2391	24 
2392	58 
2393	90 
2394	143 
2395	135 
2396	89 
2397	119 
2398	135 
2399	123 
2400	49 
2401	69 
2402	137 
2403	70 
2404	139 
2405	97 
2406	142 
2407	112 
2408	15 
2409	12 
2410	25 
2411	79 
2412	11 
2413	73 130 142 
2414	51 
2415	55 
2416	68 
2417	112 
2418	23 
2419	56 
2420	77 
2421	53 117 127 
2422	104 
2423	84 90 111 
2424	49 
2425	65 
2426	7 
2427	87 
2428	22 57 98 
2429	55 
2430	91 
2431	53 
2432	111 
2433	147 
2434	41 
2435	141 
2436	19 
2437	31 
2438	45 
2439	96 
2440	104 
2441	77 
2442	37 54 136 
2443	70 
2444	108 
2445	38 126 134 
2446	68 
2447	63 
2448	113 
2449	146 
2450	12 
2451	132 140 147 
2452	8 19 44 
2453	30 
2454	6 13 37 
2455	94 
2456	113 
2457	84 103 128 
2458	136 
2459	56 
2460	97 
2461	20 
2462	1 37 126 
2463	108 
2464	23 34 61 
2465	126 
2466	32 33 52 
2467	87 
2468	62 115 126 
2469	99 
2470	29 75 92 
2471	38 
2472	36 
2473	59 
2474	72 
2475	98 
2476	90 
2477	54 
2478	69 
2479	48 
2480	12 55 56 
2481	132 
2482	80 
2483	60 
2484	36 55 99 
2485	54 
2486	9 37 136 
2487	31 105 132 
2488	144 
2489	82 
2490	8 81 91 
2491	66 
2492	37 
2493	132 
2494	21 
2495	62 
2496	146 
2497	75 
2498	139 
2499	126 
2500	128 
2501	81 
2502	91 
2503	125 
2504	147 
2505	56 
2506	128 
2507	19 
2508	18 
2509	144 
2510	100 
2511	139 
2512	65 
2513	53 
2514	18 31 119 
2515	45 74 138 
2516	104 
2517	111 
2518	56 
2519	12 20 43 
2520	26 69 73 
2521	75 
2522	82 
2523	1 
2524	71 
2525	6 
2526	42 
2527	124 
2528	56 
2529	23 
2530	83 146 147 
2531	54 114 137 
2532	138 
2533	108 
2534	26 
2535	24 52 111 
2536	23 
2537	74 
2538	19 
2539	68 87 146 
2540	110 
2541	42 
2542	1 
2543	109 
2544	37 66 87 
2545	67 139 144 
2546	45 
2547	79 
2548	79 
2549	54 
2550	138 
2551	90 
2552	71 
2553	124 
2554	40 
2555	130 
2556	134 
2557	99 
2558	18 56 115 
2559	97 
2560	51 
2561	9 14 62 
2562	49 
2563	109 
2564	144 
2565	76 82 144 
2566	126 
2567	134 
2568	98 122 147 
2569	105 
2570	69 
2571	44 
2572	131 
2573	80 
2574	90 124 138 
2575	101 
2576	142 
2577	9 
2578	101 
2579	3 
2580	57 
2581	82 
2582	65 
2583	12 130 140 
2584	15 
2585	2 
2586	53 
2587	71 
2588	86 
2589	70 
2590	3 
2591	82 83 146 
2592	119 
2593	15 69 121 
2594	26 68 106 
2595	98 
2596	55 
2597	65 
2598	35 
2599	87 
2600	37 57 115 
2601	1 4 79 
2602	120 
2603	13 17 147 
2604	69 119 134 
2605	111 
2606	36 80 105 
2607	22 30 44 
2608	23 
2609	51 96 113 
2610	117 
2611	140 
2612	133 
2613	128 
2614	79 
2615	94 
2616	9 
2617	35 
2618	72 80 146 
2619	67 82 87 
2620	6 
2621	138 
2622	14 
2623	67 
2624	141 
2625	72 
2626	73 
2627	102 
2628	104 
2629	40 90 100 
2630	61 
2631	98 
2632	98 
2633	120 
2634	22 
2635	24 
2636	142 
2637	111 
2638	78 
2639	61 
2640	104 
2641	147 
2642	72 
2643	104 
2644	85 89 92 
2645	18 53 120 
2646	137 
2647	38 
2648	32 
2649	99 
2650	1 8 24 
2651	73 92 138 
2652	39 
2653	23 55 144 
2654	33 70 140 
2655	4 
2656	28 
2657	38 
2658	87 
2659	44 46 146 
2660	9 105 117 
2661	138 
2662	78 
2663	50 
2664	58 
2665	114 
2666	94 95 99 
2667	31 
2668	73 
2669	32 
2670	127 
2671	7 72 100 
2672	63 126 141 
2673	91 
2674	53 
2675	33 45 127 
2676	22 121 146 
2677	126 
2678	13 
2679	55 
2680	128 
2681	131 
2682	111 
2683	107 
2684	17 
2685	88 
2686	66 
2687	89 
2688	119 
2689	123 
2690	64 121 129 
2691	113 
2692	107 
2693	46 
2694	99 
2695	128 
2696	98 
2697	64 
2698	140 
2699	48 
2700	33 
2701	95 
2702	38 
2703	120 
2704	23 70 92 
2705	19 
2706	3 70 144 
2707	75 
2708	12 
2709	74 
2710	65 
2711	54 
2712	11 92 120 
2713	15 
2714	26 48 113 
2715	32 55 147 
2716	112 
2717	81 
2718	44 
2719	26 
2720	118 
2721	55 79 97 
2722	117 
2723	46 50 51 
2724	94 
2725	82 
2726	2 
2727	65 
2728	138 
2729	69 
2730	85 
2731	48 
2732	20 
2733	6 37 42 
2734	122 
2735	118 
2736	110 
2737	61 
2738	109 
2739	12 
2740	44 
2741	107 
2742	142 
2743	93 
2744	18 
2745	47 
2746	70 
2747	26 
2748	127 128 135 
2749	10 98 106 
2750	92 
2751	93 
2752	92 
2753	130 
2754	116 
2755	78 
2756	40 
2757	140 
2758	5 
2759	101 
2760	4 50 65 
2761	56 
2762	10 11 115 
2763	90 
2764	71 
2765	138 
2766	144 
2767	16 
2768	105 
2769	133 
2770	9 
2771	93 
2772	147 
2773	99 
2774	40 
2775	111 
2776	92 
2777	145 
2778	72 
2779	18 
2780	59 
2781	112 
2782	100 
2783	62 
2784	38 
2785	111 
2786	80 87 137 
2787	138 
2788	37 
2789	70 
2790	137 
2791	122 
2792	104 
2793	147 
2794	103 
2795	4 
2796	53 
2797	62 
2798	87 
2799	42 82 120 
2800	65 
2801	60 
2802	21 
2803	27 86 135 
2804	26 
2805	107 
2806	29 30 87 
2807	72 119 130 
2808	52 66 111 
2809	29 
2810	69 
2811	31 
2812	142 
2813	56 
2814	98 
2815	121 
2816	23 
2817	14 
2818	4 
2819	65 
2820	61 64 73 
2821	90 
2822	92 
2823	61 
2824	31 
2825	24 59 131 
2826	94 
2827	22 
2828	147 
2829	53 
2830	67 
2831	12 
2832	86 109 121 
2833	115 
2834	47 
2835	16 
2836	35 121 140 
2837	146 
2838	22 
2839	42 
2840	135 
2841	119 
2842	138 
2843	61 
2844	40 
2845	12 40 98 
2846	63 99 102 
2847	40 
2848	1 13 73 
2849	56 
2850	50 
2851	126 
2852	145 
2853	126 
2854	94 
2855	98 
2856	144 
2857	7 
2858	23 
2859	108 
2860	51 
2861	35 
2862	32 33 127 
2863	146 
2864	91 
2865	31 
2866	69 70 77 
2867	12 128 135 
2868	64 
2869	120 
2870	25 
2871	55 72 87 
2872	70 
2873	25 
2874	124 
2875	58 
2876	86 92 120 
2877	64 
2878	88 
2879	102 
2880	103 
2881	8 37 107 
2882	121 
2883	138 
2884	103 
2885	147 
2886	111 
2887	72 76 133 
2888	48 
2889	14 82 146 
2890	38 
2891	91 
2892	51 
2893	44 
2894	53 
2895	24 
2896	56 
2897	23 
2898	1 
2899	19 83 127 
2900	15 26 64 
2901	126 
2902	134 
2903	80 
2904	54 
2905	9 
2906	99 
2907	23 
2908	115 
2909	53 
2910	10 51 131 
2911	94 
2912	68 
2913	31 96 122 
2914	83 102 128 
2915	22 
2916	112 118 119 
2917	11 80 117 
2918	37 
2919	9 
2920	51 116 119 
2921	118 
2922	5 84 105 
2923	22 53 119 
2924	26 96 116 
2925	130 
2926	140 
2927	75 
2928	44 
2929	144 
2930	80 
2931	127 
2932	2 55 131 
2933	44 75 128 
2934	135 
2935	82 
2936	108 
2937	41 
2938	52 
2939	79 
2940	5 35 56 
2941	124 
2942	34 123 146 
2943	142 
2944	1 12 92 
2945	36 37 139 
2946	61 85 96 
2947	75 
2948	140 
2949	55 
2950	40 
2951	124 
2952	71 
2953	140 
2954	79 
2955	32 
2956	90 
2957	12 
2958	56 
2959	51 
2960	82 
2961	126 
2962	106 
2963	137 
2964	1 111 135 
2965	95 100 125 
2966	42 
2967	23 
2968	30 
2969	108 
2970	37 
2971	127 
2972	12 
2973	43 
2974	105 
2975	40 58 104 
2976	46 144 146 
2977	24 
2978	144 
2979	57 
2980	44 111 138 
2981	113 
2982	140 
2983	55 
2984	98 
2985	86 
2986	59 
2987	107 
2988	22 79 113 
2989	146 
2990	2 65 73 
2991	105 
2992	62 
2993	54 
2994	26 73 101 
2995	21 69 147 
2996	64 
2997	54 63 146 
2998	48 
2999	77 
3000	32 115 120 
3001	1 2 137 
3002	82 
3003	18 127 140 
3004	104 120 123 
3005	74 
3006	73 
3007	140 
3008	1 
3009	33 55 63 
3010	3 
3011	29 
3012	46 
3013	51 
3014	45 
3015	46 
3016	10 
3017	25 
3018	5 
3019	121 
3020	92 
3021	130 
3022	84 
3023	71 
3024	111 
3025	66 94 124 
3026	37 
3027	67 
3028	55 
3029	40 
3030	1 
3031	53 
3032	18 
3033	49 55 118 
3034	123 
3035	135 
3036	79 
3037	61 
3038	89 
3039	122 
3040	53 
3041	52 
3042	131 
3043	51 
3044	11 
3045	56 
3046	94 
3047	69 
3048	88 
3049	62 
3050	17 
3051	66 69 131 
3052	116 
3053	105 
3054	92 
3055	125 
3056	143 
3057	40 
3058	114 
3059	12 80 82 
3060	66 76 92 
3061	67 109 111 
3062	130 
3063	54 
3064	10 
3065	90 
3066	20 98 117 
3067	20 
3068	12 
3069	56 
3070	12 
3071	108 
3072	18 
3073	126 
3074	130 
3075	77 
3076	89 
3077	141 
3078	43 
3079	2 48 69 
3080	37 
3081	10 37 144 
3082	1 33 134 
3083	40 
3084	99 
3085	30 46 120 
3086	71 
3087	85 
3088	93 108 138 
3089	3 40 53 
3090	7 
3091	77 
3092	20 
3093	127 
3094	82 
3095	26 
3096	21 
3097	12 
3098	32 
3099	11 104 140 
3100	44 
3101	94 
3102	32 65 138 
3103	57 
3104	121 
3105	13 31 89 
3106	69 
3107	99 104 122 
3108	24 65 137 
3109	104 
3110	9 
3111	51 
3112	105 
3113	44 
3114	60 
3115	21 
3116	7 29 37 
3117	110 127 140 
3118	55 
3119	105 
3120	76 
3121	44 
3122	89 113 145 
3123	78 
3124	84 
3125	40 
3126	13 
3127	110 
3128	47 
3129	98 
3130	128 
3131	116 
3132	8 
3133	43 114 127 
3134	45 
3135	70 
3136	79 120 130 
3137	128 
3138	39 
3139	52 110 146 
3140	80 
3141	127 
3142	25 113 146 
3143	37 
3144	109 
3145	30 
3146	90 
3147	139 
3148	5 
3149	33 
3150	39 
3151	80 
3152	85 
3153	133 
3154	98 
3155	46 
3156	117 
3157	17 
3158	108 
3159	95 
3160	75 
3161	69 
3162	6 
3163	75 
3164	77 
3165	74 
3166	128 
3167	120 
3168	72 
3169	115 
3170	22 
3171	19 
3172	67 
3173	70 
3174	9 
3175	24 
3176	50 
3177	12 
3178	35 
3179	30 
3180	147 
3181	21 
3182	92 
3183	144 
3184	126 
3185	129 
3186	12 
3187	87 
3188	19 
3189	31 
3190	135 
3191	97 
3192	1 33 144 
3193	1 
3194	55 99 135 
3195	40 
3196	100 
3197	136 
3198	3 
3199	35 96 127 
3200	8 
3201	135 
3202	68 
3203	147 
3204	123 
3205	7 67 104 
3206	48 
3207	70 
3208	5 49 124 
3209	2 
3210	132 
3211	111 
3212	1 
3213	109 
3214	96 
3215	12 
3216	61 
3217	55 
3218	48 
3219	68 
3220	98 
3221	25 
3222	43 121 126 
3223	138 
3224	83 
3225	47 
3226	27 
3227	22 
3228	99 
3229	34 105 107 
3230	58 
3231	133 
3232	63 73 135 
3233	106 
3234	65 117 140 
3235	28 
3236	68 
3237	44 
3238	92 
3239	3 
3240	117 119 142 
3241	112 
3242	79 
3243	99 
3244	29 
3245	90 
3246	90 
3247	37 
3248	37 
3249	108 
3250	91 
3251	7 
3252	105 
3253	27 
3254	9 141 147 
3255	100 
3256	10 73 104 
3257	104 
3258	99 
3259	26 
3260	140 
3261	62 82 117 
3262	18 
3263	37 99 114 
3264	13 
3265	93 
3266	4 
3267	29 
3268	63 
3269	7 69 121 
3270	108 
3271	86 
3272	99 
3273	90 99 111 
3274	49 79 95 
3275	52 110 128 
3276	116 
3277	56 124 143 
3278	74 
3279	112 
3280	8 
3281	92 
3282	26 29 37 
3283	44 
3284	22 87 132 
3285	92 
3286	124 
3287	98 
3288	65 94 130 
3289	12 
3290	106 
3291	78 
3292	8 
3293	115 
3294	111 
3295	138 
3296	65 
3297	118 
3298	31 
3299	24 97 112 
3300	16 
3301	23 
3302	77 
3303	95 
3304	82 
3305	77 
3306	100 
3307	20 
3308	69 
3309	84 85 97 
3310	95 
3311	13 
3312	45 
3313	90 
3314	48 
3315	104 
3316	133 
3317	2 37 46 
3318	54 
3319	128 
3320	144 
3321	17 
3322	56 
3323	117 
3324	10 
3325	55 124 146 
3326	23 45 78 
3327	114 
3328	53 
3329	21 
3330	119 
3331	124 
3332	147 
3333	43 
3334	10 
3335	8 
3336	26 
3337	114 
3338	108 
3339	51 67 127 
3340	33 
3341	73 
3342	137 
3343	138 
3344	8 
3345	7 98 129 
3346	40 
3347	18 
3348	18 128 138 
3349	20 
3350	97 
3351	115 
3352	67 
3353	69 
3354	82 92 130 
3355	16 
3356	9 
3357	31 
3358	40 119 135 
3359	21 77 102 
3360	74 
3361	35 48 99 
3362	17 28 72 
3363	96 
3364	98 
3365	124 
3366	51 
3367	33 
3368	35 55 113 
3369	53 91 125 
3370	55 
3371	15 99 134 
3372	127 
3373	56 
3374	18 
3375	21 
3376	144 
3377	117 
3378	78 
3379	11 
3380	74 
3381	26 
3382	138 
3383	119 
3384	50 124 139 
3385	135 
3386	129 
3387	99 
3388	85 
3389	25 
3390	6 
3391	45 
3392	85 
3393	144 
3394	13 
3395	80 
3396	73 
3397	16 80 142 
3398	91 
3399	118 
3400	9 61 146 
3401	49 
3402	90 94 129 
3403	147 
3404	3 42 58 
3405	77 
3406	92 
3407	58 
3408	100 
3409	44 110 127 
3410	9 43 138 
3411	39 45 54 
3412	36 57 93 
3413	93 
3414	45 
3415	95 
3416	50 
3417	65 
3418	1 
3419	47 88 140 
3420	89 
3421	115 
3422	113 
3423	74 
3424	59 
3425	53 66 99 
3426	9 
3427	52 
3428	147 
3429	69 
3430	9 
3431	12 59 112 
3432	16 
3433	44 52 145 
3434	82 
3435	140 
3436	140 
3437	69 
3438	117 
3439	82 
3440	119 
3441	42 
3442	51 76 147 
3443	37 
3444	71 
3445	9 
3446	102 
3447	83 
3448	94 
3449	48 
3450	68 86 142 
3451	64 
3452	123 
3453	40 50 119 
3454	138 140 141 
3455	24 
3456	3 9 10 
3457	56 90 92 
3458	75 
3459	50 56 117 
3460	119 
3461	1 
3462	40 
3463	68 
3464	54 
3465	58 
3466	21 
3467	50 
3468	124 
3469	93 
3470	94 
3471	87 
3472	50 
3473	12 
3474	48 
3475	66 73 110 
3476	9 22 73 
3477	9 
3478	147 
3479	20 
3480	129 
3481	22 
3482	50 
3483	103 
3484	58 
3485	108 
3486	74 
3487	69 
3488	93 
3489	126 
3490	118 
3491	27 
3492	146 
3493	67 
3494	128 
3495	56 
3496	129 
3497	51 
3498	96 107 114 
3499	91 
3500	12 
3501	97 
3502	44 87 102 
3503	23 
3504	138 
3505	59 70 124 
3506	137 
3507	12 
3508	95 
3509	135 
3510	144 
3511	55 
3512	51 58 114 
3513	1 45 138 
3514	21 
3515	136 
3516	111 
3517	109 
3518	17 
3519	38 
3520	72 
3521	38 126 146 
3522	38 
3523	147 
3524	16 46 50 
3525	128 
3526	72 
3527	144 
3528	92 
3529	7 39 140 
3530	7 20 89 
3531	128 
3532	18 61 82 
3533	54 
3534	56 64 137 
3535	67 
3536	101 
3537	140 
3538	117 
3539	122 
3540	138 
3541	20 
3542	138 
3543	39 
3544	114 
3545	19 
3546	53 
3547	30 
3548	58 
3549	140 
3550	98 
3551	89 
3552	37 
3553	6 
3554	73 
3555	23 
3556	55 
3557	87 
3558	40 
3559	127 
3560	9 125 144 
3561	82 111 112 
3562	96 
3563	2 
3564	70 
3565	52 58 79 
3566	70 105 119 
3567	103 
3568	144 
3569	147 
3570	92 
3571	48 
3572	28 44 56 
3573	11 
3574	131 
3575	87 90 134 
3576	21 
3577	81 98 116 
3578	95 
3579	32 
3580	18 
3581	12 
3582	66 
3583	136 
3584	144 
3585	23 
3586	132 
3587	64 
3588	140 
3589	85 
3590	139 
3591	55 130 147 
3592	48 
3593	9 25 113 
3594	128 
3595	90 
3596	81 
3597	141 
3598	19 
3599	113 
3600	50 94 110 
3601	67 
3602	65 
3603	147 
3604	129 
3605	8 28 30 
3606	63 
3607	100 
3608	59 
3609	4 
3610	30 
3611	34 74 120 
3612	2 100 140 
3613	20 
3614	97 
3615	73 
3616	73 
3617	9 
3618	51 
3619	13 124 139 
3620	124 
3621	100 
3622	16 
3623	12 
3624	11 45 91 
3625	1 6 62 
3626	108 
3627	147 
3628	73 77 97 
3629	125 
3630	68 
3631	21 
3632	80 
3633	84 
3634	38 
3635	98 
3636	105 
3637	109 
3638	8 
3639	119 
3640	9 17 144 
3641	74 
3642	50 
3643	56 66 79 
3644	105 
3645	138 
3646	18 
3647	23 
3648	74 
3649	11 
3650	113 
3651	40 64 135 
3652	56 
3653	1 
3654	44 
3655	73 
3656	90 
3657	89 
3658	110 127 128 
3659	42 
3660	73 
3661	48 
3662	3 
3663	15 75 128 
3664	92 
3665	68 
3666	25 
3667	107 
3668	80 128 147 
3669	9 
3670	65 75 90 
3671	139 
3672	10 45 47 
3673	80 
3674	94 
3675	96 
3676	1 57 97 
3677	1 34 115 
3678	136 
3679	97 
3680	79 
3681	82 
3682	96 
3683	82 
3684	90 
3685	80 
3686	126 
3687	55 
3688	61 70 124 
3689	98 
3690	90 
3691	69 105 117 
3692	110 
3693	105 
3694	113 
3695	73 
3696	6 9 111 
3697	147 
3698	32 
3699	44 
3700	134 
3701	123 
3702	26 
3703	29 
3704	19 32 131 
3705	44 
3706	12 54 138 
3707	13 59 147 
3708	17 
3709	104 
3710	26 
3711	65 
3712	102 
3713	138 
3714	8 97 114 
3715	69 
3716	38 
3717	138 
3718	70 73 85 
3719	19 
3720	9 
3721	7 
3722	147 
3723	66 
3724	107 
3725	13 
3726	106 
3727	111 
3728	2 
3729	144 
3730	38 55 69 
3731	68 138 147 
3732	38 
3733	58 
3734	107 
3735	108 
3736	48 
3737	144 
3738	142 
3739	120 
3740	58 
3741	108 
3742	141 
3743	139 
3744	69 
3745	105 
3746	69 96 108 
3747	21 77 78 
3748	13 
3749	106 
3750	39 70 85 
3751	6 
3752	54 81 147 
3753	56 
3754	42 
3755	120 
3756	126 
3757	84 
3758	23 85 128 
3759	97 
3760	55 
3761	40 63 74 
3762	38 
3763	8 
3764	98 
3765	1 135 139 
3766	25 
3767	55 
3768	55 
3769	89 
3770	144 
3771	42 
3772	126 
3773	17 
3774	56 101 130 
3775	63 
3776	38 
3777	111 
3778	46 59 91 
3779	50 
3780	44 106 107 
3781	40 
3782	18 33 92 
3783	100 
3784	1 
3785	110 
3786	7 
3787	147 
3788	102 
3789	100 
3790	140 
3791	33 
3792	43 
3793	139 
3794	104 
3795	16 
3796	8 55 129 
3797	138 
3798	19 23 70 
3799	108 
3800	113 
3801	72 114 117 
3802	91 101 111 
3803	24 
3804	12 33 49 
3805	129 
3806	10 
3807	70 
3808	117 
3809	18 
3810	12 85 120 
3811	15 
3812	25 41 119 
3813	75 
3814	73 
3815	89 
3816	86 
3817	17 144 147 
3818	70 
3819	1 18 66 
3820	60 69 99 
3821	40 
3822	1 28 124 
3823	137 
3824	1 
3825	16 110 137 
3826	146 
3827	51 
3828	48 
3829	140 
3830	138 
3831	71 
3832	58 
3833	29 
3834	17 
3835	77 
3836	107 
3837	75 
3838	3 85 128 
3839	46 
3840	50 
3841	108 
3842	110 
3843	10 
3844	72 
3845	144 
3846	127 
3847	6 63 109 
3848	12 
3849	53 82 119 
3850	33 
3851	108 
3852	2 94 120 
3853	10 22 128 
3854	126 
3855	17 62 101 
3856	90 
3857	109 
3858	65 
3859	67 
3860	133 
3861	100 
3862	103 
3863	69 
3864	25 80 90 
3865	66 
3866	46 
3867	22 55 146 
3868	89 90 124 
3869	144 
3870	21 26 97 
3871	33 
3872	18 
3873	126 
3874	90 
3875	80 
3876	91 
3877	110 
3878	140 
3879	105 
3880	48 
3881	13 
3882	18 36 48 
3883	114 
3884	103 
3885	30 
3886	65 
3887	38 
3888	9 126 147 
3889	58 
3890	23 98 128 
3891	17 80 143 
3892	32 
3893	20 48 147 
3894	18 48 86 
3895	37 
3896	9 
3897	108 115 140 
3898	22 27 95 
3899	129 
3900	90 
3901	55 65 88 
3902	56 
3903	56 
3904	9 10 79 
3905	22 102 108 
3906	11 23 65 
3907	107 
3908	111 
3909	110 
3910	61 97 113 
3911	53 100 123 
3912	8 50 63 
3913	130 
3914	121 
3915	82 
3916	17 
3917	146 
3918	72 
3919	24 
3920	128 
3921	9 90 147 
3922	18 38 126 
3923	123 
3924	10 33 114 
3925	65 80 96 
3926	18 74 131 
3927	24 57 69 
3928	13 21 55 
3929	111 
3930	53 
3931	10 
3932	132 
3933	133 
3934	69 
3935	127 
3936	23 
3937	3 
3938	8 90 113 
3939	92 
3940	99 
3941	52 
3942	12 
3943	44 56 91 
3944	2 
3945	134 
3946	30 
3947	72 130 134 
3948	108 
3949	13 72 87 
3950	53 
3951	119 
3952	64 
3953	54 
3954	53 72 90 
3955	13 17 51 
3956	11 
3957	119 
3958	99 
3959	4 
3960	51 
3961	44 51 92 
3962	94 
3963	64 
3964	42 
3965	119 
3966	9 
3967	124 
3968	123 
3969	98 
3970	89 
3971	21 
3972	64 103 117 
3973	1 
3974	66 
3975	6 36 66 
3976	55 
3977	56 
3978	99 
3979	69 
3980	32 
3981	69 
3982	117 
3983	90 
3984	17 
3985	44 
3986	66 
3987	147 
3988	4 
3989	96 
3990	147 
3991	93 
3992	73 87 133 
3993	111 
3994	13 36 92 
3995	144 
3996	119 
3997	27 81 140 
3998	7 50 104 
3999	142 
4000	99 
4001	144 
4002	91 
4003	51 
4004	26 
4005	44 
4006	100 
4007	138 
4008	82 
4009	98 
4010	96 
4011	46 65 82 
4012	26 87 100 
4013	40 
4014	20 
4015	56 
4016	112 
4017	55 101 117 
4018	98 
4019	90 
4020	138 
4021	43 83 126 
4022	30 
4023	45 
4024	45 
4025	129 
4026	133 
4027	73 117 121 
4028	4 
4029	140 
4030	120 
4031	35 79 92 
4032	90 
4033	41 87 132 
4034	7 
4035	30 53 117 
4036	3 
4037	5 33 51 
4038	133 
4039	115 
4040	28 98 126 
4041	23 
4042	48 
4043	84 
4044	98 
4045	43 
4046	31 
4047	41 68 105 
4048	119 
4049	109 
4050	135 
4051	92 
4052	134 
4053	139 
4054	45 66 68 
4055	111 
4056	100 
4057	7 
4058	27 54 68 
4059	12 
4060	96 
4061	96 
4062	56 
4063	18 
4064	66 
4065	117 
4066	16 119 147 
4067	37 
4068	107 
4069	7 
4070	96 
4071	131 
4072	144 
4073	11 
4074	90 
4075	8 119 144 
4076	134 
4077	101 
4078	131 
4079	85 
4080	32 48 79 
4081	65 
4082	64 
4083	54 
4084	26 
4085	86 
4086	135 
4087	89 
4088	54 
4089	7 
4090	64 
4091	22 86 130 
4092	4 
4093	99 
4094	114 
4095	91 
4096	112 
4097	90 
4098	43 75 84 
4099	16 
4100	133 
4101	42 56 135 
4102	16 
4103	124 
4104	91 
4105	55 126 130 
4106	92 
4107	126 
4108	69 83 98 
4109	36 
4110	35 119 137 
4111	90 
4112	22 
4113	75 
4114	129 
4115	77 
4116	79 
4117	64 
4118	115 
4119	109 
4120	53 
4121	7 
4122	117 
4123	98 
4124	105 
4125	21 
4126	66 
4127	65 
4128	17 100 146 
4129	18 
4130	104 
4131	52 
4132	82 
4133	4 80 84 
4134	64 
4135	73 
4136	97 
4137	101 
4138	8 
4139	38 
4140	54 
4141	2 
4142	69 
4143	56 
4144	66 
4145	146 
4146	119 
4147	45 
4148	34 
4149	16 
4150	29 
4151	61 
4152	3 55 116 
4153	114 
4154	43 94 109 
4155	100 
4156	4 77 134 
4157	17 48 126 
4158	8 
4159	134 
4160	52 
4161	58 
4162	46 
4163	1 17 37 
4164	18 38 86 
4165	68 99 113 
4166	35 
4167	130 
4168	1 140 144 
4169	94 
4170	142 
4171	80 
4172	51 54 141 
4173	129 
4174	20 40 130 
4175	19 
4176	64 
4177	16 
4178	24 
4179	45 103 136 
4180	128 
4181	92 
4182	9 
4183	115 
4184	123 
4185	117 
4186	142 
4187	39 73 101 
4188	135 
4189	23 27 141 
4190	23 
4191	48 100 108 
4192	73 
4193	30 
4194	20 
4195	72 
4196	96 116 118 
4197	119 
4198	1 48 122 
4199	75 
4200	66 
4201	21 
4202	4 72 119 
4203	104 
4204	35 
4205	128 
4206	80 
4207	29 
4208	46 47 135 
4209	140 
4210	129 
4211	64 
4212	129 
4213	75 76 77 
4214	118 
4215	126 
4216	68 
4217	130 
4218	68 
4219	99 
4220	129 
4221	17 
4222	86 
4223	2 51 99 
4224	108 
4225	16 17 74 
4226	94 
4227	78 79 128 
4228	44 105 111 
4229	121 
4230	65 
4231	25 51 100 
4232	5 51 147 
4233	10 
4234	124 
4235	2 87 118 
4236	99 
4237	96 
4238	129 
4239	43 
4240	8 
4241	144 
4242	74 
4243	92 136 139 
4244	48 
4245	129 
4246	44 
4247	67 
4248	67 
4249	22 
4250	22 72 126 
4251	106 
4252	72 
4253	64 
4254	135 
4255	17 
4256	30 
4257	49 128 146 
4258	1 
4259	53 
4260	69 
4261	8 
4262	7 79 129 
4263	50 94 137 
4264	85 138 140 
4265	55 
4266	90 
4267	126 
4268	8 
4269	101 
4270	13 
4271	45 
4272	132 
4273	36 
4274	21 
4275	118 
4276	139 
4277	65 
4278	82 
4279	34 104 121 
4280	35 113 143 
4281	126 
4282	8 
4283	33 
4284	79 
4285	8 
4286	52 
4287	2 
4288	12 
4289	33 
4290	58 119 127 
4291	20 40 106 
4292	36 
4293	48 
4294	56 
4295	130 
4296	67 121 131 
4297	46 86 89 
4298	50 
4299	37 
4300	90 
4301	70 
4302	11 26 64 
4303	70 
4304	79 
4305	12 
4306	24 
4307	139 
4308	80 
4309	98 
4310	30 60 71 
4311	142 
4312	114 
4313	127 
4314	2 
4315	120 
4316	94 
4317	48 86 119 
4318	140 
4319	90 
4320	134 
4321	100 
4322	127 
4323	75 
4324	10 
4325	132 
4326	140 
4327	35 
4328	19 
4329	30 64 147 
4330	117 
4331	26 
4332	68 
4333	100 
4334	22 44 90 
4335	58 
4336	18 
4337	38 
4338	127 
4339	138 
4340	129 
4341	55 72 119 
4342	24 36 104 
4343	59 120 137 
4344	105 
4345	40 
4346	2 
4347	19 
4348	85 
4349	66 85 105 
4350	147 
4351	107 
4352	138 
4353	98 
4354	90 
4355	31 127 133 
4356	53 
4357	66 
4358	100 
4359	90 
4360	46 
4361	118 
4362	48 79 146 
4363	72 
4364	40 78 146 
4365	117 
4366	44 56 65 
4367	104 
4368	20 130 141 
4369	53 
4370	131 
4371	60 102 128 
4372	68 
4373	44 
4374	114 
4375	120 
4376	9 
4377	118 
4378	45 
4379	44 
4380	144 
4381	51 
4382	64 80 140 
4383	108 
4384	146 
4385	51 
4386	92 
4387	22 
4388	105 
4389	140 
4390	42 
4391	110 
4392	133 
4393	72 79 147 
4394	23 32 41 
4395	128 
4396	73 
4397	141 
4398	12 
4399	132 
4400	108 
4401	17 
4402	23 
4403	142 
4404	24 
4405	70 90 126 
4406	86 94 104 
4407	73 
4408	133 
4409	37 
4410	31 66 103 
4411	111 
4412	15 80 122 
4413	70 
4414	144 
4415	72 
4416	90 
4417	98 100 108 
4418	67 
4419	26 
4420	84 
4421	74 
4422	45 
4423	26 
4424	18 75 99 
4425	43 
4426	17 
4427	68 
4428	97 
4429	23 
4430	34 44 50 
4431	21 54 96 
4432	24 
4433	67 100 130 
4434	8 
4435	82 
4436	128 
4437	96 
4438	107 
4439	7 110 124 
4440	99 
4441	124 
4442	79 
4443	1 
4444	18 40 128 
4445	89 
4446	82 
4447	77 
4448	51 
4449	63 
4450	43 
4451	147 
4452	40 65 142 
4453	19 
4454	132 
4455	119 
4456	147 
4457	12 
4458	11 67 77 
4459	138 
4460	33 110 138 
4461	53 119 140 
4462	129 
4463	44 54 72 
4464	73 
4465	11 12 64 
4466	63 
4467	140 
4468	74 
4469	140 141 146 
4470	44 
4471	11 
4472	21 66 122 
4473	22 
4474	139 
4475	1 
4476	26 71 99 
4477	138 
4478	120 
4479	75 
4480	53 
4481	146 
4482	64 
4483	128 
4484	35 
4485	72 80 130 
4486	33 
4487	120 
4488	46 
4489	44 80 133 
4490	64 
4491	111 
4492	51 100 124 
4493	138 
4494	72 
4495	113 
4496	1 
4497	80 
4498	23 90 146 
4499	140 
4500	92 
4501	26 36 71 
4502	19 48 144 
4503	96 
4504	119 
4505	92 
4506	37 
4507	56 110 139 
4508	15 26 126 
4509	90 
4510	115 
4511	87 
4512	51 
4513	23 97 109 
4514	28 116 138 
4515	1 
4516	146 
4517	36 
4518	140 
4519	9 73 140 
4520	17 
4521	21 36 58 
4522	69 91 108 
4523	50 
4524	2 
4525	58 127 135 
4526	96 
4527	46 107 144 
4528	87 
4529	64 
4530	33 
4531	26 
4532	131 
4533	147 
4534	135 
4535	36 
4536	26 119 123 
4537	22 
4538	54 
4539	146 
4540	11 
4541	32 
4542	70 
4543	69 
4544	64 
4545	23 62 64 
4546	140 
4547	35 
4548	36 64 117 
4549	111 
4550	11 127 129 
4551	73 
4552	105 
4553	23 33 99 
4554	80 
4555	69 99 137 
4556	126 
4557	138 
4558	15 18 87 
4559	97 
4560	129 
4561	40 
4562	114 
4563	100 
4564	74 
4565	111 
4566	42 
4567	24 
4568	9 48 54 
4569	37 99 111 
4570	100 
4571	142 
4572	113 
4573	22 56 68 
4574	24 
4575	37 84 144 
4576	82 
4577	44 
4578	11 
4579	65 
4580	45 
4581	12 39 90 
4582	89 
4583	33 
4584	7 
4585	82 
4586	22 
4587	89 
4588	24 28 38 
4589	87 
4590	44 
4591	12 22 103 
4592	70 111 113 
4593	134 
4594	19 
4595	64 
4596	42 
4597	72 
4598	147 
4599	2 
4600	128 
4601	107 
4602	51 70 139 
4603	9 48 55 
4604	77 
4605	58 
4606	95 135 138 
4607	115 
4608	89 
4609	42 43 132 
4610	54 94 130 
4611	66 
4612	108 
4613	91 
4614	44 55 100 
4615	62 69 79 
4616	11 44 77 
4617	18 22 33 
4618	12 50 85 
4619	40 
4620	55 
4621	114 
4622	20 44 64 
4623	42 91 141 
4624	90 
4625	46 
4626	119 
4627	97 
4628	68 
4629	98 
4630	73 
4631	128 
4632	100 
4633	44 
4634	111 
4635	56 68 111 
4636	144 
4637	79 137 145 
4638	28 108 142 
4639	72 
4640	11 21 52 
4641	140 
4642	53 117 130 
4643	115 
4644	74 
4645	67 90 99 
4646	132 
4647	56 
4648	54 
4649	11 56 87 
4650	138 
4651	91 
4652	82 
4653	12 
4654	36 53 80 
4655	8 
4656	55 56 111 
4657	142 
4658	43 94 128 
4659	33 106 141 
4660	100 
4661	100 
4662	127 
4663	30 
4664	146 
4665	85 105 138 
4666	140 
4667	79 90 138 
4668	72 
4669	44 
4670	127 
4671	117 
4672	119 
4673	128 
4674	140 
4675	28 42 144 
4676	115 
4677	126 
4678	66 
4679	26 
4680	82 
4681	82 
4682	33 72 74 
4683	7 33 66 
4684	66 69 126 
4685	1 63 68 
4686	110 
4687	18 
4688	73 
4689	79 
4690	2 
4691	1 9 117 
4692	1 
4693	108 
4694	18 
4695	111 
4696	85 
4697	46 
4698	54 112 130 
4699	104 
4700	19 73 106 
4701	80 
4702	68 
4703	44 93 98 
4704	82 
4705	30 81 134 
4706	82 95 121 
4707	91 
4708	2 
4709	105 
4710	100 
4711	129 
4712	46 
4713	38 98 106 
4714	18 
4715	48 
4716	100 
4717	43 46 71 
4718	37 144 147 
4719	12 79 84 
4720	53 71 130 
4721	96 
4722	141 
4723	89 
4724	30 
4725	11 13 69 
4726	97 
4727	17 
4728	127 
4729	30 96 110 
4730	9 
4731	142 
4732	144 
4733	69 
4734	50 
4735	144 
4736	119 
4737	147 
4738	26 
4739	40 
4740	62 115 146 
4741	131 
4742	65 
4743	128 
4744	37 46 129 
4745	79 
4746	68 
4747	71 80 138 
4748	7 117 145 
4749	73 
4750	117 
4751	44 
4752	7 47 72 
4753	18 
4754	18 
4755	77 
4756	58 96 105 
4757	115 
4758	119 
4759	9 
4760	69 
4761	55 
4762	98 
4763	56 
4764	115 
4765	140 
4766	37 
4767	110 
4768	49 77 96 
4769	64 
4770	68 117 131 
4771	30 65 117 
4772	85 
4773	9 
4774	17 83 147 
4775	127 
4776	21 
4777	139 
4778	53 
4779	111 130 146 
4780	58 
4781	22 
4782	126 
4783	72 
4784	146 
4785	90 
4786	33 
4787	80 
4788	97 
4789	11 
4790	1 29 141 
4791	108 
4792	65 
4793	120 
4794	126 
4795	128 
4796	91 101 110 
4797	87 
4798	49 52 72 
4799	105 
4800	138 
4801	34 87 98 
4802	54 
4803	67 
4804	79 
4805	72 80 87 
4806	1 117 138 
4807	48 
4808	1 
4809	48 
4810	124 
4811	141 
4812	73 
4813	44 
4814	139 
4815	124 
4816	108 
4817	9 60 82 
4818	12 
4819	1 
4820	67 
4821	33 
4822	144 
4823	42 
4824	23 29 90 
4825	56 90 97 
4826	96 127 144 
4827	33 
4828	18 87 119 
4829	82 
4830	24 98 123 
4831	142 
4832	22 67 117 
4833	147 
4834	105 
4835	46 
4836	113 
4837	8 31 121 
4838	66 94 128 
4839	11 
4840	9 17 65 
4841	18 
4842	73 
4843	70 
4844	130 
4845	69 
4846	142 
4847	28 65 145 
4848	65 
4849	64 
4850	127 
4851	110 
4852	92 
4853	124 
4854	147 
4855	17 
4856	71 103 132 
4857	53 
4858	58 
4859	74 80 114 
4860	44 
4861	105 
4862	111 
4863	28 52 115 
4864	68 
4865	135 
4866	8 
4867	10 138 141 
4868	14 111 114 
4869	21 
4870	12 26 96 
4871	138 
4872	135 
4873	128 
4874	73 
4875	85 
4876	8 
4877	30 
4878	38 
4879	139 
4880	40 
4881	40 
4882	22 
4883	92 
4884	146 
4885	126 
4886	82 
4887	72 
4888	91 
4889	74 
4890	26 
4891	77 
4892	23 
4893	22 28 34 
4894	73 
4895	69 119 130 
4896	11 
4897	50 
4898	92 
4899	89 
4900	53 
4901	9 37 80 
4902	34 99 131 
4903	5 58 140 
4904	48 
4905	22 
4906	100 
4907	67 
4908	111 
4909	19 63 98 
4910	69 
4911	91 
4912	54 
4913	58 
4914	74 
4915	127 
4916	40 
4917	26 
4918	98 
4919	42 91 144 
4920	85 
4921	100 
4922	38 
4923	33 80 139 
4924	50 
4925	135 
4926	17 23 135 
4927	67 
4928	23 
4929	104 
4930	129 
4931	73 
4932	1 44 126 
4933	67 
4934	120 
4935	96 
4936	138 
4937	120 
4938	8 49 108 
4939	9 
4940	99 
4941	119 
4942	35 69 90 
4943	55 
4944	15 55 98 
4945	111 
4946	33 110 139 
4947	108 
4948	66 
4949	44 48 68 
4950	113 
4951	28 98 99 
4952	99 
4953	46 83 102 
4954	35 123 140 
4955	142 
4956	22 
4957	72 
4958	111 
4959	64 
4960	40 
4961	92 
4962	70 80 113 
4963	65 127 128 
4964	56 
4965	12 
4966	12 
4967	12 48 76 
4968	80 
4969	9 
4970	91 
4971	55 
4972	9 
4973	69 
4974	18 75 104 
4975	66 
4976	77 
4977	130 
4978	90 
4979	9 
4980	146 
4981	62 106 138 
4982	1 
4983	33 35 124 
4984	18 
4985	50 90 105 
4986	56 
4987	140 
4988	12 
4989	105 
4990	3 23 35 
4991	44 
4992	38 
4993	141 143 146 
4994	22 
4995	138 
4996	26 
4997	55 
4998	111 127 147 
4999	23 73 98 
5000	26 50 69 
