1	30 
2	9 
3	17 
4	8 
5	24 
6	13 
7	28 
8	30 
9	19 
10	2 
11	18 
12	22 
13	25 
14	28 
15	14 
16	24 
17	2 
18	2 
19	17 
20	7 9 14 
21	1 15 28 
22	17 
23	3 20 27 
24	9 
25	1 5 21 
26	9 
27	6 
28	1 5 15 
29	15 
30	16 
31	9 22 25 
32	15 
33	3 26 27 
34	5 
35	20 
36	1 6 28 
37	3 
38	18 
39	16 
40	19 
41	1 5 29 
42	18 
43	5 11 13 
44	2 
45	9 
46	1 13 15 
47	2 
48	10 
49	7 11 28 
50	26 
51	15 
52	1 
53	12 
54	15 
55	2 3 16 
56	2 
57	25 
58	16 
59	11 
60	8 
61	13 18 27 
62	2 15 27 
63	21 
64	29 
65	9 
66	1 2 29 
67	6 
68	13 
69	13 
70	8 
71	15 
72	1 9 21 
73	6 
74	10 
75	5 
76	18 
77	5 
78	27 
79	5 
80	5 
81	21 
82	6 
83	14 
84	8 
85	9 
86	6 8 20 
87	20 
88	7 
89	13 
90	22 
91	23 
92	18 
93	16 
94	3 
95	14 
96	28 
97	5 
98	27 
99	6 
100	6 
101	7 
102	20 
103	3 
104	11 
105	21 
106	10 
107	12 
108	21 
109	1 
110	27 
111	2 18 21 
112	2 
113	13 
114	3 
115	3 9 11 
116	28 
117	1 
118	11 
119	15 
120	13 
121	5 11 15 
122	1 
123	29 
124	22 
125	25 
126	16 
127	2 
128	3 
129	3 5 21 
130	4 
131	5 19 30 
132	21 
133	11 
134	27 
135	1 
136	8 25 27 
137	5 
138	30 
139	1 
140	5 
141	1 
142	1 
143	21 
144	6 
145	6 11 20 
146	21 
147	22 
148	15 
149	11 
150	5 
151	1 
152	21 
153	1 
154	21 
155	5 29 30 
156	11 
157	4 
158	25 
159	15 21 23 
160	14 
161	25 
162	21 
163	18 
164	13 23 27 
165	30 
166	15 
167	18 
168	12 
169	22 
170	3 
171	20 
172	26 
173	28 
174	26 
175	5 
176	23 
177	15 
178	22 
179	3 
180	22 
181	22 25 29 
182	9 
183	11 
184	22 
185	15 18 27 
186	27 
187	29 
188	29 
189	27 
190	8 
191	5 
192	14 18 30 
193	11 
194	9 11 28 
195	9 19 27 
196	18 
197	9 
198	23 
199	30 
200	15 
201	7 16 26 
202	25 
203	11 
204	25 
205	5 11 15 
206	26 
207	15 
208	17 
209	4 
210	1 5 29 
211	16 
212	6 
213	1 18 20 
214	13 18 24 
215	7 
216	21 
217	11 
218	27 
219	2 
220	10 
221	18 
222	6 
223	3 21 25 
224	23 
225	6 
226	27 
227	14 
228	10 
229	27 
230	11 22 27 
231	11 
232	2 
233	2 5 27 
234	28 
235	22 
236	30 
237	1 
238	16 
239	8 
240	5 
241	19 
242	21 
243	13 
244	14 
245	13 
246	25 
247	11 
248	6 
249	28 
250	2 5 21 
251	18 
252	15 
253	10 
254	22 
255	22 
256	16 
257	3 
258	7 
259	22 
260	1 
261	27 
262	21 
263	11 
264	2 
265	11 15 22 
266	2 
267	18 
268	12 
269	5 
270	28 
271	26 
272	21 
273	5 
274	7 
275	4 
276	6 16 19 
277	6 
278	12 
279	1 
280	5 
281	4 25 27 
282	6 
283	28 
284	1 11 28 
285	2 20 21 
286	15 
287	25 
288	8 
289	1 5 22 
290	2 
291	1 
292	1 
293	17 
294	13 
295	9 
296	8 
297	22 
298	3 9 24 
299	28 
300	21 
301	10 
302	28 
303	5 
304	1 5 23 
305	19 
306	21 
307	3 
308	11 
309	3 
310	9 
311	4 15 27 
312	2 
313	13 
314	15 
315	21 
316	23 
317	11 
318	2 23 30 
319	25 
320	6 22 25 
321	9 22 27 
322	3 
323	1 
324	5 
325	10 
326	27 
327	4 
328	1 15 30 
329	5 11 15 
330	8 
331	7 
332	26 
333	2 22 26 
334	27 
335	28 
336	29 
337	9 
338	8 11 22 
339	22 
340	23 
341	1 
342	1 
343	5 
344	3 
345	6 
346	3 6 22 
347	5 
348	12 
349	17 
350	20 
351	21 
352	5 
353	1 
354	17 
355	24 
356	11 
357	23 
358	17 
359	28 
360	8 
361	1 
362	4 13 25 
363	18 
364	9 
365	11 
366	2 17 25 
367	5 
368	11 
369	27 
370	1 24 25 
371	12 
372	1 
373	17 
374	24 
375	21 
376	1 
377	25 
378	5 22 25 
379	20 
380	1 22 28 
381	22 
382	10 
383	12 
384	8 17 21 
385	27 
386	15 
387	1 
388	17 
389	5 
390	23 
391	3 22 28 
392	6 
393	5 20 21 
394	15 
395	14 
396	1 
397	3 9 11 
398	22 
399	15 
400	5 
401	12 
402	5 
403	8 
404	9 18 30 
405	5 
406	15 
407	3 
408	22 25 28 
409	1 
410	3 
411	11 
412	1 4 26 
413	4 
414	5 11 19 
415	11 
416	1 2 15 
417	4 21 30 
418	19 
419	21 
420	23 
421	1 
422	16 
423	29 
424	23 
425	14 
426	13 
427	14 
428	14 
429	29 
430	3 
431	11 16 27 
432	21 
433	1 5 18 
434	4 
435	2 8 13 
436	15 
437	1 3 8 
438	23 
439	18 
440	4 5 25 
441	25 
442	16 26 28 
443	28 
444	17 
445	13 
446	11 
447	16 
448	26 
449	9 
450	15 
451	25 
452	15 
453	11 
454	3 
455	9 
456	8 
457	11 
458	11 
459	4 
460	21 
461	21 
462	6 
463	4 
464	7 
465	18 
466	5 12 16 
467	17 
468	13 
469	2 11 22 
470	21 
471	4 
472	11 
473	21 
474	13 
475	16 
476	21 
477	8 
478	12 
479	13 
480	5 
481	26 
482	17 25 28 
483	10 
484	15 
485	8 
486	17 
487	1 15 21 
488	12 
489	5 11 21 
490	2 
491	5 8 22 
492	18 
493	3 11 24 
494	15 
495	16 
496	5 
497	13 
498	20 
499	18 
500	2 
501	12 
502	21 
503	3 
504	22 
505	1 
506	1 
507	13 25 28 
508	1 
509	21 
510	5 24 25 
511	24 
512	22 
513	17 
514	5 20 25 
515	20 
516	9 13 20 
517	21 
518	1 3 15 
519	3 6 28 
520	8 
521	13 
522	25 
523	18 
524	20 
525	5 
526	8 
527	1 
528	25 
529	5 
530	15 19 25 
531	10 
532	7 
533	12 
534	2 
535	5 
536	12 
537	4 
538	12 
539	10 
540	21 
541	5 9 27 
542	6 
543	23 
544	7 
545	24 
546	5 
547	16 
548	1 
549	18 
550	8 
551	16 
552	11 
553	24 
554	6 
555	16 
556	20 27 28 
557	28 
558	5 
559	28 
560	1 
561	19 
562	5 
563	4 11 15 
564	29 
565	15 21 24 
566	7 
567	10 
568	1 
569	3 22 25 
570	25 
571	15 19 25 
572	9 
573	2 9 22 
574	3 5 24 
575	12 
576	24 
577	7 
578	5 11 28 
579	13 
580	3 4 8 
581	10 13 25 
582	5 
583	14 
584	18 28 30 
585	21 
586	3 
587	5 
588	21 
589	11 
590	1 
591	4 
592	22 
593	8 
594	3 
595	5 
596	16 
597	29 
598	16 
599	25 
600	29 
601	28 
602	14 
603	26 
604	22 
605	18 
606	7 
607	23 
608	27 
609	21 25 29 
610	5 
611	28 
612	21 
613	11 
614	21 
615	11 
616	23 
617	25 
618	6 
619	13 
620	9 
621	16 19 20 
622	2 
623	5 
624	2 14 21 
625	5 
626	4 
627	5 13 27 
628	16 
629	1 
630	2 18 21 
631	12 
632	12 
633	13 
634	22 
635	3 
636	5 21 30 
637	4 
638	25 
639	11 25 30 
640	15 16 27 
641	23 
642	24 
643	15 
644	12 16 26 
645	9 10 28 
646	28 
647	21 
648	13 22 23 
649	3 
650	11 
651	11 
652	23 
653	25 
654	21 
655	17 22 26 
656	29 
657	20 
658	21 
659	5 7 23 
660	25 
661	18 
662	19 27 29 
663	22 
664	24 
665	1 14 21 
666	1 
667	30 
668	4 
669	25 
670	13 
671	2 
672	25 
673	30 
674	30 
675	13 
676	1 
677	1 18 26 
678	11 22 23 
679	19 
680	9 
681	14 
682	11 
683	25 
684	1 
685	1 
686	5 
687	4 11 18 
688	10 13 23 
689	11 
690	9 
691	5 
692	25 
693	24 
694	4 
695	11 
696	6 
697	11 
698	3 18 21 
699	9 
700	17 
701	24 
702	8 21 25 
703	27 
704	18 
705	10 
706	28 
707	6 10 23 
708	4 27 29 
709	9 
710	23 
711	8 
712	26 
713	11 
714	1 
715	11 
716	22 
717	18 
718	22 
719	15 
720	22 
721	24 
722	11 
723	4 
724	18 
725	10 
726	21 
727	30 
728	30 
729	15 
730	15 
731	2 6 11 
732	19 
733	5 13 16 
734	9 20 25 
735	10 16 21 
736	1 
737	11 
738	3 
739	8 
740	1 
741	4 15 16 
742	21 
743	10 
744	24 
745	21 
746	26 
747	11 
748	1 
749	1 
750	21 
751	4 
752	16 
753	9 
754	17 
755	28 
756	4 22 29 
757	17 
758	5 
759	15 
760	11 
761	18 
762	1 18 27 
763	15 18 30 
764	5 18 23 
765	3 
766	30 
767	23 
768	26 
769	21 
770	11 
771	1 
772	6 
773	11 
774	9 16 22 
775	9 18 22 
776	8 
777	4 
778	15 
779	15 23 27 
780	26 
781	28 
782	2 
783	1 3 8 
784	3 4 11 
785	9 
786	21 
787	18 
788	15 
789	1 6 16 
790	22 
791	5 
792	3 
793	22 
794	2 3 15 
795	21 25 28 
796	22 
797	13 
798	3 16 27 
799	24 
800	2 11 24 
801	2 
802	5 10 13 
803	27 
804	3 29 30 
805	5 
806	2 21 28 
807	9 13 25 
808	6 
809	7 16 21 
810	6 
811	15 
812	13 
813	27 
814	1 15 21 
815	23 
816	17 19 26 
817	13 
818	22 
819	5 7 23 
820	13 
821	16 
822	9 15 22 
823	5 14 25 
824	1 
825	22 
826	15 
827	21 
828	3 
829	16 
830	15 
831	3 
832	10 11 18 
833	1 
834	11 22 25 
835	11 
836	18 
837	27 
838	28 
839	4 9 15 
840	5 
841	9 
842	5 
843	3 13 19 
844	15 19 28 
845	28 
846	1 
847	3 
848	5 
849	2 
850	3 19 30 
851	3 19 22 
852	7 9 17 
853	9 
854	16 
855	16 
856	1 
857	4 
858	3 
859	6 17 18 
860	6 9 19 
861	3 
862	21 
863	21 
864	5 
865	1 
866	6 
867	11 
868	6 7 22 
869	22 
870	15 
871	11 
872	2 
873	5 
874	13 15 17 
875	5 23 26 
876	1 12 21 
877	2 
878	21 
879	16 
880	8 
881	5 
882	6 16 30 
883	27 
884	11 
885	9 11 12 
886	5 12 24 
887	15 
888	4 
889	2 
890	13 
891	1 
892	28 
893	15 
894	11 
895	15 
896	1 
897	8 
898	2 
899	1 
900	21 
901	5 11 23 
902	9 
903	1 
904	18 
905	5 
906	5 9 19 
907	3 
908	15 
909	1 
910	21 
911	11 
912	1 
913	13 
914	1 
915	9 
916	3 
917	11 
918	5 21 26 
919	2 14 25 
920	8 
921	13 
922	4 
923	1 
924	15 
925	1 
926	21 
927	21 
928	1 
929	2 11 22 
930	13 
931	5 
932	2 
933	21 
934	6 
935	28 
936	4 
937	3 
938	1 
939	28 
940	9 
941	27 
942	28 
943	9 
944	5 14 16 
945	3 16 29 
946	3 11 14 
947	18 
948	1 9 15 
949	6 
950	11 
951	21 24 25 
952	4 18 29 
953	3 
954	28 
955	28 
956	5 6 26 
957	22 
958	11 
959	21 
960	8 10 19 
961	1 
962	25 
963	1 
964	3 
965	27 
966	2 11 26 
967	21 
968	15 
969	15 
970	18 
971	4 5 25 
972	1 9 26 
973	2 5 18 
974	11 
975	2 3 18 
976	9 
977	25 
978	3 15 18 
979	2 
980	2 13 28 
981	1 13 25 
982	3 11 12 
983	15 
984	15 
985	3 
986	11 13 21 
987	9 
988	27 
989	3 
990	27 
991	27 
992	6 8 24 
993	11 
994	9 
995	9 
996	21 
997	15 
998	2 6 23 
999	11 
1000	3 
