1	7 
2	8 117 160 
3	19 146 202 
4	7 
5	11 55 192 
6	41 47 172 
7	16 63 76 
8	78 
9	3 
10	9 
11	78 
12	19 
13	14 23 72 
14	27 43 179 
15	8 
16	69 86 207 
17	28 
18	169 
19	44 
20	59 
21	73 75 94 
22	78 
23	33 
24	165 
25	14 117 205 
26	140 
27	29 138 165 
28	135 
29	24 73 166 
30	195 
31	128 134 147 
32	43 161 185 
33	84 122 187 
34	118 
35	168 
36	14 
37	33 75 146 
38	164 
39	80 
40	177 
41	152 
42	14 65 110 
43	100 164 187 
44	49 83 143 
45	145 
46	35 51 65 
47	7 47 66 
48	61 81 112 
49	33 57 119 
50	7 85 110 
51	32 82 124 
52	62 97 114 
53	156 158 187 
54	8 100 196 
55	155 
56	122 
57	27 
58	28 64 100 
59	65 79 151 
60	193 
61	107 116 156 
62	21 39 73 
63	62 94 187 
64	48 
65	58 79 139 
66	10 
67	28 
68	23 144 179 
69	36 
70	101 
71	34 50 140 
72	96 
73	113 
74	63 65 117 
75	68 100 121 
76	65 117 119 
77	125 
78	95 
79	19 83 109 
80	150 
81	89 154 202 
82	137 
83	80 
84	36 110 154 
85	35 105 161 
86	79 112 169 
87	182 
88	13 16 175 
89	6 78 141 
90	31 64 198 
91	188 
92	13 119 204 
93	48 
94	28 
95	27 
96	109 150 165 
97	151 
98	57 64 121 
99	149 
100	202 
101	15 156 164 
102	191 
103	124 
104	58 
105	103 
106	97 144 167 
107	69 
108	60 123 196 
109	56 82 106 
110	118 
111	118 
112	100 
113	154 
114	16 43 156 
115	204 
116	80 
117	59 
118	7 109 168 
119	32 97 121 
120	141 
121	177 
122	17 
123	17 26 134 
124	122 187 192 
125	141 
126	15 
127	47 62 128 
128	43 
129	99 110 125 
130	39 91 143 
131	62 97 177 
132	17 40 76 
133	100 
134	6 55 83 
135	28 43 86 
136	83 113 152 
137	42 74 166 
138	73 125 162 
139	165 170 192 
140	7 151 164 
141	43 129 165 
142	18 94 124 
143	168 
144	28 33 149 
145	25 
146	50 151 181 
147	145 
148	117 
149	42 78 143 
150	26 38 39 
151	38 39 158 
152	42 113 184 
153	101 
154	143 161 162 
155	22 24 55 
156	15 69 160 
157	179 
158	48 
159	197 
160	136 140 144 
161	38 126 157 
162	84 167 184 
163	78 
164	39 43 143 
165	132 162 199 
166	36 122 202 
167	88 
168	172 
169	193 
170	43 94 167 
171	39 104 181 
172	69 110 119 
173	153 
174	10 38 158 
175	162 171 206 
176	35 36 39 
177	165 
178	55 
179	26 113 194 
180	25 80 94 
181	24 
182	94 
183	7 104 187 
184	180 
185	57 76 170 
186	7 38 153 
187	20 134 174 
188	110 
189	84 151 188 
190	79 
191	177 
192	16 84 176 
193	26 134 192 
194	13 26 58 
195	197 
196	207 
197	39 138 204 
198	185 
199	172 
200	14 55 185 
201	127 
202	67 
203	37 
204	114 
205	187 
206	47 114 158 
207	48 134 158 
208	192 
209	6 63 85 
210	99 143 164 
211	26 69 112 
212	51 63 200 
213	91 
214	26 
215	195 
216	139 
217	110 
218	28 
219	15 118 168 
220	13 95 195 
221	36 
222	19 
223	144 156 177 
224	196 
225	100 176 192 
226	87 88 89 
227	156 
228	78 
229	11 55 140 
230	167 169 190 
231	35 106 204 
232	102 
233	113 152 180 
234	25 146 180 
235	75 
236	126 
237	19 
238	119 185 196 
239	4 8 110 
240	26 48 196 
241	117 174 192 
242	119 
243	16 77 107 
244	49 
245	150 
246	63 118 167 
247	33 84 185 
248	130 
249	81 
250	69 71 84 
251	91 132 183 
252	18 63 197 
253	106 
254	160 
255	136 
256	19 
257	76 93 136 
258	89 
259	95 147 198 
260	144 171 193 
261	148 
262	121 123 150 
263	54 86 127 
264	37 114 198 
265	83 93 173 
266	89 
267	40 
268	167 
269	175 
270	164 
271	11 28 99 
272	12 100 174 
273	45 84 202 
274	20 23 80 
275	198 
276	8 32 162 
277	66 86 196 
278	97 123 162 
279	147 
280	64 
281	110 
282	71 104 155 
283	134 147 150 
284	176 181 184 
285	13 29 106 
286	180 
287	154 160 182 
288	36 
289	98 
290	34 
291	188 
292	63 91 108 
293	205 
294	169 170 177 
295	56 175 190 
296	99 
297	50 100 125 
298	15 83 87 
299	83 
300	198 
301	105 
302	28 150 198 
303	118 
304	6 69 171 
305	63 108 155 
306	11 
307	27 
308	17 
309	97 136 162 
310	207 
311	28 
312	101 142 176 
313	43 51 195 
314	12 27 143 
315	33 38 69 
316	66 
317	116 
318	130 
319	165 
320	30 50 207 
321	169 
322	6 77 186 
323	13 
324	122 
325	86 
326	77 84 90 
327	171 
328	72 143 198 
329	146 178 198 
330	206 
331	7 46 68 
332	66 106 146 
333	18 69 152 
334	183 
335	34 94 105 
336	53 
337	72 
338	169 
339	117 121 123 
340	139 
341	104 
342	45 151 203 
343	150 
344	37 
345	94 98 129 
346	189 
347	100 
348	104 
349	90 
350	84 
351	21 28 187 
352	120 
353	34 63 207 
354	96 155 196 
355	43 
356	112 
357	43 
358	27 
359	105 
360	1 
361	85 
362	60 
363	7 152 203 
364	62 152 207 
365	5 102 202 
366	8 
367	59 
368	12 
369	173 
370	49 124 136 
371	26 144 193 
372	88 175 179 
373	12 14 131 
374	25 85 86 
375	28 95 205 
376	117 
377	46 47 199 
378	59 
379	177 
380	23 121 176 
381	2 114 187 
382	75 
383	92 
384	100 
385	159 180 181 
386	49 
387	41 142 199 
388	184 190 202 
389	43 97 124 
390	25 
391	144 
392	94 149 183 
393	105 189 207 
394	36 94 198 
395	137 
396	27 86 140 
397	16 126 144 
398	141 
399	14 
400	2 180 195 
401	71 143 205 
402	63 89 199 
403	32 54 169 
404	16 17 160 
405	14 49 203 
406	84 
407	94 112 196 
408	38 109 152 
409	67 
410	22 
411	82 
412	47 76 144 
413	62 83 202 
414	81 
415	42 
416	152 
417	10 
418	76 156 165 
419	94 103 111 
420	2 105 114 
421	82 
422	77 
423	28 65 200 
424	91 
425	88 
426	152 
427	35 95 111 
428	78 94 162 
429	64 78 156 
430	112 
431	89 
432	29 53 70 
433	32 119 202 
434	26 
435	192 
436	34 47 83 
437	144 194 202 
438	85 87 169 
439	189 
440	4 57 121 
441	144 162 194 
442	8 57 66 
443	16 71 95 
444	6 63 109 
445	166 
446	72 
447	27 
448	65 
449	3 156 205 
450	7 165 195 
451	14 
452	81 89 203 
453	14 103 196 
454	159 
455	41 
456	38 
457	156 165 203 
458	44 94 116 
459	113 130 175 
460	113 143 181 
461	49 
462	34 39 171 
463	99 
464	97 
465	9 
466	26 66 187 
467	150 
468	187 188 197 
469	23 85 143 
470	38 73 112 
471	158 
472	49 75 99 
473	89 
474	19 130 196 
475	24 71 147 
476	78 
477	69 
478	11 78 186 
479	77 
480	9 74 95 
481	66 78 81 
482	42 
483	9 144 156 
484	121 122 123 
485	73 110 165 
486	38 
487	105 113 154 
488	39 
489	68 156 194 
490	38 
491	71 
492	101 123 154 
493	14 132 144 
494	196 
495	5 39 63 
496	115 
497	15 36 45 
498	192 
499	64 71 84 
500	57 110 176 
501	8 
502	18 
503	122 140 185 
504	46 111 169 
505	97 
506	14 16 134 
507	107 
508	159 
509	70 
510	196 
511	113 
512	77 81 132 
513	57 108 142 
514	13 31 151 
515	2 
516	81 
517	1 136 184 
518	193 
519	46 
520	34 
521	24 
522	132 
523	26 32 58 
524	34 
525	68 148 191 
526	103 
527	36 51 97 
528	10 100 143 
529	27 161 198 
530	6 
531	33 130 145 
532	174 
533	98 
534	13 
535	159 
536	190 
537	150 
538	132 
539	70 150 173 
540	63 
541	44 
542	116 
543	80 
544	28 
545	100 161 184 
546	41 49 72 
547	9 49 121 
548	26 34 172 
549	187 
550	26 
551	81 117 160 
552	104 109 159 
553	144 
554	71 
555	68 
556	105 
557	94 179 203 
558	32 51 113 
559	33 
560	164 
561	23 
562	169 
563	124 
564	4 
565	29 158 202 
566	4 28 94 
567	68 158 163 
568	50 
569	91 137 202 
570	14 130 151 
571	26 84 118 
572	15 43 71 
573	9 
574	199 
575	130 
576	108 187 189 
577	81 
578	64 112 184 
579	36 
580	15 
581	202 
582	14 117 143 
583	180 
584	26 90 185 
585	31 
586	35 
587	25 
588	38 
589	129 150 158 
590	116 
591	20 
592	36 111 195 
593	42 114 185 
594	43 100 187 
595	84 
596	136 146 152 
597	75 149 205 
598	39 52 77 
599	194 
600	149 
601	76 113 204 
602	195 
603	123 
604	57 
605	18 
606	67 146 183 
607	113 
608	176 
609	146 152 161 
610	35 76 147 
611	4 14 63 
612	124 
613	36 74 205 
614	196 
615	88 
616	7 118 166 
617	119 
618	127 
619	8 101 130 
620	135 
621	66 100 146 
622	6 75 187 
623	116 
624	154 
625	68 148 203 
626	17 39 187 
627	44 80 103 
628	36 121 195 
629	12 
630	146 183 191 
631	151 
632	65 
633	54 124 174 
634	64 
635	183 
636	6 33 101 
637	8 69 134 
638	8 143 161 
639	16 32 117 
640	170 
641	34 183 202 
642	49 63 143 
643	196 
644	17 40 192 
645	78 
646	58 
647	33 90 147 
648	31 42 198 
649	45 
650	33 
651	86 
652	11 72 78 
653	47 76 140 
654	65 
655	29 
656	34 84 185 
657	39 
658	112 
659	112 113 166 
660	65 
661	109 
662	90 102 143 
663	115 117 189 
664	91 
665	7 45 115 
666	69 101 183 
667	40 71 119 
668	30 55 192 
669	4 26 35 
670	49 
671	47 114 136 
672	43 
673	46 
674	113 
675	9 
676	49 
677	128 
678	7 25 37 
679	141 
680	85 
681	201 
682	186 
683	83 
684	153 
685	82 
686	28 147 171 
687	162 
688	6 
689	33 44 117 
690	123 
691	146 156 169 
692	7 113 156 
693	7 
694	84 
695	58 137 147 
696	13 83 100 
697	26 
698	28 182 192 
699	71 90 181 
700	16 33 100 
701	89 
702	10 
703	41 145 192 
704	18 54 158 
705	29 
706	130 
707	161 
708	174 
709	115 
710	6 177 207 
711	203 
712	6 58 152 
713	34 45 144 
714	116 125 192 
715	182 
716	38 133 198 
717	35 
718	21 95 143 
719	100 
720	10 12 172 
721	96 
722	143 
723	51 
724	110 120 146 
725	95 166 184 
726	178 
727	159 
728	5 15 191 
729	181 
730	27 136 160 
731	17 38 44 
732	44 
733	12 72 74 
734	124 
735	132 
736	150 152 177 
737	152 
738	51 190 205 
739	146 
740	39 126 152 
741	192 
742	176 
743	169 
744	65 
745	12 53 161 
746	46 
747	103 
748	129 146 156 
749	182 
750	31 80 143 
751	105 108 136 
752	94 
753	22 
754	130 156 166 
755	8 58 192 
756	26 
757	65 
758	117 
759	113 
760	125 
761	83 113 133 
762	4 33 81 
763	4 8 48 
764	144 181 189 
765	76 
766	28 29 33 
767	18 73 78 
768	83 
769	69 143 162 
770	34 
771	4 203 207 
772	58 113 196 
773	164 
774	17 
775	65 121 183 
776	195 
777	195 
778	33 121 168 
779	26 52 78 
780	41 97 192 
781	43 55 152 
782	200 
783	81 144 169 
784	51 
785	74 100 162 
786	63 
787	42 
788	103 
789	160 
790	63 
791	152 
792	51 
793	131 
794	20 
795	136 
796	114 
797	59 145 177 
798	14 30 64 
799	140 156 193 
800	1 
801	151 
802	146 
803	36 
804	90 
805	176 177 183 
806	76 
807	80 122 187 
808	67 
809	189 
810	37 121 193 
811	32 
812	74 136 185 
813	39 
814	62 87 121 
815	7 33 118 
816	13 36 181 
817	196 
818	139 
819	14 95 205 
820	119 
821	76 
822	134 136 166 
823	7 53 171 
824	13 
825	29 
826	17 101 117 
827	88 123 156 
828	78 
829	21 106 205 
830	82 
831	8 32 60 
832	38 
833	68 159 164 
834	30 84 205 
835	80 
836	114 169 179 
837	176 
838	78 166 180 
839	18 
840	65 121 197 
841	34 127 182 
842	57 
843	140 
844	181 
845	80 129 138 
846	19 
847	124 
848	78 
849	4 
850	85 174 207 
851	26 62 64 
852	10 12 162 
853	125 
854	21 44 73 
855	19 127 134 
856	189 
857	5 39 45 
858	15 23 78 
859	193 
860	41 59 85 
861	31 150 169 
862	27 152 199 
863	13 47 162 
864	104 
865	131 
866	21 30 144 
867	25 93 104 
868	41 66 185 
869	3 85 90 
870	83 
871	63 148 171 
872	34 65 89 
873	75 
874	29 
875	148 
876	151 
877	90 
878	61 71 156 
879	44 
880	158 
881	147 
882	90 
883	27 64 110 
884	33 
885	92 122 171 
886	35 
887	12 
888	186 
889	100 
890	95 184 204 
891	74 183 187 
892	42 93 171 
893	110 
894	18 49 87 
895	64 69 91 
896	112 125 183 
897	42 
898	2 
899	206 
900	44 121 158 
901	148 
902	53 147 162 
903	33 112 121 
904	6 132 176 
905	42 
906	139 
907	48 65 77 
908	45 62 164 
909	40 
910	173 
911	199 
912	32 58 131 
913	92 127 147 
914	140 
915	49 54 102 
916	34 105 135 
917	68 
918	26 
919	34 
920	205 
921	125 146 172 
922	58 
923	26 68 138 
924	102 164 201 
925	16 
926	96 112 189 
927	9 32 44 
928	202 
929	109 
930	7 
931	78 157 202 
932	115 
933	107 
934	58 198 203 
935	64 
936	62 65 110 
937	139 
938	94 117 178 
939	32 42 49 
940	151 
941	18 65 158 
942	174 
943	114 
944	90 96 193 
945	69 89 189 
946	84 
947	55 74 148 
948	149 166 203 
949	177 
950	113 
951	91 110 162 
952	18 36 137 
953	153 177 196 
954	4 15 21 
955	130 158 179 
956	83 142 150 
957	113 150 174 
958	32 39 150 
959	112 193 200 
960	34 160 207 
961	26 76 143 
962	179 
963	35 69 102 
964	38 
965	71 90 123 
966	41 
967	1 95 140 
968	90 
969	170 
970	5 8 83 
971	168 
972	49 
973	87 
974	162 
975	6 39 196 
976	47 
977	124 
978	44 145 187 
979	15 143 162 
980	92 
981	90 91 165 
982	33 68 169 
983	22 
984	202 
985	196 
986	102 112 154 
987	13 146 192 
988	21 68 181 
989	63 84 88 
990	63 78 137 
991	90 
992	44 97 195 
993	26 73 78 
994	147 
995	53 73 121 
996	45 105 161 
997	33 115 192 
998	207 
999	75 81 111 
1000	25 55 90 
1001	81 124 187 
1002	65 114 185 
1003	78 
1004	33 
1005	6 47 133 
1006	7 8 185 
1007	196 
1008	147 
1009	191 
1010	75 143 149 
1011	119 
1012	149 
1013	110 
1014	85 
1015	177 
1016	8 78 175 
1017	58 165 185 
1018	97 185 186 
1019	120 
1020	123 
1021	15 132 134 
1022	151 
1023	185 
1024	82 
1025	1 73 175 
1026	93 
1027	101 
1028	59 
1029	87 
1030	29 137 140 
1031	76 116 128 
1032	100 
1033	12 
1034	34 112 135 
1035	187 
1036	2 144 153 
1037	33 86 120 
1038	17 44 86 
1039	8 
1040	102 160 196 
1041	192 
1042	19 81 187 
1043	143 
1044	118 
1045	25 34 190 
1046	35 80 138 
1047	7 21 161 
1048	176 
1049	181 
1050	80 134 148 
1051	12 
1052	43 132 144 
1053	52 179 182 
1054	15 
1055	56 58 186 
1056	29 116 192 
1057	8 116 163 
1058	69 140 156 
1059	185 
1060	50 101 111 
1061	19 22 162 
1062	96 
1063	27 83 119 
1064	39 146 162 
1065	17 
1066	47 63 113 
1067	112 
1068	38 39 187 
1069	11 144 195 
1070	183 
1071	74 
1072	62 152 187 
1073	165 
1074	203 
1075	165 
1076	67 171 182 
1077	65 78 133 
1078	35 
1079	133 
1080	45 160 186 
1081	55 146 198 
1082	100 113 121 
1083	58 
1084	26 33 171 
1085	117 
1086	86 89 125 
1087	112 
1088	72 145 164 
1089	124 
1090	12 169 193 
1091	13 30 171 
1092	63 193 194 
1093	94 101 202 
1094	22 
1095	31 
1096	175 
1097	4 82 92 
1098	48 105 195 
1099	38 64 169 
1100	92 100 106 
1101	29 
1102	16 
1103	35 146 197 
1104	11 130 192 
1105	121 131 205 
1106	46 90 177 
1107	179 
1108	69 130 162 
1109	171 
1110	53 83 178 
1111	33 
1112	30 126 149 
1113	22 176 183 
1114	114 
1115	43 57 87 
1116	33 179 205 
1117	129 
1118	39 65 176 
1119	129 
1120	94 122 134 
1121	80 124 177 
1122	57 62 181 
1123	2 134 202 
1124	22 183 198 
1125	156 
1126	104 
1127	105 183 198 
1128	124 
1129	114 121 132 
1130	39 99 100 
1131	162 
1132	124 170 177 
1133	113 137 180 
1134	42 95 112 
1135	71 
1136	78 144 160 
1137	67 
1138	143 
1139	136 174 181 
1140	78 
1141	15 42 43 
1142	75 140 177 
1143	46 
1144	203 
1145	42 
1146	52 57 203 
1147	124 171 193 
1148	30 
1149	33 
1150	44 142 155 
1151	13 
1152	156 
1153	53 146 205 
1154	69 183 190 
1155	86 91 94 
1156	12 
1157	34 
1158	12 162 203 
1159	76 84 145 
1160	116 181 196 
1161	8 
1162	52 
1163	112 153 169 
1164	21 103 195 
1165	13 
1166	71 75 151 
1167	85 102 114 
1168	38 
1169	48 
1170	123 
1171	42 
1172	187 
1173	200 
1174	88 
1175	99 144 155 
1176	207 
1177	38 83 100 
1178	140 
1179	62 132 203 
1180	165 
1181	3 113 121 
1182	136 
1183	14 43 122 
1184	175 
1185	149 
1186	125 
1187	11 42 110 
1188	28 84 97 
1189	51 52 185 
1190	32 72 142 
1191	1 
1192	87 
1193	27 37 110 
1194	151 152 174 
1195	73 
1196	139 
1197	110 
1198	12 82 145 
1199	128 
1200	7 117 181 
1201	26 95 136 
1202	12 140 198 
1203	65 
1204	12 118 128 
1205	202 
1206	26 36 96 
1207	36 169 186 
1208	77 
1209	23 26 135 
1210	94 
1211	74 94 110 
1212	15 32 172 
1213	65 
1214	44 154 164 
1215	78 
1216	54 
1217	49 
1218	7 30 81 
1219	36 130 133 
1220	89 
1221	8 
1222	165 
1223	199 
1224	57 
1225	12 152 196 
1226	90 
1227	29 44 207 
1228	20 
1229	148 
1230	44 130 152 
1231	147 
1232	75 
1233	81 
1234	76 87 185 
1235	78 161 171 
1236	102 137 196 
1237	3 152 169 
1238	4 56 57 
1239	11 121 140 
1240	1 82 194 
1241	65 160 192 
1242	14 
1243	194 
1244	13 
1245	9 
1246	19 86 202 
1247	28 63 156 
1248	9 141 149 
1249	195 
1250	186 
1251	102 
1252	125 169 183 
1253	17 26 56 
1254	48 
1255	153 
1256	170 
1257	71 125 189 
1258	150 161 203 
1259	152 177 191 
1260	207 
1261	86 
1262	188 
1263	136 
1264	32 81 108 
1265	187 
1266	113 146 196 
1267	41 46 110 
1268	100 
1269	38 
1270	28 58 175 
1271	76 
1272	44 
1273	53 108 192 
1274	192 
1275	73 
1276	178 
1277	107 
1278	143 
1279	19 
1280	164 
1281	7 34 73 
1282	146 
1283	122 
1284	31 78 102 
1285	115 
1286	186 
1287	87 
1288	42 114 133 
1289	143 171 202 
1290	27 39 133 
1291	181 
1292	127 
1293	87 143 149 
1294	69 83 187 
1295	26 135 190 
1296	61 88 97 
1297	166 
1298	71 
1299	43 171 183 
1300	29 62 99 
1301	9 
1302	2 69 146 
1303	102 132 207 
1304	20 
1305	94 
1306	2 3 176 
1307	99 
1308	24 27 140 
1309	7 
1310	81 143 146 
1311	36 52 181 
1312	94 
1313	151 
1314	54 82 158 
1315	53 
1316	17 23 204 
1317	125 
1318	121 
1319	164 
1320	47 138 144 
1321	43 126 177 
1322	55 136 164 
1323	73 
1324	38 41 145 
1325	91 
1326	32 43 103 
1327	100 
1328	119 126 152 
1329	15 23 78 
1330	137 
1331	131 
1332	4 
1333	41 136 182 
1334	101 168 196 
1335	74 110 196 
1336	111 118 176 
1337	71 
1338	20 
1339	38 76 160 
1340	7 67 194 
1341	15 31 114 
1342	196 
1343	13 38 172 
1344	19 
1345	28 47 172 
1346	53 123 180 
1347	48 85 164 
1348	44 127 171 
1349	18 
1350	38 83 181 
1351	185 
1352	33 
1353	75 162 199 
1354	46 58 80 
1355	8 62 105 
1356	98 
1357	61 98 159 
1358	144 
1359	89 154 183 
1360	29 171 185 
1361	6 20 80 
1362	52 
1363	129 
1364	29 81 169 
1365	18 94 136 
1366	7 46 99 
1367	65 
1368	65 
1369	9 
1370	4 
1371	87 117 133 
1372	168 
1373	32 108 121 
1374	57 97 171 
1375	170 
1376	188 
1377	28 173 190 
1378	41 
1379	78 
1380	197 
1381	192 
1382	105 
1383	16 
1384	8 
1385	130 134 150 
1386	207 
1387	49 88 105 
1388	188 
1389	29 142 164 
1390	140 
1391	192 
1392	45 
1393	123 
1394	85 137 158 
1395	149 
1396	120 
1397	27 89 135 
1398	25 154 175 
1399	182 
1400	132 171 185 
1401	54 76 153 
1402	27 53 101 
1403	34 
1404	152 
1405	169 
1406	203 
1407	39 121 152 
1408	136 202 205 
1409	108 
1410	156 
1411	26 62 185 
1412	204 
1413	4 134 175 
1414	36 
1415	82 196 197 
1416	112 
1417	53 
1418	89 
1419	29 115 149 
1420	71 
1421	7 185 196 
1422	82 
1423	56 157 191 
1424	106 107 128 
1425	196 
1426	17 122 160 
1427	27 
1428	73 136 175 
1429	162 
1430	116 
1431	136 
1432	8 
1433	144 159 202 
1434	172 
1435	102 144 207 
1436	34 68 155 
1437	95 
1438	182 
1439	40 89 113 
1440	10 150 196 
1441	128 
1442	58 152 161 
1443	171 
1444	33 56 112 
1445	34 76 144 
1446	8 
1447	32 78 126 
1448	43 64 190 
1449	26 
1450	2 
1451	18 
1452	12 64 199 
1453	48 
1454	52 81 176 
1455	83 136 187 
1456	69 
1457	69 
1458	108 150 174 
1459	112 121 153 
1460	117 
1461	125 187 198 
1462	199 
1463	101 176 179 
1464	164 
1465	16 65 109 
1466	58 76 160 
1467	124 
1468	26 32 189 
1469	32 65 135 
1470	39 73 81 
1471	63 
1472	20 
1473	100 112 199 
1474	70 
1475	38 190 195 
1476	151 
1477	102 
1478	201 
1479	38 134 144 
1480	22 
1481	81 99 202 
1482	14 64 172 
1483	174 
1484	7 137 196 
1485	53 
1486	86 
1487	119 172 179 
1488	94 
1489	33 49 182 
1490	129 
1491	63 
1492	93 112 144 
1493	11 63 146 
1494	72 172 192 
1495	140 
1496	140 
1497	26 56 80 
1498	102 
1499	44 104 158 
1500	204 
1501	128 
1502	8 57 72 
1503	84 88 203 
1504	181 
1505	42 171 191 
1506	7 163 196 
1507	54 
1508	28 33 121 
1509	91 123 143 
1510	182 
1511	20 
1512	29 41 108 
1513	137 
1514	89 112 165 
1515	91 
1516	136 141 146 
1517	54 65 97 
1518	54 
1519	143 
1520	104 107 152 
1521	11 55 125 
1522	100 
1523	179 
1524	17 
1525	199 
1526	28 
1527	6 
1528	75 
1529	86 130 165 
1530	152 
1531	8 48 71 
1532	33 63 135 
1533	6 24 42 
1534	8 67 165 
1535	11 41 57 
1536	65 
1537	89 
1538	165 
1539	81 
1540	63 93 183 
1541	196 
1542	136 146 172 
1543	32 91 103 
1544	103 
1545	24 35 86 
1546	34 
1547	38 97 196 
1548	57 
1549	4 26 53 
1550	42 124 171 
1551	68 156 169 
1552	86 
1553	14 
1554	4 
1555	14 33 36 
1556	8 26 28 
1557	35 116 157 
1558	62 109 162 
1559	33 173 185 
1560	17 36 53 
1561	159 
1562	164 
1563	26 29 128 
1564	201 
1565	64 135 146 
1566	121 126 160 
1567	8 65 175 
1568	161 171 181 
1569	186 
1570	27 62 91 
1571	194 
1572	154 
1573	130 
1574	142 
1575	98 140 144 
1576	145 
1577	45 177 200 
1578	103 
1579	155 
1580	185 196 198 
1581	148 
1582	159 
1583	137 
1584	64 
1585	7 
1586	100 136 151 
1587	112 
1588	126 
1589	73 87 146 
1590	28 
1591	19 24 182 
1592	140 
1593	27 90 143 
1594	90 
1595	33 44 95 
1596	109 
1597	64 154 186 
1598	47 67 94 
1599	197 
1600	191 
1601	57 
1602	25 
1603	135 
1604	102 
1605	199 
1606	162 
1607	3 
1608	89 
1609	195 
1610	33 111 169 
1611	49 125 187 
1612	58 83 176 
1613	14 75 199 
1614	7 28 136 
1615	65 70 122 
1616	102 110 137 
1617	35 
1618	24 
1619	86 101 176 
1620	124 
1621	151 
1622	206 
1623	144 187 198 
1624	33 86 149 
1625	130 
1626	45 
1627	169 170 200 
1628	126 
1629	82 115 178 
1630	76 110 198 
1631	49 
1632	15 92 183 
1633	17 
1634	121 151 188 
1635	144 
1636	130 
1637	196 
1638	113 
1639	20 
1640	15 
1641	33 43 156 
1642	108 
1643	35 
1644	101 
1645	135 
1646	7 21 130 
1647	200 
1648	48 
1649	21 
1650	136 198 200 
1651	183 
1652	85 
1653	100 
1654	28 43 203 
1655	140 
1656	162 
1657	203 
1658	143 
1659	176 183 188 
1660	8 153 187 
1661	91 
1662	8 
1663	49 
1664	80 124 172 
1665	21 32 57 
1666	89 
1667	27 
1668	116 171 192 
1669	36 57 81 
1670	97 
1671	17 205 206 
1672	39 
1673	7 44 172 
1674	48 
1675	64 
1676	103 149 151 
1677	176 
1678	45 74 82 
1679	26 41 188 
1680	158 166 199 
1681	17 
1682	2 
1683	87 
1684	4 92 137 
1685	88 
1686	75 140 206 
1687	12 130 175 
1688	39 104 113 
1689	67 
1690	156 
1691	6 91 111 
1692	26 158 175 
1693	73 
1694	10 74 84 
1695	73 
1696	186 
1697	18 71 120 
1698	7 
1699	11 
1700	138 150 189 
1701	86 
1702	106 
1703	69 
1704	6 19 152 
1705	38 69 203 
1706	100 188 206 
1707	123 
1708	94 97 118 
1709	47 48 187 
1710	38 62 136 
1711	76 78 80 
1712	146 
1713	1 140 201 
1714	147 
1715	4 121 162 
1716	81 189 202 
1717	34 202 204 
1718	38 69 76 
1719	47 57 200 
1720	43 139 150 
1721	50 
1722	118 
1723	12 69 150 
1724	36 162 165 
1725	8 
1726	15 63 186 
1727	34 
1728	4 48 145 
1729	149 
1730	63 
1731	94 
1732	62 100 125 
1733	117 168 181 
1734	6 12 196 
1735	2 
1736	87 
1737	32 
1738	64 101 162 
1739	87 101 203 
1740	62 
1741	17 19 147 
1742	32 53 158 
1743	88 
1744	10 39 171 
1745	156 
1746	36 73 161 
1747	64 72 131 
1748	49 
1749	207 
1750	48 83 152 
1751	42 
1752	120 
1753	14 71 75 
1754	144 
1755	19 
1756	7 20 160 
1757	76 148 162 
1758	2 21 135 
1759	11 109 154 
1760	29 58 160 
1761	16 162 202 
1762	88 
1763	203 
1764	12 41 94 
1765	185 
1766	90 
1767	62 113 199 
1768	14 70 137 
1769	34 69 190 
1770	8 123 140 
1771	113 176 203 
1772	196 
1773	110 
1774	53 
1775	86 180 187 
1776	42 
1777	33 
1778	26 102 202 
1779	12 99 133 
1780	28 186 207 
1781	110 
1782	149 
1783	32 36 89 
1784	24 
1785	51 78 197 
1786	182 
1787	70 
1788	144 147 190 
1789	94 100 194 
1790	63 
1791	128 
1792	206 
1793	202 
1794	171 
1795	84 99 151 
1796	21 178 202 
1797	49 
1798	38 83 114 
1799	65 110 126 
1800	86 
1801	29 
1802	16 
1803	26 
1804	71 
1805	69 
1806	199 
1807	174 
1808	92 
1809	143 
1810	32 
1811	11 136 152 
1812	93 140 147 
1813	42 57 187 
1814	113 
1815	9 27 144 
1816	49 124 125 
1817	5 
1818	117 171 203 
1819	33 
1820	82 90 202 
1821	71 131 205 
1822	164 168 193 
1823	65 
1824	69 
1825	63 
1826	69 
1827	139 
1828	12 14 134 
1829	6 160 181 
1830	5 
1831	168 
1832	89 
1833	85 150 190 
1834	15 43 163 
1835	73 
1836	69 
1837	34 77 140 
1838	154 
1839	28 90 146 
1840	36 52 170 
1841	168 
1842	34 
1843	183 
1844	27 
1845	124 150 176 
1846	130 169 179 
1847	59 
1848	109 
1849	94 113 140 
1850	75 113 200 
1851	2 75 136 
1852	162 
1853	192 
1854	20 130 201 
1855	144 
1856	11 80 204 
1857	24 117 146 
1858	68 156 207 
1859	31 
1860	23 
1861	16 81 93 
1862	58 
1863	188 
1864	146 
1865	148 
1866	117 
1867	32 
1868	63 177 184 
1869	90 
1870	30 38 47 
1871	129 
1872	53 140 169 
1873	117 123 195 
1874	62 102 112 
1875	69 
1876	26 69 113 
1877	79 
1878	30 33 39 
1879	14 
1880	7 
1881	56 95 158 
1882	50 
1883	45 116 174 
1884	7 
1885	50 80 152 
1886	2 20 132 
1887	83 
1888	88 114 197 
1889	4 
1890	82 89 112 
1891	28 
1892	19 113 130 
1893	203 
1894	9 32 165 
1895	42 
1896	50 183 198 
1897	63 
1898	77 
1899	193 
1900	197 
1901	12 70 97 
1902	109 
1903	143 
1904	10 38 185 
1905	32 
1906	81 125 178 
1907	100 
1908	28 45 170 
1909	89 
1910	20 65 157 
1911	16 88 109 
1912	8 38 129 
1913	185 
1914	33 113 198 
1915	28 
1916	26 162 171 
1917	68 135 146 
1918	6 
1919	7 103 189 
1920	83 
1921	64 
1922	21 36 74 
1923	24 189 194 
1924	98 100 149 
1925	45 
1926	132 151 164 
1927	121 
1928	192 
1929	7 15 95 
1930	8 146 165 
1931	123 
1932	23 
1933	187 
1934	11 57 113 
1935	89 
1936	9 28 186 
1937	32 39 180 
1938	158 
1939	15 73 198 
1940	46 144 178 
1941	73 
1942	60 64 163 
1943	116 
1944	12 
1945	18 151 156 
1946	61 95 181 
1947	160 
1948	56 
1949	100 101 204 
1950	121 
1951	89 109 122 
1952	117 196 207 
1953	26 37 83 
1954	188 
1955	96 134 169 
1956	2 100 112 
1957	162 
1958	11 
1959	121 
1960	93 122 171 
1961	112 
1962	101 
1963	183 
1964	187 
1965	26 140 198 
1966	39 74 149 
1967	20 48 62 
1968	36 62 135 
1969	32 
1970	26 55 144 
1971	2 
1972	28 53 147 
1973	25 76 95 
1974	86 135 151 
1975	8 80 108 
1976	16 69 117 
1977	32 
1978	203 
1979	112 
1980	194 
1981	64 96 144 
1982	81 127 175 
1983	12 117 126 
1984	51 
1985	69 93 198 
1986	60 
1987	28 130 147 
1988	21 
1989	95 125 156 
1990	181 
1991	54 132 145 
1992	26 
1993	84 168 205 
1994	24 88 196 
1995	79 
1996	205 
1997	176 
1998	17 142 185 
1999	145 
2000	65 88 130 
2001	12 
2002	12 20 33 
2003	23 80 143 
2004	38 77 199 
2005	8 
2006	4 80 179 
2007	126 
2008	35 150 195 
2009	147 195 206 
2010	69 82 162 
2011	14 69 75 
2012	65 121 152 
2013	45 150 193 
2014	53 106 123 
2015	140 
2016	33 138 164 
2017	4 65 123 
2018	164 181 195 
2019	12 
2020	39 44 86 
2021	89 148 157 
2022	89 105 169 
2023	86 88 136 
2024	28 97 145 
2025	48 142 195 
2026	45 69 177 
2027	157 
2028	200 
2029	160 
2030	61 127 143 
2031	77 129 160 
2032	34 
2033	147 
2034	95 103 196 
2035	161 
2036	10 147 205 
2037	33 
2038	145 
2039	7 154 169 
2040	14 
2041	34 39 182 
2042	103 186 196 
2043	36 64 203 
2044	143 150 171 
2045	57 
2046	76 133 177 
2047	11 66 159 
2048	95 112 123 
2049	56 80 181 
2050	20 67 183 
2051	48 143 176 
2052	28 83 205 
2053	136 141 147 
2054	26 57 107 
2055	12 
2056	32 
2057	94 
2058	6 25 80 
2059	46 61 143 
2060	80 
2061	176 
2062	44 105 178 
2063	102 128 156 
2064	93 
2065	140 
2066	47 
2067	53 121 136 
2068	138 145 201 
2069	168 
2070	2 53 65 
2071	122 
2072	122 187 192 
2073	126 
2074	69 
2075	44 
2076	12 84 177 
2077	85 143 159 
2078	57 
2079	104 120 147 
2080	121 
2081	150 
2082	140 151 171 
2083	88 151 204 
2084	165 
2085	28 
2086	26 80 193 
2087	13 66 147 
2088	8 32 67 
2089	179 
2090	171 
2091	156 
2092	17 73 171 
2093	91 148 174 
2094	33 
2095	5 105 139 
2096	44 
2097	105 
2098	22 103 185 
2099	89 
2100	86 89 192 
2101	103 
2102	14 105 124 
2103	70 
2104	83 86 143 
2105	27 156 204 
2106	94 99 143 
2107	66 
2108	161 171 190 
2109	165 
2110	28 90 144 
2111	76 196 198 
2112	35 115 178 
2113	3 
2114	51 149 192 
2115	86 97 122 
2116	44 
2117	142 
2118	147 
2119	26 100 112 
2120	41 80 181 
2121	9 
2122	148 
2123	104 
2124	8 42 140 
2125	13 109 182 
2126	6 
2127	28 34 121 
2128	38 
2129	105 
2130	169 
2131	131 
2132	146 
2133	82 
2134	81 
2135	111 133 188 
2136	132 
2137	100 121 134 
2138	101 141 188 
2139	193 
2140	29 130 143 
2141	95 96 198 
2142	31 95 144 
2143	130 
2144	35 137 187 
2145	21 
2146	152 159 163 
2147	81 104 207 
2148	64 90 122 
2149	17 156 189 
2150	167 
2151	37 
2152	38 
2153	75 
2154	36 141 198 
2155	12 33 138 
2156	29 113 199 
2157	207 
2158	73 89 94 
2159	31 
2160	15 
2161	92 122 152 
2162	25 76 105 
2163	10 
2164	34 
2165	3 
2166	27 100 164 
2167	149 
2168	37 79 123 
2169	121 158 159 
2170	28 
2171	100 177 181 
2172	37 
2173	177 
2174	78 100 131 
2175	150 
2176	6 8 136 
2177	187 
2178	143 154 203 
2179	26 
2180	65 92 149 
2181	112 
2182	100 116 145 
2183	6 
2184	33 62 183 
2185	63 
2186	8 38 160 
2187	177 
2188	48 119 126 
2189	144 
2190	80 
2191	152 
2192	16 117 201 
2193	8 61 192 
2194	29 
2195	125 156 170 
2196	62 
2197	171 
2198	192 
2199	71 
2200	7 72 187 
2201	206 
2202	35 42 79 
2203	55 
2204	8 9 194 
2205	15 
2206	34 86 122 
2207	38 
2208	177 
2209	8 48 124 
2210	25 33 150 
2211	203 
2212	54 
2213	2 101 175 
2214	185 
2215	27 114 203 
2216	79 
2217	147 158 178 
2218	10 38 196 
2219	47 140 156 
2220	18 116 202 
2221	26 39 94 
2222	112 149 172 
2223	109 
2224	100 
2225	32 48 53 
2226	48 
2227	165 
2228	61 
2229	49 55 112 
2230	7 15 53 
2231	28 38 147 
2232	78 82 152 
2233	32 128 192 
2234	166 
2235	175 176 198 
2236	26 62 144 
2237	17 33 48 
2238	91 
2239	4 11 183 
2240	23 135 153 
2241	67 86 199 
2242	123 
2243	74 
2244	21 63 123 
2245	53 
2246	188 
2247	110 
2248	53 63 69 
2249	136 
2250	158 164 176 
2251	7 
2252	27 73 192 
2253	134 
2254	72 
2255	155 
2256	45 
2257	95 112 142 
2258	43 68 71 
2259	81 102 158 
2260	86 
2261	56 160 205 
2262	112 
2263	88 
2264	58 
2265	85 140 198 
2266	114 124 150 
2267	36 
2268	9 51 135 
2269	94 
2270	192 
2271	200 
2272	14 113 116 
2273	130 
2274	32 48 115 
2275	16 62 123 
2276	28 130 150 
2277	62 134 177 
2278	171 185 200 
2279	29 124 194 
2280	160 
2281	88 
2282	62 122 160 
2283	68 
2284	24 
2285	36 
2286	27 35 58 
2287	21 36 190 
2288	26 
2289	183 
2290	125 188 196 
2291	84 190 198 
2292	78 
2293	86 
2294	27 
2295	51 85 124 
2296	68 
2297	60 117 158 
2298	34 86 182 
2299	151 
2300	7 53 155 
2301	57 
2302	91 
2303	141 
2304	33 173 205 
2305	108 
2306	122 
2307	3 73 207 
2308	98 136 189 
2309	71 140 194 
2310	163 
2311	170 
2312	28 
2313	73 
2314	157 
2315	53 
2316	92 133 143 
2317	143 
2318	11 
2319	107 123 129 
2320	44 
2321	57 74 113 
2322	57 161 164 
2323	76 
2324	113 144 194 
2325	187 
2326	11 69 187 
2327	89 
2328	83 
2329	130 
2330	3 30 44 
2331	162 
2332	42 152 160 
2333	2 
2334	36 
2335	47 70 180 
2336	4 67 187 
2337	100 126 161 
2338	6 112 136 
2339	148 
2340	70 
2341	22 163 192 
2342	130 135 169 
2343	18 192 198 
2344	21 
2345	57 97 131 
2346	8 83 166 
2347	38 97 110 
2348	36 42 136 
2349	64 90 121 
2350	50 
2351	119 137 144 
2352	70 78 80 
2353	132 
2354	86 151 166 
2355	38 57 58 
2356	33 34 117 
2357	12 
2358	41 147 176 
2359	114 132 183 
2360	34 81 134 
2361	195 
2362	39 47 101 
2363	14 
2364	110 
2365	147 149 164 
2366	26 86 95 
2367	35 47 206 
2368	160 
2369	43 90 116 
2370	57 58 202 
2371	33 
2372	178 
2373	65 
2374	69 121 144 
2375	44 134 151 
2376	146 
2377	78 
2378	11 152 191 
2379	66 
2380	109 
2381	42 
2382	54 65 188 
2383	58 
2384	62 112 158 
2385	36 89 161 
2386	167 
2387	23 27 28 
2388	39 71 201 
2389	12 27 29 
2390	73 
2391	51 64 161 
2392	190 
2393	28 48 102 
2394	125 
2395	89 
2396	125 
2397	41 104 125 
2398	54 
2399	23 27 163 
2400	48 136 198 
2401	78 
2402	200 
2403	20 52 128 
2404	8 9 100 
2405	160 
2406	96 110 179 
2407	8 
2408	7 14 123 
2409	105 
2410	80 
2411	42 81 207 
2412	1 
2413	38 
2414	140 
2415	136 
2416	64 71 170 
2417	84 
2418	91 
2419	119 
2420	137 182 194 
2421	142 
2422	62 101 169 
2423	109 
2424	6 
2425	13 20 96 
2426	94 114 185 
2427	71 
2428	69 164 183 
2429	63 
2430	109 
2431	94 114 178 
2432	83 96 203 
2433	21 108 192 
2434	79 
2435	78 
2436	50 
2437	186 
2438	57 151 181 
2439	198 
2440	42 
2441	83 
2442	21 136 181 
2443	43 48 126 
2444	7 56 163 
2445	121 127 165 
2446	7 91 171 
2447	13 115 148 
2448	71 148 198 
2449	2 3 59 
2450	15 158 202 
2451	24 123 151 
2452	62 
2453	54 
2454	65 161 205 
2455	78 
2456	166 
2457	33 
2458	146 
2459	200 
2460	121 
2461	39 
2462	28 144 204 
2463	11 
2464	17 
2465	56 
2466	4 73 156 
2467	3 160 179 
2468	175 
2469	195 
2470	185 
2471	119 144 146 
2472	159 
2473	90 118 179 
2474	191 
2475	14 76 107 
2476	83 
2477	35 78 183 
2478	26 64 128 
2479	6 44 54 
2480	69 143 195 
2481	36 
2482	69 87 106 
2483	26 160 163 
2484	91 
2485	12 
2486	76 
2487	67 
2488	32 
2489	136 
2490	5 24 26 
2491	14 30 119 
2492	7 148 190 
2493	144 
2494	29 77 109 
2495	84 
2496	35 
2497	201 
2498	107 
2499	119 
2500	139 
2501	201 
2502	27 33 144 
2503	7 38 188 
2504	160 
2505	49 
2506	95 
2507	49 90 176 
2508	177 
2509	80 196 205 
2510	140 
2511	44 
2512	113 
2513	34 
2514	12 140 181 
2515	64 
2516	53 128 179 
2517	17 94 202 
2518	164 
2519	105 111 195 
2520	164 
2521	45 
2522	15 57 85 
2523	67 
2524	100 104 113 
2525	161 
2526	2 
2527	108 
2528	92 
2529	124 
2530	15 47 182 
2531	38 98 165 
2532	103 
2533	56 77 137 
2534	44 92 160 
2535	169 
2536	105 169 185 
2537	121 
2538	55 74 95 
2539	191 
2540	57 63 188 
2541	144 
2542	27 
2543	165 192 202 
2544	32 
2545	77 
2546	7 14 183 
2547	196 
2548	99 
2549	176 
2550	5 
2551	33 
2552	5 
2553	205 
2554	28 108 198 
2555	198 
2556	9 58 123 
2557	38 88 187 
2558	128 
2559	158 
2560	193 
2561	145 
2562	150 
2563	63 160 166 
2564	141 
2565	29 103 193 
2566	44 
2567	7 14 105 
2568	81 
2569	56 89 194 
2570	71 128 163 
2571	78 
2572	32 135 203 
2573	90 126 144 
2574	48 
2575	94 
2576	64 71 120 
2577	1 59 75 
2578	68 
2579	146 
2580	151 
2581	58 
2582	139 150 177 
2583	82 150 151 
2584	147 
2585	150 
2586	46 
2587	73 
2588	24 
2589	57 
2590	69 125 173 
2591	15 
2592	26 73 136 
2593	22 149 151 
2594	49 
2595	57 
2596	63 98 176 
2597	43 
2598	43 88 152 
2599	40 105 196 
2600	103 
2601	153 
2602	33 146 196 
2603	165 
2604	6 
2605	152 
2606	150 176 190 
2607	80 
2608	80 
2609	4 
2610	14 76 192 
2611	36 78 124 
2612	35 
2613	64 77 204 
2614	82 
2615	47 117 177 
2616	28 63 100 
2617	59 
2618	107 
2619	38 73 156 
2620	85 124 141 
2621	114 123 188 
2622	54 
2623	170 
2624	15 
2625	96 109 134 
2626	117 
2627	6 58 194 
2628	177 
2629	54 
2630	48 
2631	109 184 198 
2632	128 182 192 
2633	112 169 173 
2634	34 88 166 
2635	36 
2636	36 80 145 
2637	9 27 149 
2638	124 
2639	19 
2640	153 
2641	101 
2642	150 
2643	8 138 191 
2644	67 
2645	29 33 36 
2646	110 
2647	74 
2648	79 89 149 
2649	178 
2650	55 63 105 
2651	40 77 130 
2652	76 
2653	39 
2654	47 
2655	46 123 193 
2656	49 
2657	158 
2658	24 
2659	77 135 183 
2660	157 
2661	44 
2662	171 
2663	169 
2664	159 
2665	107 
2666	67 
2667	96 
2668	23 84 165 
2669	45 78 164 
2670	80 87 175 
2671	33 160 198 
2672	116 127 154 
2673	66 
2674	156 
2675	146 
2676	62 
2677	39 110 206 
2678	140 
2679	14 43 71 
2680	28 
2681	192 
2682	108 154 200 
2683	16 55 180 
2684	15 38 77 
2685	185 
2686	57 
2687	24 90 162 
2688	85 
2689	16 95 169 
2690	34 
2691	25 
2692	146 181 207 
2693	184 
2694	29 70 203 
2695	39 137 158 
2696	137 161 198 
2697	105 151 175 
2698	62 139 144 
2699	89 195 205 
2700	121 
2701	25 
2702	18 114 203 
2703	144 175 202 
2704	26 
2705	23 53 63 
2706	78 132 205 
2707	96 117 195 
2708	88 100 113 
2709	99 
2710	162 
2711	27 35 144 
2712	29 38 116 
2713	48 113 170 
2714	41 
2715	183 
2716	38 
2717	147 153 206 
2718	110 
2719	17 24 152 
2720	144 
2721	66 124 179 
2722	159 
2723	85 141 187 
2724	7 31 88 
2725	24 162 203 
2726	69 150 196 
2727	95 
2728	163 
2729	108 
2730	152 
2731	63 
2732	42 113 192 
2733	187 
2734	28 161 192 
2735	8 
2736	36 
2737	3 93 169 
2738	136 
2739	139 
2740	71 
2741	81 137 182 
2742	106 140 195 
2743	179 
2744	47 86 96 
2745	71 83 194 
2746	190 
2747	34 121 179 
2748	94 
2749	143 
2750	37 
2751	110 123 178 
2752	50 83 176 
2753	30 114 202 
2754	42 154 192 
2755	125 140 142 
2756	130 
2757	65 127 202 
2758	14 
2759	28 
2760	28 
2761	198 
2762	129 
2763	104 
2764	77 89 91 
2765	203 
2766	66 
2767	63 144 176 
2768	50 58 156 
2769	60 
2770	53 99 172 
2771	92 
2772	40 
2773	48 
2774	108 
2775	89 114 203 
2776	202 
2777	50 110 151 
2778	23 
2779	36 
2780	50 73 96 
2781	136 
2782	70 
2783	192 
2784	69 
2785	53 136 190 
2786	161 177 185 
2787	79 
2788	110 
2789	60 94 181 
2790	12 21 120 
2791	71 85 95 
2792	113 
2793	130 
2794	137 156 164 
2795	143 
2796	40 
2797	133 
2798	67 
2799	109 
2800	65 135 181 
2801	53 158 190 
2802	123 140 149 
2803	64 
2804	156 
2805	91 105 157 
2806	195 
2807	23 76 133 
2808	60 
2809	78 116 196 
2810	149 
2811	105 
2812	7 
2813	75 
2814	82 103 126 
2815	39 
2816	169 174 183 
2817	160 
2818	23 40 181 
2819	136 
2820	2 18 95 
2821	149 
2822	85 
2823	202 
2824	15 140 147 
2825	33 71 167 
2826	44 56 152 
2827	146 
2828	146 
2829	26 80 174 
2830	58 110 191 
2831	112 131 180 
2832	22 140 164 
2833	26 72 84 
2834	7 40 182 
2835	37 
2836	94 124 130 
2837	18 91 114 
2838	19 33 101 
2839	84 89 146 
2840	71 93 155 
2841	64 
2842	114 157 161 
2843	142 156 169 
2844	15 104 168 
2845	196 
2846	81 
2847	28 104 151 
2848	36 106 187 
2849	88 
2850	119 
2851	2 127 204 
2852	141 
2853	94 
2854	60 69 196 
2855	100 
2856	150 
2857	34 136 202 
2858	99 165 169 
2859	2 38 78 
2860	27 123 125 
2861	71 112 202 
2862	33 95 129 
2863	116 
2864	130 
2865	8 43 86 
2866	21 27 168 
2867	27 
2868	11 105 182 
2869	34 119 183 
2870	7 138 162 
2871	42 
2872	114 
2873	53 
2874	25 164 203 
2875	81 
2876	106 
2877	55 100 105 
2878	8 11 164 
2879	64 
2880	82 
2881	49 
2882	121 123 146 
2883	5 44 174 
2884	27 
2885	149 
2886	8 
2887	130 
2888	62 152 179 
2889	166 
2890	31 
2891	43 136 176 
2892	123 
2893	198 
2894	32 
2895	20 85 167 
2896	32 39 69 
2897	89 
2898	193 
2899	100 162 186 
2900	63 
2901	55 57 169 
2902	205 
2903	62 
2904	38 143 190 
2905	162 
2906	6 87 161 
2907	5 123 207 
2908	93 125 149 
2909	39 113 121 
2910	149 
2911	88 146 152 
2912	183 
2913	105 
2914	57 
2915	46 84 89 
2916	15 78 146 
2917	114 
2918	137 
2919	44 66 118 
2920	124 
2921	152 
2922	55 144 181 
2923	7 49 133 
2924	39 152 166 
2925	33 71 196 
2926	10 
2927	69 123 150 
2928	110 152 175 
2929	32 
2930	19 38 41 
2931	116 165 202 
2932	65 88 202 
2933	69 81 156 
2934	27 32 135 
2935	39 94 123 
2936	140 152 165 
2937	26 175 177 
2938	110 140 156 
2939	28 107 144 
2940	200 
2941	57 
2942	156 
2943	108 
2944	8 118 196 
2945	42 
2946	88 
2947	124 147 203 
2948	98 127 162 
2949	17 78 162 
2950	23 151 185 
2951	83 
2952	4 57 152 
2953	109 
2954	83 
2955	24 38 207 
2956	9 24 190 
2957	187 
2958	6 41 107 
2959	146 
2960	83 136 195 
2961	25 130 187 
2962	160 
2963	68 
2964	13 49 85 
2965	168 
2966	146 
2967	39 164 165 
2968	121 162 187 
2969	177 
2970	167 
2971	9 146 198 
2972	32 
2973	143 
2974	202 
2975	23 90 156 
2976	85 151 169 
2977	191 
2978	33 
2979	88 146 205 
2980	71 85 104 
2981	64 150 168 
2982	26 
2983	44 80 205 
2984	2 33 134 
2985	10 24 62 
2986	147 
2987	80 160 184 
2988	95 136 150 
2989	89 136 158 
2990	3 75 145 
2991	23 
2992	32 120 198 
2993	67 
2994	110 
2995	50 164 179 
2996	3 
2997	15 57 95 
2998	40 136 198 
2999	18 
3000	64 67 206 
3001	76 176 192 
3002	14 129 154 
3003	95 156 158 
3004	62 
3005	154 170 193 
3006	5 43 84 
3007	61 162 185 
3008	147 
3009	64 78 207 
3010	198 
3011	104 169 191 
3012	101 116 156 
3013	141 
3014	127 
3015	46 170 176 
3016	20 88 144 
3017	69 96 192 
3018	110 
3019	104 
3020	68 159 203 
3021	71 154 192 
3022	10 124 202 
3023	82 
3024	124 
3025	162 
3026	50 147 204 
3027	39 51 119 
3028	28 
3029	49 92 153 
3030	86 111 179 
3031	159 
3032	95 
3033	1 39 117 
3034	170 175 201 
3035	144 
3036	9 44 187 
3037	198 
3038	57 69 186 
3039	7 19 23 
3040	44 45 160 
3041	93 199 202 
3042	31 37 91 
3043	171 
3044	14 175 196 
3045	73 146 205 
3046	87 116 203 
3047	2 83 150 
3048	12 
3049	147 
3050	9 94 113 
3051	22 23 203 
3052	149 171 196 
3053	67 95 180 
3054	55 
3055	18 
3056	35 185 203 
3057	47 
3058	32 123 127 
3059	15 138 200 
3060	26 85 160 
3061	3 112 169 
3062	18 
3063	63 91 206 
3064	41 110 185 
3065	112 158 185 
3066	132 154 171 
3067	17 
3068	97 133 170 
3069	59 121 193 
3070	12 144 190 
3071	8 64 113 
3072	68 73 87 
3073	4 78 164 
3074	181 
3075	99 
3076	91 
3077	50 156 194 
3078	26 116 176 
3079	157 
3080	36 76 147 
3081	4 28 196 
3082	21 136 161 
3083	7 
3084	137 
3085	56 162 163 
3086	117 143 194 
3087	37 89 146 
3088	42 
3089	80 
3090	19 57 94 
3091	80 132 135 
3092	52 69 143 
3093	8 
3094	132 
3095	76 147 195 
3096	64 
3097	190 
3098	146 
3099	137 
3100	14 62 162 
3101	148 
3102	20 181 207 
3103	7 
3104	120 
3105	112 
3106	198 
3107	22 162 170 
3108	33 
3109	64 125 151 
3110	46 110 183 
3111	162 
3112	68 134 147 
3113	146 196 205 
3114	80 177 198 
3115	110 156 202 
3116	36 95 172 
3117	48 130 189 
3118	2 91 101 
3119	11 
3120	67 74 201 
3121	39 61 89 
3122	28 
3123	33 
3124	90 
3125	111 119 196 
3126	32 152 196 
3127	81 
3128	1 12 44 
3129	26 
3130	11 
3131	147 156 162 
3132	89 
3133	116 173 187 
3134	40 147 199 
3135	57 
3136	113 
3137	19 47 80 
3138	101 
3139	143 
3140	96 
3141	19 78 129 
3142	19 75 77 
3143	32 113 132 
3144	119 
3145	152 
3146	75 
3147	193 
3148	84 150 171 
3149	23 
3150	4 23 185 
3151	11 101 186 
3152	144 
3153	37 88 161 
3154	32 119 207 
3155	14 
3156	13 89 148 
3157	103 
3158	164 
3159	31 53 85 
3160	126 
3161	20 59 110 
3162	44 78 82 
3163	24 
3164	69 
3165	59 143 198 
3166	187 
3167	125 
3168	69 78 152 
3169	19 160 205 
3170	206 
3171	101 
3172	80 140 200 
3173	81 106 198 
3174	70 104 130 
3175	1 143 179 
3176	31 162 201 
3177	88 121 190 
3178	19 
3179	97 
3180	6 68 86 
3181	47 104 192 
3182	118 150 195 
3183	194 
3184	65 
3185	102 121 179 
3186	52 
3187	94 166 183 
3188	25 153 182 
3189	130 
3190	28 
3191	190 
3192	58 
3193	8 36 84 
3194	83 170 176 
3195	83 105 143 
3196	12 39 170 
3197	4 68 186 
3198	2 87 164 
3199	59 144 158 
3200	140 176 177 
3201	162 
3202	43 125 183 
3203	160 
3204	26 39 151 
3205	8 152 171 
3206	84 96 186 
3207	4 94 139 
3208	12 
3209	157 
3210	113 
3211	3 
3212	30 
3213	46 90 132 
3214	189 
3215	13 61 72 
3216	6 91 146 
3217	152 
3218	84 120 183 
3219	152 
3220	201 
3221	26 71 96 
3222	81 88 108 
3223	145 
3224	97 160 192 
3225	4 8 13 
3226	62 100 142 
3227	3 146 202 
3228	63 129 135 
3229	55 72 152 
3230	175 
3231	162 
3232	4 138 191 
3233	25 
3234	3 
3235	85 
3236	146 
3237	13 
3238	52 
3239	104 161 169 
3240	81 
3241	103 113 156 
3242	37 69 193 
3243	93 170 179 
3244	3 22 199 
3245	49 
3246	188 
3247	22 78 202 
3248	12 100 113 
3249	91 121 139 
3250	15 64 117 
3251	137 
3252	58 
3253	116 124 158 
3254	36 95 192 
3255	15 
3256	25 34 66 
3257	14 27 71 
3258	56 
3259	183 
3260	34 57 158 
3261	41 
3262	161 
3263	139 
3264	10 
3265	190 
3266	57 85 163 
3267	117 
3268	84 
3269	90 146 174 
3270	14 49 94 
3271	185 
3272	17 
3273	69 94 183 
3274	62 
3275	36 45 136 
3276	20 
3277	67 125 167 
3278	177 
3279	45 57 147 
3280	84 105 155 
3281	38 65 197 
3282	29 30 74 
3283	165 
3284	142 180 190 
3285	143 
3286	198 
3287	1 155 160 
3288	44 
3289	122 
3290	32 177 207 
3291	124 130 169 
3292	27 133 183 
3293	32 174 192 
3294	193 
3295	39 
3296	150 
3297	116 
3298	168 
3299	22 30 56 
3300	43 68 194 
3301	89 
3302	90 
3303	36 195 197 
3304	44 140 168 
3305	43 60 78 
3306	49 
3307	182 
3308	7 
3309	185 
3310	150 
3311	183 
3312	95 157 183 
3313	185 
3314	104 167 185 
3315	26 41 164 
3316	28 
3317	61 143 167 
3318	137 160 171 
3319	137 
3320	66 
3321	127 
3322	39 86 170 
3323	93 
3324	114 148 183 
3325	99 
3326	91 
3327	62 
3328	9 156 204 
3329	12 
3330	73 126 171 
3331	71 76 189 
3332	58 156 166 
3333	39 51 72 
3334	14 144 156 
3335	16 134 135 
3336	89 
3337	120 
3338	12 122 146 
3339	196 
3340	61 
3341	121 
3342	27 66 137 
3343	74 
3344	21 
3345	110 
3346	197 
3347	15 
3348	57 147 195 
3349	40 
3350	64 99 191 
3351	182 
3352	35 39 80 
3353	121 150 173 
3354	82 124 182 
3355	23 
3356	28 
3357	4 
3358	78 
3359	121 141 143 
3360	93 112 146 
3361	78 101 176 
3362	206 
3363	54 
3364	27 
3365	146 
3366	55 
3367	105 
3368	92 
3369	103 162 187 
3370	81 164 201 
3371	38 48 161 
3372	128 
3373	190 
3374	88 121 152 
3375	150 187 205 
3376	49 88 110 
3377	192 
3378	81 
3379	185 
3380	18 126 154 
3381	128 151 205 
3382	14 33 68 
3383	84 187 205 
3384	95 
3385	20 69 202 
3386	58 
3387	23 
3388	113 
3389	83 
3390	60 127 177 
3391	59 80 187 
3392	40 64 197 
3393	159 177 182 
3394	62 
3395	23 111 162 
3396	7 64 78 
3397	12 64 92 
3398	88 
3399	26 90 133 
3400	130 165 193 
3401	103 135 143 
3402	112 
3403	184 
3404	80 89 133 
3405	87 88 105 
3406	4 126 181 
3407	20 119 176 
3408	17 47 102 
3409	55 75 83 
3410	38 144 190 
3411	88 
3412	141 
3413	61 
3414	3 18 190 
3415	11 47 183 
3416	94 
3417	116 
3418	141 
3419	154 
3420	199 
3421	51 142 164 
3422	110 112 169 
3423	6 176 206 
3424	190 
3425	7 
3426	5 
3427	28 55 72 
3428	56 89 196 
3429	32 
3430	52 146 184 
3431	64 108 172 
3432	43 
3433	122 
3434	189 
3435	57 
3436	55 78 194 
3437	13 
3438	207 
3439	7 87 196 
3440	89 
3441	103 
3442	30 97 123 
3443	78 95 170 
3444	45 
3445	21 
3446	32 
3447	40 123 156 
3448	63 
3449	6 
3450	20 27 69 
3451	68 83 146 
3452	62 144 192 
3453	83 
3454	17 31 174 
3455	196 
3456	42 
3457	80 92 116 
3458	115 
3459	203 
3460	63 158 175 
3461	10 12 189 
3462	2 15 49 
3463	5 84 195 
3464	161 
3465	76 110 193 
3466	149 
3467	90 117 146 
3468	1 144 152 
3469	38 64 156 
3470	43 
3471	117 121 140 
3472	70 
3473	27 
3474	59 156 162 
3475	87 141 192 
3476	12 
3477	38 67 136 
3478	45 84 124 
3479	3 101 129 
3480	149 
3481	81 117 183 
3482	140 193 194 
3483	87 98 153 
3484	8 
3485	199 
3486	168 
3487	95 
3488	84 
3489	9 
3490	74 
3491	16 73 83 
3492	90 
3493	122 147 183 
3494	4 27 123 
3495	69 73 196 
3496	89 149 169 
3497	60 
3498	12 66 123 
3499	113 140 168 
3500	28 63 171 
3501	120 
3502	15 28 76 
3503	8 53 162 
3504	58 
3505	2 136 205 
3506	163 
3507	30 149 190 
3508	47 125 177 
3509	198 
3510	169 177 201 
3511	3 88 190 
3512	7 37 124 
3513	17 133 202 
3514	16 39 144 
3515	134 
3516	79 145 190 
3517	6 
3518	32 39 43 
3519	24 131 204 
3520	181 
3521	196 
3522	109 
3523	187 
3524	125 
3525	150 169 197 
3526	100 
3527	63 124 195 
3528	6 127 177 
3529	123 130 171 
3530	129 
3531	24 
3532	86 93 156 
3533	103 
3534	91 113 193 
3535	43 65 146 
3536	8 
3537	148 151 169 
3538	69 74 110 
3539	48 90 109 
3540	92 
3541	201 
3542	6 33 183 
3543	30 67 177 
3544	95 96 162 
3545	156 
3546	117 159 200 
3547	152 
3548	153 
3549	9 
3550	193 
3551	2 39 109 
3552	80 141 190 
3553	40 
3554	32 112 166 
3555	62 
3556	121 
3557	6 132 190 
3558	33 
3559	7 135 153 
3560	78 82 109 
3561	24 
3562	203 
3563	52 78 116 
3564	12 83 185 
3565	174 
3566	39 47 163 
3567	34 78 158 
3568	164 
3569	22 39 99 
3570	7 57 164 
3571	32 
3572	27 
3573	66 
3574	20 35 36 
3575	58 144 181 
3576	86 
3577	18 
3578	18 
3579	25 64 67 
3580	24 
3581	114 123 143 
3582	42 108 125 
3583	69 
3584	64 76 109 
3585	176 
3586	39 187 196 
3587	49 
3588	165 
3589	7 43 161 
3590	72 105 159 
3591	165 
3592	176 
3593	20 
3594	149 
3595	47 76 105 
3596	156 
3597	19 101 156 
3598	64 129 146 
3599	100 121 143 
3600	34 
3601	176 
3602	70 173 187 
3603	8 
3604	36 42 144 
3605	143 
3606	152 
3607	105 
3608	79 136 187 
3609	187 
3610	5 
3611	71 140 186 
3612	18 
3613	155 
3614	50 104 130 
3615	45 124 177 
3616	160 
3617	11 
3618	129 
3619	89 137 143 
3620	110 
3621	1 144 175 
3622	93 
3623	23 
3624	83 
3625	102 
3626	36 37 198 
3627	29 
3628	105 110 146 
3629	101 
3630	42 162 185 
3631	62 153 173 
3632	79 176 203 
3633	52 158 200 
3634	29 58 127 
3635	86 135 167 
3636	33 43 196 
3637	76 
3638	73 94 115 
3639	37 47 201 
3640	14 
3641	86 112 152 
3642	173 
3643	141 
3644	24 176 183 
3645	4 
3646	164 
3647	191 
3648	60 86 179 
3649	18 77 151 
3650	46 
3651	27 58 166 
3652	58 
3653	16 50 207 
3654	10 32 103 
3655	175 
3656	2 150 171 
3657	11 
3658	13 75 100 
3659	4 9 146 
3660	62 101 121 
3661	139 
3662	34 83 113 
3663	97 
3664	85 
3665	44 104 123 
3666	160 
3667	36 97 114 
3668	2 77 91 
3669	46 137 143 
3670	32 76 100 
3671	147 
3672	51 81 136 
3673	16 29 44 
3674	155 
3675	60 
3676	38 
3677	24 
3678	14 38 160 
3679	27 
3680	45 180 181 
3681	85 136 150 
3682	121 122 153 
3683	132 
3684	15 73 125 
3685	53 134 158 
3686	28 64 129 
3687	132 149 183 
3688	95 152 207 
3689	33 44 160 
3690	187 
3691	12 84 134 
3692	47 
3693	4 7 14 
3694	46 113 201 
3695	15 
3696	48 69 171 
3697	144 
3698	23 
3699	119 192 203 
3700	80 
3701	34 146 156 
3702	15 
3703	140 
3704	101 144 160 
3705	90 
3706	93 
3707	74 136 160 
3708	148 
3709	112 
3710	90 
3711	50 
3712	44 147 164 
3713	80 
3714	40 125 162 
3715	85 86 198 
3716	149 
3717	190 
3718	57 65 108 
3719	27 78 136 
3720	49 
3721	166 177 202 
3722	41 
3723	124 
3724	70 78 94 
3725	121 
3726	28 32 183 
3727	4 71 152 
3728	125 
3729	22 101 143 
3730	31 166 171 
3731	189 
3732	13 
3733	18 106 155 
3734	201 
3735	20 112 154 
3736	36 71 162 
3737	85 162 198 
3738	146 
3739	6 7 30 
3740	108 
3741	42 
3742	91 94 140 
3743	4 
3744	46 124 149 
3745	127 
3746	176 
3747	42 85 95 
3748	45 146 194 
3749	11 117 185 
3750	176 
3751	7 
3752	149 
3753	169 
3754	103 
3755	61 76 112 
3756	8 113 117 
3757	27 105 109 
3758	132 
3759	4 94 134 
3760	42 65 174 
3761	78 
3762	44 
3763	52 
3764	169 
3765	146 
3766	8 76 77 
3767	36 91 104 
3768	199 
3769	121 
3770	36 
3771	12 69 193 
3772	16 44 164 
3773	39 156 190 
3774	4 
3775	151 
3776	48 
3777	44 104 203 
3778	26 
3779	49 145 189 
3780	31 50 112 
3781	28 
3782	1 29 103 
3783	136 183 198 
3784	34 
3785	96 
3786	83 110 185 
3787	146 164 194 
3788	58 119 183 
3789	28 
3790	198 
3791	157 
3792	39 108 116 
3793	10 86 164 
3794	72 175 199 
3795	12 80 117 
3796	27 46 142 
3797	105 
3798	44 
3799	7 192 202 
3800	81 156 206 
3801	138 
3802	91 124 158 
3803	42 
3804	140 
3805	138 
3806	116 
3807	207 
3808	77 
3809	82 174 189 
3810	33 76 93 
3811	100 116 127 
3812	196 
3813	24 
3814	130 
3815	94 
3816	158 
3817	85 
3818	87 
3819	74 
3820	114 
3821	144 162 187 
3822	75 102 177 
3823	200 
3824	92 138 161 
3825	74 
3826	56 179 189 
3827	28 89 145 
3828	30 78 169 
3829	2 30 183 
3830	89 187 204 
3831	90 
3832	76 
3833	86 112 183 
3834	8 61 150 
3835	135 136 160 
3836	162 
3837	90 
3838	14 91 196 
3839	102 196 207 
3840	39 107 161 
3841	8 82 94 
3842	34 77 184 
3843	89 164 177 
3844	196 
3845	15 143 162 
3846	143 
3847	69 
3848	8 131 150 
3849	33 124 162 
3850	101 
3851	65 
3852	36 57 136 
3853	113 
3854	58 65 168 
3855	39 
3856	169 
3857	84 
3858	140 
3859	65 122 193 
3860	34 110 145 
3861	95 
3862	36 
3863	14 151 180 
3864	28 81 143 
3865	167 
3866	140 
3867	16 
3868	136 
3869	176 
3870	179 
3871	63 104 169 
3872	169 
3873	15 87 157 
3874	71 152 174 
3875	164 
3876	105 
3877	72 
3878	121 156 159 
3879	179 
3880	36 
3881	71 101 163 
3882	5 17 140 
3883	39 95 152 
3884	102 
3885	11 161 165 
3886	97 
3887	24 42 101 
3888	29 
3889	24 31 94 
3890	39 47 99 
3891	101 143 168 
3892	33 
3893	15 51 156 
3894	90 140 185 
3895	144 
3896	16 
3897	6 
3898	158 
3899	197 
3900	80 105 121 
3901	44 88 172 
3902	124 
3903	145 
3904	67 113 199 
3905	46 
3906	105 168 190 
3907	152 
3908	48 
3909	116 
3910	36 
3911	87 140 152 
3912	74 126 198 
3913	47 148 175 
3914	86 
3915	131 195 196 
3916	130 
3917	32 
3918	69 156 203 
3919	202 
3920	11 
3921	130 167 183 
3922	36 
3923	94 
3924	87 115 182 
3925	89 145 202 
3926	175 
3927	26 28 155 
3928	4 
3929	46 104 116 
3930	140 
3931	42 73 78 
3932	13 98 124 
3933	35 91 117 
3934	32 
3935	123 145 150 
3936	153 
3937	46 56 196 
3938	14 
3939	39 87 155 
3940	139 
3941	7 82 192 
3942	155 166 171 
3943	8 49 81 
3944	152 
3945	54 144 195 
3946	19 
3947	23 58 110 
3948	25 
3949	188 
3950	39 73 136 
3951	42 50 146 
3952	63 136 187 
3953	6 
3954	33 
3955	36 110 207 
3956	82 116 165 
3957	126 147 151 
3958	85 
3959	14 
3960	163 
3961	14 47 65 
3962	177 
3963	136 
3964	154 
3965	71 94 162 
3966	14 
3967	16 102 178 
3968	204 
3969	111 
3970	32 
3971	122 136 203 
3972	8 
3973	113 161 199 
3974	174 
3975	46 159 160 
3976	200 
3977	7 
3978	78 
3979	114 
3980	4 
3981	157 
3982	39 139 160 
3983	169 
3984	88 
3985	61 
3986	86 
3987	17 111 138 
3988	3 
3989	136 152 206 
3990	116 145 175 
3991	93 100 105 
3992	100 
3993	205 
3994	140 
3995	102 134 193 
3996	166 
3997	87 131 185 
3998	8 
3999	45 
4000	36 181 204 
4001	114 130 197 
4002	43 59 86 
4003	17 
4004	164 
4005	147 
4006	74 
4007	42 132 191 
4008	2 
4009	65 85 144 
4010	59 83 150 
4011	140 148 181 
4012	50 76 84 
4013	194 
4014	148 
4015	19 44 180 
4016	15 28 117 
4017	98 101 178 
4018	14 89 156 
4019	55 117 185 
4020	47 62 68 
4021	20 
4022	146 
4023	175 
4024	62 111 203 
4025	10 105 139 
4026	114 
4027	162 
4028	16 85 172 
4029	52 
4030	4 
4031	48 122 136 
4032	181 
4033	8 
4034	26 106 181 
4035	158 
4036	175 
4037	5 44 100 
4038	49 
4039	58 130 162 
4040	62 
4041	41 
4042	136 144 158 
4043	33 48 180 
4044	42 107 171 
4045	6 
4046	29 51 98 
4047	117 
4048	87 
4049	175 
4050	88 152 207 
4051	112 
4052	8 53 94 
4053	34 146 159 
4054	160 
4055	140 
4056	38 
4057	73 90 123 
4058	152 
4059	204 
4060	42 68 144 
4061	28 90 140 
4062	113 
4063	54 122 145 
4064	188 
4065	32 
4066	26 69 146 
4067	83 125 168 
4068	142 143 156 
4069	82 88 128 
4070	119 
4071	136 159 187 
4072	2 175 185 
4073	141 143 162 
4074	1 107 127 
4075	12 88 169 
4076	78 
4077	19 
4078	197 
4079	13 33 109 
4080	78 
4081	29 153 156 
4082	100 
4083	106 114 207 
4084	162 
4085	101 
4086	124 
4087	2 180 185 
4088	155 
4089	36 
4090	10 
4091	2 48 122 
4092	18 134 189 
4093	4 
4094	72 83 93 
4095	5 195 205 
4096	158 
4097	73 
4098	38 
4099	137 
4100	136 
4101	44 112 152 
4102	72 
4103	138 
4104	38 119 144 
4105	136 159 178 
4106	139 
4107	95 
4108	156 
4109	193 
4110	40 91 122 
4111	15 
4112	4 86 153 
4113	150 
4114	80 145 207 
4115	38 
4116	11 94 201 
4117	144 
4118	113 
4119	62 63 79 
4120	68 81 169 
4121	65 78 111 
4122	64 
4123	36 63 152 
4124	65 
4125	88 161 183 
4126	47 121 206 
4127	134 
4128	16 28 175 
4129	2 48 173 
4130	84 
4131	170 175 187 
4132	15 21 83 
4133	89 127 161 
4134	86 
4135	170 
4136	81 
4137	103 124 197 
4138	187 
4139	50 
4140	21 32 47 
4141	28 98 157 
4142	116 
4143	43 101 132 
4144	27 86 130 
4145	52 
4146	94 
4147	30 
4148	39 
4149	66 73 196 
4150	5 84 109 
4151	11 48 86 
4152	33 49 76 
4153	56 
4154	204 
4155	71 85 151 
4156	43 155 202 
4157	3 
4158	56 96 172 
4159	69 100 121 
4160	185 
4161	74 
4162	159 
4163	156 167 169 
4164	108 
4165	45 152 158 
4166	31 
4167	4 78 94 
4168	23 
4169	18 52 150 
4170	102 
4171	78 
4172	71 
4173	100 
4174	39 116 122 
4175	133 
4176	185 
4177	134 
4178	43 121 177 
4179	33 
4180	15 
4181	88 
4182	5 24 44 
4183	159 187 202 
4184	148 152 160 
4185	48 171 181 
4186	114 
4187	29 94 190 
4188	110 
4189	206 
4190	3 117 150 
4191	3 
4192	205 
4193	148 156 171 
4194	174 
4195	114 117 185 
4196	129 162 187 
4197	86 95 101 
4198	41 123 144 
4199	63 106 140 
4200	6 32 47 
4201	27 44 94 
4202	44 
4203	53 
4204	36 
4205	44 
4206	46 182 191 
4207	185 
4208	159 
4209	169 
4210	18 47 204 
4211	169 
4212	124 
4213	116 
4214	54 111 161 
4215	84 
4216	23 87 180 
4217	59 153 203 
4218	49 
4219	53 83 149 
4220	2 78 189 
4221	80 137 192 
4222	36 73 79 
4223	151 
4224	141 
4225	26 
4226	169 
4227	86 
4228	173 
4229	133 146 196 
4230	170 
4231	140 
4232	5 63 203 
4233	13 17 78 
4234	30 79 97 
4235	173 
4236	190 
4237	202 
4238	165 
4239	38 65 203 
4240	45 73 76 
4241	66 
4242	27 80 159 
4243	126 
4244	6 115 172 
4245	7 101 125 
4246	99 103 147 
4247	118 149 161 
4248	11 74 124 
4249	192 
4250	144 152 158 
4251	47 113 117 
4252	5 
4253	27 39 144 
4254	34 77 170 
4255	56 117 158 
4256	130 
4257	20 
4258	8 68 152 
4259	64 
4260	13 83 152 
4261	28 128 138 
4262	73 142 170 
4263	50 
4264	122 
4265	85 
4266	143 192 193 
4267	36 131 135 
4268	17 55 174 
4269	183 
4270	7 24 86 
4271	135 164 203 
4272	27 36 146 
4273	13 28 44 
4274	122 
4275	164 
4276	55 
4277	71 104 179 
4278	52 136 177 
4279	76 121 166 
4280	48 83 165 
4281	38 147 173 
4282	82 131 138 
4283	14 127 147 
4284	39 
4285	204 
4286	181 
4287	46 
4288	114 
4289	63 
4290	170 
4291	132 143 160 
4292	30 33 64 
4293	140 192 205 
4294	121 
4295	119 
4296	32 101 147 
4297	113 
4298	117 147 153 
4299	80 89 170 
4300	87 179 193 
4301	146 
4302	87 
4303	4 
4304	49 
4305	2 33 57 
4306	99 121 140 
4307	124 
4308	4 60 78 
4309	76 103 152 
4310	63 90 149 
4311	18 53 84 
4312	84 
4313	21 96 176 
4314	87 
4315	87 118 145 
4316	19 121 137 
4317	48 
4318	56 78 183 
4319	140 
4320	67 88 160 
4321	15 
4322	44 
4323	136 
4324	144 
4325	3 29 143 
4326	198 
4327	23 
4328	68 
4329	57 151 183 
4330	26 73 144 
4331	187 
4332	176 
4333	43 114 122 
4334	12 79 176 
4335	27 144 197 
4336	12 28 101 
4337	58 
4338	81 
4339	103 
4340	9 135 169 
4341	152 
4342	199 
4343	19 
4344	143 147 162 
4345	18 
4346	58 152 183 
4347	192 
4348	99 
4349	152 
4350	18 
4351	36 
4352	47 63 106 
4353	66 
4354	84 
4355	3 7 60 
4356	57 65 173 
4357	3 38 150 
4358	61 97 175 
4359	42 65 85 
4360	4 7 154 
4361	143 
4362	174 
4363	28 73 79 
4364	34 
4365	63 124 195 
4366	62 73 121 
4367	150 
4368	19 
4369	28 64 196 
4370	128 140 207 
4371	112 125 126 
4372	100 
4373	44 
4374	104 
4375	20 45 171 
4376	48 120 134 
4377	43 72 174 
4378	187 
4379	36 73 164 
4380	62 
4381	190 
4382	65 
4383	125 135 156 
4384	14 
4385	88 153 168 
4386	144 
4387	207 
4388	44 
4389	156 158 177 
4390	63 65 99 
4391	69 140 180 
4392	73 
4393	18 
4394	94 
4395	34 
4396	18 131 132 
4397	7 32 49 
4398	90 
4399	137 
4400	147 
4401	124 138 140 
4402	132 142 156 
4403	46 54 173 
4404	162 
4405	154 
4406	86 115 124 
4407	121 
4408	87 
4409	71 
4410	168 
4411	78 80 196 
4412	23 54 140 
4413	39 
4414	134 
4415	65 70 150 
4416	55 
4417	147 
4418	89 
4419	95 199 205 
4420	57 69 196 
4421	176 
4422	35 174 175 
4423	84 121 192 
4424	50 
4425	147 
4426	18 
4427	151 
4428	142 
4429	55 101 173 
4430	167 195 198 
4431	13 60 158 
4432	135 
4433	194 
4434	6 41 150 
4435	127 
4436	161 
4437	132 
4438	183 
4439	81 102 147 
4440	174 
4441	105 
4442	149 175 206 
4443	36 
4444	32 139 161 
4445	4 94 153 
4446	110 121 203 
4447	45 71 158 
4448	30 47 54 
4449	129 
4450	14 24 181 
4451	124 
4452	61 94 181 
4453	94 
4454	8 78 142 
4455	85 102 131 
4456	76 
4457	10 
4458	71 94 121 
4459	86 144 169 
4460	32 86 126 
4461	55 
4462	143 188 192 
4463	44 150 192 
4464	90 
4465	35 47 196 
4466	94 
4467	26 32 204 
4468	143 
4469	15 143 184 
4470	116 140 204 
4471	29 
4472	38 141 194 
4473	25 86 150 
4474	20 
4475	28 74 78 
4476	48 
4477	127 
4478	7 94 131 
4479	91 105 207 
4480	34 152 195 
4481	81 
4482	88 137 207 
4483	1 108 116 
4484	33 
4485	119 
4486	44 55 97 
4487	15 33 141 
4488	8 
4489	161 
4490	168 
4491	169 
4492	14 48 124 
4493	6 
4494	23 137 188 
4495	26 
4496	164 
4497	62 157 196 
4498	165 
4499	8 40 201 
4500	95 
4501	47 
4502	45 114 154 
4503	29 43 53 
4504	30 
4505	22 87 168 
4506	94 
4507	168 
4508	121 
4509	88 
4510	15 156 187 
4511	19 
4512	7 12 81 
4513	104 
4514	97 
4515	43 
4516	73 190 193 
4517	102 122 182 
4518	19 
4519	143 147 170 
4520	91 
4521	75 109 156 
4522	121 
4523	115 123 179 
4524	177 
4525	3 49 130 
4526	9 
4527	180 
4528	68 
4529	7 59 68 
4530	156 184 205 
4531	32 82 119 
4532	48 
4533	207 
4534	28 145 146 
4535	83 
4536	126 141 162 
4537	102 
4538	196 
4539	24 41 71 
4540	33 
4541	36 
4542	1 91 139 
4543	73 
4544	124 135 161 
4545	36 156 158 
4546	43 149 158 
4547	135 
4548	38 81 156 
4549	73 
4550	103 
4551	21 45 123 
4552	16 
4553	5 86 198 
4554	86 185 207 
4555	151 
4556	149 158 159 
4557	12 
4558	100 112 192 
4559	24 
4560	181 
4561	159 
4562	20 93 103 
4563	130 134 186 
4564	32 90 159 
4565	83 
4566	8 
4567	133 
4568	38 114 187 
4569	115 126 133 
4570	38 
4571	8 
4572	126 
4573	6 10 94 
4574	164 
4575	26 
4576	39 87 88 
4577	41 
4578	57 140 194 
4579	152 
4580	146 
4581	75 95 187 
4582	95 
4583	77 88 158 
4584	160 
4585	48 86 89 
4586	7 112 156 
4587	39 112 195 
4588	78 
4589	196 
4590	6 51 146 
4591	75 113 156 
4592	2 
4593	87 113 153 
4594	14 
4595	101 130 202 
4596	116 
4597	130 
4598	85 
4599	43 177 192 
4600	34 
4601	110 
4602	55 
4603	160 
4604	150 167 206 
4605	187 
4606	19 
4607	136 151 159 
4608	91 
4609	175 
4610	146 
4611	28 
4612	8 150 181 
4613	42 
4614	109 
4615	31 102 121 
4616	78 
4617	82 112 119 
4618	23 105 198 
4619	20 57 74 
4620	64 108 185 
4621	114 121 179 
4622	146 169 185 
4623	125 
4624	136 162 165 
4625	20 24 169 
4626	112 
4627	43 
4628	109 
4629	38 88 119 
4630	78 
4631	125 152 165 
4632	15 69 73 
4633	177 
4634	26 74 144 
4635	33 90 152 
4636	28 
4637	23 122 192 
4638	144 
4639	112 
4640	8 
4641	88 125 160 
4642	40 102 164 
4643	20 184 204 
4644	40 180 183 
4645	45 
4646	38 84 122 
4647	20 63 165 
4648	113 
4649	100 
4650	3 36 90 
4651	8 151 166 
4652	104 124 207 
4653	94 
4654	28 91 110 
4655	97 122 202 
4656	32 71 193 
4657	20 44 47 
4658	124 142 143 
4659	49 192 193 
4660	111 144 158 
4661	15 78 203 
4662	30 136 149 
4663	25 67 176 
4664	100 
4665	24 75 122 
4666	109 114 133 
4667	23 158 193 
4668	56 
4669	9 
4670	190 
4671	113 139 157 
4672	147 
4673	141 
4674	100 125 176 
4675	68 90 115 
4676	64 89 131 
4677	50 
4678	144 146 174 
4679	193 
4680	22 39 163 
4681	147 
4682	8 90 146 
4683	114 
4684	25 
4685	165 
4686	4 11 152 
4687	32 171 192 
4688	158 
4689	130 
4690	39 
4691	24 154 201 
4692	177 
4693	44 47 99 
4694	18 74 190 
4695	135 143 202 
4696	42 57 161 
4697	32 94 183 
4698	26 
4699	39 80 176 
4700	116 158 169 
4701	20 27 42 
4702	29 
4703	39 86 169 
4704	63 
4705	116 
4706	198 
4707	63 
4708	47 
4709	78 101 112 
4710	65 
4711	137 
4712	33 
4713	144 
4714	12 185 205 
4715	24 130 192 
4716	67 87 136 
4717	56 160 192 
4718	18 19 25 
4719	174 
4720	2 
4721	94 97 155 
4722	70 84 142 
4723	83 
4724	3 
4725	4 10 185 
4726	112 143 192 
4727	46 
4728	6 128 198 
4729	116 161 177 
4730	59 130 192 
4731	121 
4732	38 63 129 
4733	85 119 165 
4734	80 
4735	124 
4736	47 
4737	11 14 177 
4738	34 
4739	69 135 180 
4740	7 150 163 
4741	80 156 165 
4742	8 140 141 
4743	46 47 114 
4744	202 
4745	193 
4746	75 
4747	7 15 134 
4748	33 149 160 
4749	109 121 190 
4750	35 
4751	43 50 131 
4752	149 169 172 
4753	53 54 60 
4754	26 83 121 
4755	33 88 160 
4756	45 122 203 
4757	195 
4758	124 
4759	26 31 205 
4760	139 195 200 
4761	36 68 122 
4762	94 
4763	84 147 195 
4764	26 120 143 
4765	152 
4766	5 26 33 
4767	199 
4768	81 
4769	166 
4770	53 117 148 
4771	16 140 192 
4772	32 
4773	47 86 133 
4774	33 49 75 
4775	112 158 171 
4776	39 
4777	8 
4778	125 
4779	16 164 198 
4780	1 170 183 
4781	98 121 192 
4782	162 
4783	6 15 182 
4784	100 142 179 
4785	4 94 98 
4786	164 170 180 
4787	39 45 164 
4788	203 
4789	6 39 123 
4790	16 57 89 
4791	177 
4792	43 
4793	43 87 201 
4794	63 
4795	13 53 182 
4796	135 150 185 
4797	2 80 145 
4798	7 124 190 
4799	88 104 112 
4800	173 179 187 
4801	42 
4802	26 75 152 
4803	100 
4804	109 
4805	19 111 155 
4806	127 140 175 
4807	87 100 185 
4808	185 
4809	103 108 174 
4810	2 116 176 
4811	62 
4812	62 104 151 
4813	24 106 170 
4814	90 112 124 
4815	12 84 159 
4816	94 121 129 
4817	100 
4818	17 39 162 
4819	13 84 171 
4820	28 39 182 
4821	60 79 134 
4822	146 
4823	58 62 140 
4824	8 143 150 
4825	63 
4826	98 120 134 
4827	166 168 203 
4828	15 105 205 
4829	81 173 179 
4830	97 
4831	38 144 168 
4832	33 126 183 
4833	43 
4834	12 77 156 
4835	33 152 197 
4836	107 110 179 
4837	69 
4838	185 
4839	62 147 203 
4840	32 63 175 
4841	2 
4842	121 
4843	154 
4844	9 84 99 
4845	29 34 80 
4846	15 36 99 
4847	63 
4848	42 62 207 
4849	23 
4850	67 111 168 
4851	126 188 203 
4852	147 
4853	35 
4854	171 
4855	118 168 193 
4856	33 124 146 
4857	86 91 146 
4858	10 12 192 
4859	110 
4860	76 115 200 
4861	33 35 121 
4862	64 
4863	39 
4864	78 
4865	26 
4866	33 65 89 
4867	136 
4868	32 124 156 
4869	28 
4870	16 
4871	121 
4872	71 92 184 
4873	63 
4874	166 
4875	130 151 192 
4876	203 
4877	18 69 161 
4878	44 65 161 
4879	154 
4880	181 
4881	24 147 156 
4882	91 125 182 
4883	132 
4884	15 39 51 
4885	156 
4886	67 152 192 
4887	50 161 187 
4888	33 42 120 
4889	4 62 143 
4890	34 93 107 
4891	34 
4892	130 
4893	47 
4894	196 
4895	69 83 124 
4896	4 
4897	164 
4898	17 154 156 
4899	94 
4900	49 75 147 
4901	1 77 121 
4902	10 94 179 
4903	152 
4904	125 
4905	145 
4906	69 
4907	33 76 110 
4908	78 
4909	32 48 83 
4910	11 53 181 
4911	15 71 200 
4912	113 163 183 
4913	177 
4914	62 130 165 
4915	8 
4916	35 80 140 
4917	121 188 202 
4918	160 185 198 
4919	147 165 190 
4920	48 71 149 
4921	7 15 204 
4922	156 
4923	28 76 110 
4924	46 
4925	64 80 132 
4926	14 
4927	35 84 144 
4928	73 145 151 
4929	109 169 202 
4930	71 105 177 
4931	38 77 90 
4932	107 120 182 
4933	43 
4934	10 58 166 
4935	35 
4936	69 140 185 
4937	192 
4938	57 
4939	37 117 134 
4940	84 89 205 
4941	183 
4942	27 88 140 
4943	8 93 107 
4944	6 46 190 
4945	14 
4946	1 119 192 
4947	17 175 207 
4948	78 158 161 
4949	62 86 177 
4950	6 56 205 
4951	7 106 143 
4952	67 
4953	63 179 193 
4954	144 
4955	39 110 174 
4956	18 100 161 
4957	23 
4958	151 
4959	83 
4960	55 61 126 
4961	10 20 149 
4962	62 123 143 
4963	68 145 196 
4964	162 
4965	38 
4966	46 78 90 
4967	30 62 68 
4968	15 72 135 
4969	97 
4970	10 66 196 
4971	137 
4972	116 
4973	26 
4974	12 15 169 
4975	103 185 192 
4976	102 
4977	26 
4978	47 76 113 
4979	6 192 199 
4980	42 112 158 
4981	73 83 169 
4982	190 
4983	53 90 143 
4984	113 
4985	71 
4986	83 
4987	58 107 145 
4988	67 69 119 
4989	103 
4990	62 98 143 
4991	49 123 205 
4992	63 
4993	43 
4994	91 121 190 
4995	21 43 178 
4996	69 
4997	43 
4998	85 160 191 
4999	57 111 194 
5000	15 28 171 
