1	106 
2	88 
3	103 
4	115 
5	105 
6	57 66 129 
7	18 29 145 
8	164 
9	65 75 112 
10	163 
11	158 
12	4 
13	75 100 145 
14	5 
15	33 
16	11 23 126 
17	56 
18	6 119 140 
19	112 
20	87 
21	124 
22	139 
23	45 88 148 
24	85 
25	8 69 100 
26	98 
27	3 78 108 
28	102 
29	146 
30	161 
31	67 
32	112 
33	118 
34	154 
35	68 
36	19 
37	44 
38	124 
39	44 112 158 
40	38 
41	25 51 113 
42	38 143 148 
43	117 
44	6 
45	51 
46	112 
47	9 
48	163 
49	22 88 164 
50	160 
51	115 
52	121 
53	95 
54	35 
55	39 
56	124 
57	145 
58	49 
59	2 
60	77 97 164 
61	62 
62	79 
63	5 
64	131 
65	137 
66	11 
67	123 
68	25 43 130 
69	27 
70	23 
71	77 108 140 
72	110 
73	133 
74	37 
75	61 
76	81 
77	85 
78	77 
79	145 
80	164 
81	24 
82	70 107 109 
83	109 
84	109 
85	6 132 157 
86	98 
87	41 132 163 
88	163 
89	127 
90	108 
91	36 
92	46 
93	75 
94	59 132 148 
95	5 64 143 
96	143 147 153 
97	15 70 141 
98	12 
99	6 
100	77 
101	54 60 66 
102	102 
103	127 
104	42 57 119 
105	22 90 96 
106	58 
107	135 
108	165 
109	90 
110	160 
111	101 
112	6 
113	72 
114	78 
115	114 
116	140 
117	120 
118	137 
119	13 16 140 
120	157 
121	141 
122	147 
123	127 
124	137 
125	9 22 86 
126	69 
127	15 
128	104 
129	90 
130	44 127 143 
131	54 
132	22 62 143 
133	47 
134	24 103 119 
135	70 
136	23 102 142 
137	32 
138	91 
139	25 51 108 
140	115 
141	122 
142	114 
143	145 
144	105 
145	84 
146	79 
147	150 
148	107 
149	53 101 125 
150	125 
151	82 
152	105 
153	41 
154	131 
155	37 44 130 
156	128 
157	110 
158	143 
159	124 
160	43 
161	123 
162	138 
163	6 
164	91 
165	74 
166	159 
167	64 
168	103 
169	12 41 163 
170	133 
171	45 163 164 
172	45 119 132 
173	65 
174	79 
175	23 
176	64 
177	6 53 72 
178	138 
179	80 
180	72 
181	59 99 154 
182	150 
183	114 
184	90 
185	64 
186	20 
187	131 
188	29 
189	125 
190	18 120 164 
191	137 
192	163 
193	115 
194	45 
195	12 72 78 
196	42 162 164 
197	103 
198	21 48 71 
199	95 
200	58 95 103 
201	68 
202	150 
203	10 160 161 
204	66 72 88 
205	96 
206	37 
207	38 48 122 
208	51 
209	94 109 112 
210	124 
211	30 85 103 
212	15 86 104 
213	15 
214	162 
215	87 
216	143 
217	55 106 128 
218	38 
219	132 
220	94 
221	18 
222	57 
223	110 149 163 
224	29 
225	124 
226	5 
227	102 
228	75 
229	41 59 164 
230	94 
231	11 
232	94 
233	57 
234	59 
235	160 
236	10 
237	69 
238	126 
239	82 
240	96 
241	86 
242	38 72 133 
243	41 54 126 
244	162 
245	36 132 158 
246	107 
247	85 
248	74 138 158 
249	101 119 145 
250	99 
251	32 38 95 
252	17 38 60 
253	17 31 73 
254	12 
255	148 
256	3 77 80 
257	46 
258	9 126 127 
259	94 
260	4 102 143 
261	82 
262	37 45 124 
263	22 
264	11 25 114 
265	18 
266	25 
267	5 95 135 
268	118 
269	84 
270	62 
271	25 98 102 
272	106 
273	31 
274	52 
275	4 
276	39 
277	53 
278	22 72 98 
279	44 102 107 
280	132 
281	124 
282	3 15 94 
283	7 68 75 
284	49 
285	155 163 164 
286	111 
287	103 
288	43 
289	33 
290	116 
291	37 
292	13 
293	39 
294	93 
295	26 
296	28 131 159 
297	98 
298	35 
299	110 
300	15 
301	54 
302	43 
303	60 
304	12 
305	151 
306	103 
307	140 
308	29 67 156 
309	23 
310	107 
311	15 74 90 
312	82 
313	79 82 108 
314	156 
315	81 
316	54 
317	100 
318	95 
319	49 
320	83 
321	29 125 156 
322	72 
323	109 
324	90 
325	67 
326	1 66 93 
327	100 
328	151 
329	70 
330	55 69 116 
331	31 88 119 
332	97 124 133 
333	12 84 103 
334	26 
335	97 128 130 
336	34 44 60 
337	6 45 73 
338	34 
339	25 70 82 
340	13 58 127 
341	48 119 143 
342	65 
343	127 
344	98 
345	68 70 143 
346	13 104 164 
347	155 
348	138 
349	142 
350	1 68 144 
351	77 139 149 
352	25 
353	20 61 69 
354	124 
355	58 
356	26 
357	149 
358	5 
359	45 
360	13 57 165 
361	44 
362	52 146 163 
363	132 
364	37 
365	49 
366	130 
367	140 
368	82 85 116 
369	46 115 158 
370	164 
371	108 
372	66 
373	76 101 155 
374	70 
375	23 157 158 
376	57 
377	11 
378	23 
379	150 
380	147 
381	68 
382	117 
383	132 
384	111 
385	133 
386	94 
387	26 47 100 
388	47 143 157 
389	3 124 138 
390	43 
391	90 107 159 
392	52 
393	45 64 87 
394	165 
395	13 
396	40 72 122 
397	129 
398	139 
399	140 
400	122 
401	14 139 163 
402	154 
403	112 
404	44 
405	122 
406	37 
407	129 
408	39 
409	143 
410	30 
411	15 
412	124 
413	140 
414	141 
415	161 
416	57 88 142 
417	143 
418	81 
419	85 
420	62 
421	44 75 151 
422	132 
423	64 
424	97 
425	23 92 143 
426	117 
427	13 27 35 
428	116 
429	69 
430	29 
431	80 
432	161 
433	146 
434	79 
435	37 
436	103 
437	143 
438	52 
439	40 
440	68 
441	147 
442	66 
443	16 39 157 
444	26 
445	117 
446	24 26 123 
447	110 
448	93 
449	46 
450	20 
451	26 
452	143 
453	105 
454	149 
455	66 
456	84 
457	101 
458	5 16 68 
459	151 
460	63 
461	158 
462	37 41 146 
463	47 57 112 
464	133 
465	107 
466	6 
467	44 
468	76 
469	37 
470	87 
471	66 91 148 
472	102 
473	13 28 131 
474	93 
475	155 
476	108 122 150 
477	111 
478	122 
479	114 
480	16 
481	119 
482	131 
483	119 
484	13 39 93 
485	111 
486	93 
487	72 
488	144 
489	22 
490	85 122 124 
491	128 
492	124 
493	26 
494	130 
495	83 
496	24 70 155 
497	98 
498	11 106 140 
499	7 
500	164 
501	35 94 133 
502	165 
503	52 
504	123 
505	163 
506	13 
507	60 
508	68 
509	90 
510	103 
511	144 
512	101 119 141 
513	75 
514	136 
515	51 
516	139 
517	29 
518	145 
519	26 
520	52 
521	7 
522	165 
523	6 
524	41 43 91 
525	62 64 165 
526	23 
527	82 130 131 
528	4 12 56 
529	11 143 146 
530	90 
531	81 
532	79 
533	97 
534	60 
535	121 
536	89 95 137 
537	11 36 65 
538	70 97 112 
539	4 
540	43 
541	59 
542	65 
543	52 
544	142 
545	106 
546	16 
547	60 98 132 
548	136 
549	93 
550	21 44 82 
551	97 
552	147 
553	41 144 165 
554	25 
555	28 
556	13 
557	1 
558	31 
559	5 77 130 
560	155 
561	132 
562	29 
563	119 
564	82 
565	29 80 95 
566	32 
567	98 
568	132 
569	24 
570	30 137 148 
571	62 
572	5 50 77 
573	29 62 86 
574	21 28 146 
575	70 138 155 
576	78 
577	25 62 67 
578	98 
579	70 
580	8 15 56 
581	33 98 113 
582	112 
583	26 101 138 
584	142 
585	35 
586	48 
587	72 
588	42 88 143 
589	94 
590	127 
591	17 78 114 
592	66 
593	62 
594	11 77 113 
595	136 
596	158 
597	73 
598	3 110 132 
599	69 
600	65 
601	113 
602	54 
603	70 
604	132 
605	32 
606	156 
607	97 
608	37 
609	102 143 161 
610	5 
611	155 
612	75 140 149 
613	13 70 140 
614	98 133 140 
615	22 
616	38 60 96 
617	113 
618	91 98 122 
619	151 
620	94 
621	13 
622	33 104 147 
623	38 63 98 
624	164 
625	149 
626	139 
627	14 52 147 
628	133 158 164 
629	84 
630	62 
631	36 
632	1 2 145 
633	76 
634	98 
635	54 
636	28 62 93 
637	13 
638	14 16 65 
639	82 
640	82 
641	65 98 153 
642	94 130 155 
643	16 
644	27 64 155 
645	98 
646	52 60 123 
647	108 
648	127 
649	130 
650	51 
651	77 
652	17 
653	78 
654	6 
655	148 
656	67 124 164 
657	155 
658	113 
659	65 100 155 
660	10 
661	22 
662	37 
663	62 70 158 
664	14 67 115 
665	5 
666	130 
667	156 
668	15 
669	72 74 103 
670	1 5 93 
671	127 
672	72 88 89 
673	59 
674	52 
675	82 
676	109 
677	137 
678	45 
679	42 
680	98 101 164 
681	59 
682	63 
683	136 
684	66 
685	9 
686	104 131 134 
687	23 
688	3 
689	7 
690	59 62 77 
691	15 
692	103 126 140 
693	131 
694	43 56 60 
695	133 
696	94 
697	15 
698	52 
699	148 
700	126 
701	112 122 144 
702	37 
703	161 
704	132 
705	117 
706	92 
707	65 72 123 
708	3 
709	115 
710	66 
711	132 
712	41 47 100 
713	143 
714	5 
715	47 77 106 
716	98 
717	6 
718	15 120 144 
719	113 
720	70 81 135 
721	32 73 95 
722	13 33 164 
723	100 
724	47 58 146 
725	146 
726	89 
727	5 84 95 
728	119 
729	132 138 153 
730	76 
731	58 
732	161 
733	38 
734	128 
735	108 131 163 
736	27 
737	34 72 147 
738	164 
739	48 
740	97 
741	45 64 78 
742	2 
743	13 29 134 
744	1 32 51 
745	13 
746	41 56 113 
747	18 33 38 
748	62 103 164 
749	8 94 122 
750	70 124 152 
751	26 62 103 
752	44 
753	71 122 155 
754	58 
755	62 71 116 
756	154 
757	36 78 123 
758	37 
759	58 
760	75 115 151 
761	127 
762	89 
763	148 
764	165 
765	66 
766	104 
767	22 
768	95 
769	53 
770	82 
771	12 
772	59 
773	24 109 133 
774	48 
775	29 
776	47 
777	129 
778	100 
779	51 
780	60 143 144 
781	140 141 142 
782	120 
783	13 146 158 
784	44 
785	44 63 140 
786	5 
787	112 
788	11 
789	139 
790	45 54 97 
791	71 
792	3 
793	109 
794	15 74 160 
795	36 134 158 
796	21 
797	29 129 145 
798	11 67 82 
799	137 
800	97 155 165 
801	44 131 158 
802	56 111 138 
803	150 
804	6 34 54 
805	72 
806	13 113 117 
807	84 124 139 
808	101 
809	75 
810	140 
811	87 
812	127 
813	141 
814	66 73 90 
815	36 
816	35 102 124 
817	157 
818	73 97 117 
819	82 
820	117 
821	76 
822	165 
823	93 
824	30 
825	5 92 156 
826	48 63 119 
827	20 
828	97 
829	85 
830	88 
831	6 
832	75 
833	82 
834	39 
835	20 51 54 
836	37 41 149 
837	3 
838	59 
839	47 140 149 
840	44 
841	98 
842	121 
843	41 
844	38 75 145 
845	159 
846	47 
847	75 105 138 
848	33 
849	16 37 150 
850	112 
851	1 
852	58 
853	97 
854	48 
855	102 106 155 
856	11 21 90 
857	47 51 103 
858	82 
859	97 
860	37 
861	11 64 94 
862	14 
863	75 
864	31 
865	131 
866	126 142 165 
867	94 
868	48 78 93 
869	131 
870	60 100 144 
871	45 
872	47 
873	50 
874	3 56 130 
875	107 
876	159 
877	51 
878	82 
879	36 
880	3 
881	23 
882	127 
883	12 100 149 
884	42 
885	44 
886	30 
887	59 
888	138 
889	74 
890	13 121 148 
891	13 125 157 
892	44 
893	51 59 80 
894	108 
895	11 17 136 
896	2 
897	7 
898	24 62 90 
899	8 
900	59 84 119 
901	100 
902	22 
903	110 
904	10 
905	83 118 147 
906	132 143 163 
907	149 
908	119 
909	95 
910	164 
911	31 
912	60 
913	5 
914	49 
915	42 
916	109 
917	22 
918	65 
919	85 
920	40 76 143 
921	42 
922	4 
923	138 
924	71 
925	22 120 132 
926	162 
927	133 
928	159 
929	132 
930	164 
931	45 
932	11 
933	13 90 145 
934	54 93 131 
935	110 115 165 
936	165 
937	25 
938	146 
939	33 44 123 
940	119 
941	48 
942	10 
943	96 
944	141 
945	83 
946	41 42 124 
947	101 
948	84 105 114 
949	149 
950	57 126 140 
951	159 
952	29 
953	54 
954	66 
955	62 
956	19 41 91 
957	5 
958	127 
959	161 
960	73 
961	10 62 124 
962	74 121 127 
963	103 
964	40 
965	58 112 116 
966	112 
967	61 77 132 
968	11 58 149 
969	6 14 54 
970	2 46 66 
971	139 
972	3 
973	54 
974	32 65 122 
975	6 25 149 
976	20 66 74 
977	155 
978	84 
979	152 
980	139 
981	151 
982	28 
983	66 103 151 
984	107 
985	164 
986	14 
987	12 
988	13 
989	151 
990	54 59 142 
991	15 43 77 
992	117 
993	19 47 115 
994	112 116 165 
995	89 
996	105 
997	29 
998	57 65 103 
999	117 
1000	77 
1001	13 
1002	38 
1003	66 116 146 
1004	80 
1005	34 
1006	15 64 66 
1007	60 77 97 
1008	87 
1009	97 
1010	25 105 142 
1011	122 
1012	140 
1013	69 
1014	110 158 164 
1015	20 
1016	112 
1017	81 
1018	64 
1019	59 
1020	150 
1021	10 27 132 
1022	80 
1023	84 
1024	113 
1025	100 
1026	23 
1027	43 
1028	148 
1029	111 
1030	97 
1031	48 99 133 
1032	32 
1033	114 
1034	100 
1035	127 
1036	22 32 148 
1037	129 150 162 
1038	132 
1039	117 148 165 
1040	117 
1041	9 32 151 
1042	17 
1043	4 
1044	153 
1045	42 
1046	1 59 163 
1047	3 129 149 
1048	36 44 132 
1049	111 
1050	112 
1051	138 
1052	100 106 137 
1053	75 
1054	15 
1055	3 
1056	95 
1057	19 
1058	78 
1059	29 54 122 
1060	25 43 164 
1061	48 
1062	59 112 164 
1063	21 52 135 
1064	67 
1065	105 115 160 
1066	100 
1067	110 
1068	105 
1069	161 
1070	55 84 155 
1071	102 
1072	1 74 110 
1073	140 
1074	60 121 153 
1075	73 
1076	103 
1077	90 
1078	4 
1079	130 
1080	11 47 143 
1081	132 
1082	132 
1083	41 
1084	91 103 165 
1085	96 
1086	44 
1087	3 38 134 
1088	10 42 101 
1089	37 
1090	117 
1091	108 
1092	36 55 159 
1093	108 
1094	107 
1095	157 
1096	51 74 134 
1097	3 19 93 
1098	138 
1099	119 
1100	37 
1101	148 
1102	25 62 131 
1103	76 86 109 
1104	20 62 133 
1105	77 
1106	124 
1107	5 117 147 
1108	123 
1109	11 101 136 
1110	81 
1111	87 
1112	132 
1113	105 
1114	21 
1115	31 68 156 
1116	82 101 143 
1117	148 
1118	113 
1119	30 
1120	29 
1121	91 
1122	2 57 138 
1123	1 54 155 
1124	20 92 165 
1125	80 
1126	162 
1127	11 
1128	8 
1129	53 93 165 
1130	164 
1131	80 
1132	50 
1133	54 
1134	19 
1135	28 94 96 
1136	3 20 93 
1137	98 
1138	126 
1139	45 
1140	2 48 165 
1141	74 161 165 
1142	47 
1143	53 
1144	43 
1145	115 
1146	62 134 137 
1147	108 
1148	164 
1149	82 
1150	80 145 164 
1151	71 
1152	131 
1153	50 
1154	115 
1155	60 
1156	23 54 157 
1157	13 66 149 
1158	101 
1159	21 
1160	17 
1161	164 
1162	164 
1163	23 
1164	21 44 124 
1165	100 
1166	115 
1167	62 
1168	59 145 164 
1169	117 
1170	33 49 140 
1171	52 
1172	105 
1173	109 
1174	46 
1175	100 116 159 
1176	120 
1177	118 
1178	82 140 148 
1179	131 
1180	62 
1181	163 
1182	155 
1183	18 30 97 
1184	127 
1185	25 52 88 
1186	23 
1187	81 
1188	22 31 98 
1189	159 
1190	82 
1191	42 
1192	82 
1193	145 
1194	10 
1195	85 
1196	58 
1197	41 
1198	14 
1199	98 
1200	89 
1201	21 23 29 
1202	143 
1203	90 
1204	5 42 100 
1205	111 
1206	41 
1207	40 112 163 
1208	23 69 122 
1209	22 
1210	6 
1211	98 
1212	131 
1213	155 
1214	34 
1215	155 
1216	139 
1217	41 
1218	48 
1219	31 77 103 
1220	122 
1221	87 143 158 
1222	140 
1223	38 
1224	83 
1225	119 
1226	14 53 145 
1227	165 
1228	52 
1229	111 
1230	95 129 140 
1231	148 
1232	109 
1233	48 138 141 
1234	100 
1235	3 25 155 
1236	64 
1237	156 
1238	1 105 153 
1239	5 
1240	101 
1241	57 
1242	92 
1243	57 
1244	76 126 150 
1245	14 45 149 
1246	20 29 70 
1247	154 
1248	48 
1249	132 
1250	54 124 155 
1251	27 112 113 
1252	48 159 165 
1253	20 
1254	123 129 161 
1255	120 
1256	53 98 112 
1257	88 97 111 
1258	5 
1259	114 
1260	103 
1261	52 
1262	61 
1263	64 
1264	123 
1265	74 
1266	26 68 99 
1267	125 
1268	105 
1269	24 
1270	124 146 164 
1271	152 
1272	58 
1273	11 131 155 
1274	23 
1275	78 
1276	48 
1277	92 
1278	1 13 22 
1279	122 
1280	141 
1281	94 
1282	10 
1283	37 121 138 
1284	64 
1285	163 
1286	33 41 78 
1287	76 
1288	104 
1289	54 68 95 
1290	16 
1291	58 
1292	91 
1293	97 
1294	8 86 164 
1295	158 
1296	57 
1297	5 34 103 
1298	11 
1299	51 72 107 
1300	105 
1301	82 
1302	65 
1303	144 
1304	8 
1305	122 
1306	129 
1307	1 112 165 
1308	136 
1309	115 135 147 
1310	38 
1311	128 
1312	131 
1313	48 
1314	5 
1315	62 96 130 
1316	93 131 161 
1317	82 98 118 
1318	87 
1319	109 
1320	114 
1321	137 
1322	127 
1323	76 93 115 
1324	59 144 151 
1325	75 
1326	62 
1327	51 
1328	48 98 138 
1329	96 
1330	68 
1331	71 
1332	73 
1333	145 
1334	43 
1335	134 
1336	38 60 84 
1337	162 
1338	95 
1339	18 44 85 
1340	158 
1341	97 
1342	36 
1343	42 
1344	41 
1345	19 108 109 
1346	72 
1347	11 82 105 
1348	12 54 124 
1349	41 
1350	1 
1351	68 
1352	43 58 163 
1353	30 
1354	90 
1355	66 
1356	4 58 144 
1357	19 38 54 
1358	38 
1359	34 
1360	27 51 138 
1361	27 43 72 
1362	9 20 112 
1363	135 145 164 
1364	25 107 135 
1365	93 107 161 
1366	60 115 155 
1367	110 
1368	53 
1369	3 25 42 
1370	58 
1371	29 133 164 
1372	24 
1373	14 
1374	105 
1375	110 
1376	112 
1377	29 
1378	44 
1379	59 
1380	77 
1381	82 
1382	25 37 131 
1383	76 
1384	74 
1385	110 
1386	55 
1387	155 
1388	155 
1389	40 45 148 
1390	72 77 140 
1391	165 
1392	120 
1393	135 
1394	29 
1395	29 
1396	131 
1397	54 
1398	32 
1399	77 131 135 
1400	28 
1401	24 
1402	8 
1403	79 141 144 
1404	141 
1405	121 
1406	20 57 147 
1407	23 
1408	5 
1409	58 
1410	151 
1411	78 
1412	15 24 100 
1413	23 107 154 
1414	88 
1415	83 
1416	98 
1417	83 
1418	5 
1419	90 
1420	19 27 115 
1421	153 
1422	147 
1423	51 
1424	85 
1425	34 
1426	136 
1427	59 
1428	110 
1429	44 
1430	37 
1431	127 
1432	44 66 135 
1433	31 
1434	145 
1435	62 
1436	22 44 165 
1437	52 72 94 
1438	87 134 163 
1439	74 
1440	145 
1441	140 
1442	77 
1443	100 
1444	156 
1445	129 
1446	95 
1447	82 
1448	154 
1449	124 
1450	3 4 57 
1451	73 
1452	78 
1453	64 
1454	43 
1455	132 
1456	3 
1457	70 
1458	128 
1459	116 
1460	26 
1461	150 
1462	140 
1463	101 
1464	142 
1465	129 
1466	87 
1467	143 
1468	45 
1469	54 
1470	21 47 114 
1471	4 
1472	46 
1473	122 
1474	37 44 152 
1475	59 
1476	147 
1477	29 
1478	90 
1479	70 
1480	71 
1481	14 
1482	55 77 82 
1483	19 
1484	38 
1485	10 
1486	30 
1487	151 
1488	14 95 110 
1489	103 
1490	1 
1491	139 
1492	105 
1493	13 
1494	138 
1495	72 
1496	24 34 93 
1497	157 
1498	98 121 132 
1499	11 
1500	94 
1501	87 
1502	29 
1503	16 82 163 
1504	15 155 161 
1505	52 
1506	66 
1507	119 
1508	165 
1509	115 
1510	130 
1511	140 
1512	133 
1513	22 
1514	121 
1515	115 127 147 
1516	59 
1517	108 
1518	157 
1519	80 
1520	102 
1521	10 
1522	29 
1523	75 
1524	72 
1525	163 
1526	130 
1527	2 18 48 
1528	17 20 107 
1529	72 
1530	52 
1531	69 110 165 
1532	11 
1533	35 
1534	70 
1535	7 
1536	9 26 52 
1537	2 74 110 
1538	55 
1539	10 30 104 
1540	129 
1541	101 
1542	74 
1543	56 65 152 
1544	72 
1545	6 
1546	145 
1547	126 
1548	48 
1549	121 
1550	26 54 58 
1551	164 
1552	155 
1553	141 
1554	64 
1555	68 
1556	101 
1557	32 
1558	11 94 165 
1559	148 
1560	115 
1561	11 62 107 
1562	64 
1563	105 
1564	106 
1565	3 11 118 
1566	2 
1567	9 24 161 
1568	9 
1569	68 77 151 
1570	133 
1571	108 
1572	36 
1573	16 121 138 
1574	47 72 155 
1575	135 
1576	104 
1577	113 
1578	67 
1579	10 
1580	108 
1581	39 98 131 
1582	96 97 119 
1583	18 69 100 
1584	75 
1585	48 50 121 
1586	81 
1587	1 83 129 
1588	5 45 151 
1589	104 
1590	95 
1591	20 
1592	95 
1593	3 
1594	110 
1595	77 
1596	58 
1597	52 112 156 
1598	112 
1599	146 
1600	60 
1601	55 
1602	47 
1603	145 
1604	29 104 142 
1605	98 
1606	69 
1607	2 
1608	97 
1609	108 
1610	98 
1611	4 
1612	23 94 97 
1613	5 24 132 
1614	100 
1615	74 
1616	76 
1617	50 106 148 
1618	64 108 145 
1619	61 
1620	131 
1621	40 
1622	44 
1623	3 22 137 
1624	16 44 84 
1625	27 86 165 
1626	14 
1627	95 
1628	24 97 147 
1629	11 64 66 
1630	2 78 115 
1631	11 54 82 
1632	37 
1633	135 
1634	88 
1635	32 
1636	54 77 81 
1637	57 
1638	88 
1639	80 
1640	104 
1641	110 
1642	58 
1643	132 
1644	31 38 156 
1645	19 
1646	49 
1647	53 
1648	19 133 134 
1649	66 71 161 
1650	43 88 140 
1651	151 
1652	143 
1653	37 
1654	140 
1655	124 
1656	137 
1657	41 
1658	25 
1659	5 7 70 
1660	45 
1661	141 
1662	149 
1663	24 
1664	52 
1665	25 
1666	6 107 112 
1667	158 
1668	127 
1669	19 
1670	129 
1671	19 
1672	72 
1673	45 54 66 
1674	149 
1675	9 51 65 
1676	71 
1677	5 
1678	80 158 164 
1679	164 
1680	92 
1681	1 
1682	82 
1683	122 
1684	143 
1685	58 
1686	41 
1687	75 
1688	36 
1689	77 
1690	97 115 130 
1691	117 
1692	64 
1693	109 
1694	35 
1695	135 
1696	62 68 110 
1697	82 102 146 
1698	73 101 123 
1699	97 
1700	25 
1701	13 65 99 
1702	20 102 134 
1703	38 
1704	21 
1705	5 
1706	143 
1707	68 
1708	84 
1709	107 
1710	141 
1711	38 
1712	46 77 102 
1713	84 
1714	17 95 158 
1715	126 140 158 
1716	85 
1717	90 
1718	4 67 75 
1719	3 138 144 
1720	161 
1721	22 
1722	147 
1723	48 
1724	165 
1725	133 
1726	8 149 151 
1727	164 
1728	70 113 164 
1729	98 
1730	107 
1731	23 
1732	72 
1733	35 
1734	15 
1735	83 
1736	61 66 71 
1737	142 
1738	135 
1739	66 
1740	110 
1741	1 86 101 
1742	121 
1743	5 
1744	18 
1745	85 112 137 
1746	67 
1747	134 
1748	48 
1749	82 
1750	23 41 46 
1751	48 
1752	37 74 134 
1753	24 
1754	77 
1755	138 
1756	107 131 158 
1757	39 
1758	10 54 112 
1759	106 
1760	6 53 110 
1761	26 51 103 
1762	97 135 144 
1763	91 97 119 
1764	161 
1765	150 
1766	20 
1767	35 57 144 
1768	108 
1769	101 
1770	78 
1771	27 103 132 
1772	18 64 158 
1773	165 
1774	42 51 139 
1775	33 46 134 
1776	20 37 54 
1777	120 
1778	74 88 141 
1779	58 87 120 
1780	54 57 60 
1781	56 
1782	42 127 157 
1783	85 
1784	138 
1785	76 
1786	163 
1787	56 
1788	4 20 100 
1789	53 
1790	13 25 70 
1791	41 123 138 
1792	147 
1793	25 
1794	93 
1795	135 
1796	29 63 138 
1797	103 
1798	109 
1799	96 103 115 
1800	5 17 43 
1801	24 37 112 
1802	84 97 102 
1803	5 
1804	112 
1805	4 
1806	135 
1807	94 
1808	158 
1809	89 
1810	18 
1811	43 
1812	132 
1813	123 
1814	68 
1815	33 
1816	98 116 117 
1817	54 
1818	41 58 97 
1819	124 
1820	87 
1821	17 
1822	33 115 132 
1823	103 
1824	127 
1825	52 117 157 
1826	26 
1827	132 
1828	8 43 113 
1829	34 100 132 
1830	23 
1831	27 
1832	36 
1833	16 119 144 
1834	74 
1835	44 48 162 
1836	11 130 140 
1837	48 75 164 
1838	161 
1839	51 72 95 
1840	3 31 108 
1841	23 70 105 
1842	101 
1843	141 
1844	22 66 151 
1845	74 
1846	150 
1847	115 
1848	15 
1849	26 108 164 
1850	55 
1851	31 54 77 
1852	25 
1853	10 
1854	121 
1855	90 
1856	19 
1857	38 145 163 
1858	54 
1859	38 
1860	131 
1861	108 
1862	107 
1863	6 
1864	29 
1865	41 
1866	87 
1867	141 
1868	16 
1869	148 
1870	67 
1871	158 
1872	15 106 144 
1873	24 36 138 
1874	62 
1875	67 130 151 
1876	22 90 138 
1877	114 
1878	94 
1879	18 
1880	4 7 31 
1881	163 
1882	14 103 157 
1883	16 
1884	130 
1885	128 
1886	29 
1887	13 77 106 
1888	23 
1889	48 
1890	55 84 149 
1891	51 60 110 
1892	138 
1893	25 71 153 
1894	19 123 140 
1895	29 
1896	116 
1897	71 
1898	57 
1899	154 
1900	77 82 146 
1901	107 
1902	30 
1903	97 
1904	56 
1905	115 133 146 
1906	101 
1907	69 
1908	94 
1909	94 
1910	52 54 94 
1911	45 
1912	18 72 146 
1913	98 
1914	77 
1915	43 
1916	106 
1917	37 
1918	94 
1919	22 
1920	132 
1921	25 
1922	113 
1923	132 
1924	94 
1925	141 
1926	158 
1927	139 
1928	66 
1929	58 
1930	52 
1931	26 103 163 
1932	139 
1933	115 
1934	71 72 115 
1935	76 
1936	39 
1937	140 
1938	15 
1939	97 
1940	85 
1941	41 
1942	13 20 151 
1943	44 74 107 
1944	132 
1945	91 
1946	33 71 141 
1947	23 
1948	77 
1949	130 
1950	66 
1951	29 
1952	49 112 131 
1953	17 88 129 
1954	58 
1955	51 65 96 
1956	108 
1957	9 
1958	78 
1959	160 
1960	42 
1961	41 86 127 
1962	57 
1963	23 155 156 
1964	36 105 131 
1965	56 
1966	116 
1967	23 116 137 
1968	152 
1969	60 
1970	119 
1971	59 
1972	54 140 155 
1973	40 
1974	29 98 130 
1975	11 
1976	141 
1977	11 20 123 
1978	11 
1979	71 130 142 
1980	134 
1981	13 
1982	90 
1983	110 112 134 
1984	62 
1985	59 119 134 
1986	70 93 112 
1987	153 
1988	41 
1989	30 
1990	71 131 147 
1991	86 
1992	52 
1993	126 
1994	39 
1995	28 58 115 
1996	47 
1997	156 
1998	142 
1999	65 
2000	108 
2001	6 
2002	14 
2003	83 
2004	109 
2005	21 38 101 
2006	60 103 147 
2007	157 
2008	6 73 115 
2009	26 
2010	22 44 48 
2011	44 131 132 
2012	6 54 119 
2013	99 
2014	22 
2015	16 
2016	29 43 79 
2017	130 
2018	110 
2019	14 
2020	94 
2021	79 
2022	132 
2023	40 
2024	107 110 144 
2025	158 
2026	6 55 158 
2027	93 
2028	35 
2029	16 49 75 
2030	63 
2031	1 3 127 
2032	54 132 141 
2033	10 
2034	49 77 141 
2035	11 57 61 
2036	51 
2037	30 115 123 
2038	121 
2039	16 
2040	48 
2041	27 52 119 
2042	100 
2043	65 
2044	72 99 155 
2045	94 
2046	139 
2047	48 
2048	42 87 123 
2049	8 
2050	27 
2051	36 136 148 
2052	24 
2053	40 63 119 
2054	8 
2055	38 
2056	44 
2057	82 
2058	139 
2059	57 
2060	18 40 150 
2061	14 
2062	88 
2063	29 
2064	85 131 135 
2065	103 
2066	13 25 161 
2067	50 
2068	15 
2069	49 
2070	29 
2071	43 
2072	44 
2073	72 
2074	41 88 103 
2075	155 
2076	25 
2077	91 
2078	143 
2079	49 
2080	164 
2081	7 
2082	149 
2083	161 
2084	35 
2085	74 
2086	113 
2087	52 
2088	92 
2089	143 
2090	31 66 122 
2091	61 72 98 
2092	11 85 102 
2093	158 
2094	51 
2095	72 133 138 
2096	33 64 158 
2097	73 
2098	108 
2099	122 
2100	147 
2101	124 
2102	151 
2103	93 
2104	101 
2105	38 63 110 
2106	83 112 151 
2107	4 55 131 
2108	100 
2109	61 
2110	9 23 66 
2111	17 43 124 
2112	56 
2113	22 
2114	85 
2115	108 
2116	164 
2117	79 
2118	57 
2119	96 
2120	44 
2121	159 
2122	25 42 120 
2123	23 68 121 
2124	23 
2125	37 
2126	11 
2127	50 52 137 
2128	74 
2129	156 
2130	137 144 145 
2131	41 
2132	28 
2133	10 94 101 
2134	1 41 60 
2135	66 
2136	95 
2137	164 
2138	22 51 92 
2139	127 
2140	98 
2141	3 27 95 
2142	119 
2143	29 60 131 
2144	6 
2145	28 
2146	3 
2147	40 127 145 
2148	120 
2149	60 
2150	133 
2151	82 109 148 
2152	16 
2153	31 65 155 
2154	29 107 112 
2155	18 20 94 
2156	21 
2157	49 
2158	25 
2159	16 37 62 
2160	11 14 140 
2161	7 
2162	115 
2163	41 48 125 
2164	20 
2165	74 
2166	81 
2167	52 
2168	14 23 44 
2169	13 
2170	43 
2171	44 
2172	18 57 161 
2173	51 
2174	162 
2175	21 115 124 
2176	79 98 158 
2177	82 
2178	2 22 88 
2179	51 112 157 
2180	44 
2181	81 
2182	20 
2183	60 
2184	93 
2185	38 
2186	31 
2187	124 
2188	64 128 140 
2189	82 
2190	75 
2191	24 
2192	4 119 130 
2193	14 18 82 
2194	63 
2195	39 
2196	31 81 124 
2197	25 30 98 
2198	74 
2199	21 
2200	50 
2201	50 
2202	60 
2203	7 8 9 
2204	50 94 125 
2205	6 62 72 
2206	57 
2207	57 
2208	38 
2209	136 
2210	131 
2211	45 53 118 
2212	13 47 143 
2213	22 41 67 
2214	50 
2215	97 
2216	117 
2217	91 
2218	25 33 129 
2219	3 45 93 
2220	98 
2221	75 
2222	35 
2223	51 64 101 
2224	5 17 85 
2225	87 112 141 
2226	1 
2227	86 
2228	79 
2229	85 
2230	56 
2231	77 
2232	131 139 164 
2233	109 
2234	63 
2235	93 
2236	110 
2237	75 
2238	58 
2239	64 74 101 
2240	130 
2241	47 
2242	46 54 72 
2243	138 
2244	126 
2245	117 
2246	19 22 97 
2247	85 
2248	15 
2249	101 
2250	92 
2251	105 
2252	103 
2253	60 
2254	75 
2255	131 
2256	53 
2257	26 
2258	82 108 112 
2259	132 
2260	41 48 101 
2261	143 
2262	8 54 107 
2263	129 
2264	35 
2265	68 
2266	25 97 155 
2267	24 
2268	4 75 110 
2269	16 
2270	38 66 147 
2271	98 
2272	45 
2273	138 
2274	45 
2275	44 
2276	51 75 133 
2277	14 112 163 
2278	47 
2279	27 54 115 
2280	110 
2281	58 
2282	135 
2283	160 
2284	20 124 158 
2285	26 
2286	20 62 160 
2287	124 
2288	164 
2289	16 29 144 
2290	60 93 150 
2291	21 
2292	95 
2293	35 65 133 
2294	8 115 149 
2295	1 
2296	54 
2297	18 117 153 
2298	11 
2299	12 115 147 
2300	51 55 89 
2301	82 
2302	145 
2303	20 
2304	16 21 105 
2305	8 17 118 
2306	94 
2307	67 
2308	122 
2309	41 51 144 
2310	9 
2311	30 80 115 
2312	36 39 58 
2313	17 
2314	8 
2315	37 
2316	92 113 129 
2317	132 140 147 
2318	132 
2319	31 
2320	13 62 83 
2321	2 105 143 
2322	7 
2323	98 144 162 
2324	98 
2325	26 
2326	3 
2327	41 138 156 
2328	27 
2329	140 
2330	99 
2331	23 59 98 
2332	37 
2333	32 47 135 
2334	77 90 116 
2335	13 110 116 
2336	17 
2337	19 
2338	106 
2339	107 
2340	10 66 94 
2341	42 
2342	51 65 131 
2343	51 
2344	2 
2345	106 
2346	107 
2347	145 
2348	54 
2349	18 56 82 
2350	101 
2351	72 79 145 
2352	77 95 113 
2353	159 
2354	43 
2355	32 58 107 
2356	147 
2357	12 62 106 
2358	25 64 108 
2359	24 35 127 
2360	92 
2361	29 
2362	95 153 162 
2363	91 
2364	40 
2365	23 102 107 
2366	75 125 138 
2367	3 16 79 
2368	163 
2369	18 50 140 
2370	26 
2371	70 118 131 
2372	98 148 149 
2373	28 
2374	2 27 138 
2375	58 64 140 
2376	9 42 93 
2377	34 
2378	112 
2379	11 18 60 
2380	23 
2381	131 
2382	103 
2383	142 
2384	6 89 137 
2385	41 42 124 
2386	14 
2387	23 
2388	57 
2389	1 95 99 
2390	44 
2391	23 
2392	93 
2393	12 
2394	142 
2395	69 
2396	138 
2397	54 
2398	41 
2399	7 
2400	21 
2401	48 
2402	51 116 124 
2403	115 
2404	158 
2405	136 
2406	102 
2407	41 
2408	51 
2409	70 
2410	20 
2411	141 
2412	109 
2413	48 
2414	138 
2415	13 
2416	114 
2417	133 
2418	156 
2419	60 
2420	139 
2421	63 
2422	158 
2423	108 
2424	48 70 146 
2425	13 
2426	17 
2427	89 
2428	29 68 152 
2429	146 
2430	25 
2431	44 
2432	13 
2433	11 59 87 
2434	56 
2435	12 16 108 
2436	123 
2437	78 
2438	165 
2439	10 48 137 
2440	15 97 127 
2441	13 
2442	132 
2443	37 74 77 
2444	132 
2445	37 
2446	145 
2447	144 
2448	60 
2449	162 
2450	140 
2451	110 
2452	96 
2453	5 6 46 
2454	131 
2455	128 
2456	23 
2457	118 
2458	49 
2459	65 
2460	119 
2461	18 23 26 
2462	37 96 147 
2463	80 
2464	160 
2465	6 
2466	29 
2467	23 
2468	11 
2469	82 
2470	136 
2471	116 
2472	13 126 165 
2473	101 
2474	154 
2475	98 
2476	68 
2477	12 124 164 
2478	117 
2479	62 84 165 
2480	94 
2481	118 
2482	126 
2483	94 123 147 
2484	55 
2485	32 65 137 
2486	142 
2487	94 118 144 
2488	58 
2489	66 
2490	27 62 89 
2491	90 
2492	36 101 111 
2493	21 54 70 
2494	117 
2495	10 
2496	58 
2497	17 
2498	72 
2499	70 
2500	139 
2501	11 
2502	132 
2503	71 
2504	124 
2505	108 
2506	3 
2507	13 53 92 
2508	8 75 106 
2509	82 
2510	127 
2511	67 97 146 
2512	104 
2513	75 
2514	57 
2515	146 
2516	29 
2517	95 
2518	112 
2519	85 126 149 
2520	75 94 108 
2521	26 118 163 
2522	106 
2523	23 
2524	161 
2525	5 
2526	106 
2527	51 124 143 
2528	115 
2529	20 68 74 
2530	118 
2531	151 
2532	24 59 63 
2533	67 82 157 
2534	93 108 122 
2535	164 
2536	77 84 124 
2537	66 70 117 
2538	26 
2539	145 
2540	14 
2541	77 
2542	65 101 140 
2543	113 124 135 
2544	109 
2545	62 77 122 
2546	45 
2547	103 
2548	63 
2549	17 123 164 
2550	38 78 160 
2551	130 
2552	95 
2553	28 
2554	21 57 98 
2555	15 
2556	96 
2557	153 
2558	43 
2559	85 94 111 
2560	104 
2561	119 
2562	88 117 139 
2563	116 
2564	20 66 131 
2565	2 60 62 
2566	35 
2567	13 
2568	70 
2569	4 92 112 
2570	11 
2571	51 
2572	5 41 88 
2573	119 
2574	34 
2575	127 
2576	64 
2577	57 62 72 
2578	152 
2579	7 75 98 
2580	155 
2581	132 
2582	82 129 154 
2583	158 
2584	125 
2585	62 
2586	106 113 130 
2587	60 
2588	133 
2589	140 
2590	62 79 80 
2591	22 34 152 
2592	36 
2593	88 129 154 
2594	51 
2595	105 
2596	28 
2597	132 136 145 
2598	58 121 155 
2599	78 129 157 
2600	34 64 70 
2601	51 
2602	17 37 159 
2603	17 37 47 
2604	144 
2605	42 
2606	126 
2607	141 
2608	75 
2609	17 68 82 
2610	7 13 141 
2611	136 
2612	93 
2613	125 
2614	16 
2615	22 
2616	5 14 72 
2617	39 
2618	16 113 127 
2619	48 
2620	119 
2621	5 14 157 
2622	50 
2623	49 100 117 
2624	113 
2625	123 
2626	140 
2627	70 75 77 
2628	55 73 97 
2629	40 
2630	101 
2631	124 
2632	150 
2633	145 
2634	1 10 62 
2635	114 
2636	148 
2637	105 124 135 
2638	56 65 88 
2639	54 119 163 
2640	54 
2641	75 
2642	50 140 153 
2643	62 
2644	114 
2645	108 
2646	17 
2647	53 
2648	49 
2649	117 
2650	117 
2651	14 
2652	27 
2653	15 
2654	11 24 108 
2655	19 141 163 
2656	42 105 149 
2657	126 132 135 
2658	29 
2659	3 
2660	147 
2661	11 
2662	64 
2663	13 70 112 
2664	37 47 56 
2665	98 136 164 
2666	75 101 102 
2667	22 38 164 
2668	35 132 151 
2669	25 140 153 
2670	66 
2671	74 
2672	150 
2673	58 65 126 
2674	62 
2675	95 
2676	77 
2677	72 
2678	11 
2679	94 114 144 
2680	16 102 161 
2681	47 
2682	72 98 145 
2683	162 
2684	44 
2685	140 
2686	71 
2687	38 
2688	159 
2689	63 84 155 
2690	54 102 152 
2691	142 
2692	165 
2693	60 
2694	140 
2695	10 
2696	63 
2697	44 
2698	1 
2699	85 
2700	140 
2701	84 
2702	77 
2703	98 
2704	22 
2705	140 
2706	54 82 153 
2707	29 
2708	77 
2709	2 138 146 
2710	17 47 68 
2711	41 80 146 
2712	86 98 127 
2713	17 107 155 
2714	61 
2715	51 
2716	23 
2717	28 
2718	155 
2719	72 131 138 
2720	80 
2721	154 
2722	55 
2723	51 76 94 
2724	38 62 100 
2725	11 73 78 
2726	62 115 123 
2727	98 
2728	5 102 117 
2729	35 38 163 
2730	108 134 137 
2731	139 
2732	6 37 101 
2733	99 
2734	16 51 152 
2735	62 78 117 
2736	88 122 135 
2737	9 123 145 
2738	101 
2739	141 
2740	13 124 163 
2741	156 
2742	17 
2743	115 
2744	80 
2745	62 
2746	96 114 134 
2747	37 97 114 
2748	5 
2749	29 64 150 
2750	91 
2751	96 
2752	41 
2753	25 54 138 
2754	41 
2755	29 126 129 
2756	72 
2757	49 
2758	43 
2759	115 
2760	121 
2761	95 
2762	5 37 93 
2763	78 
2764	75 
2765	74 
2766	94 
2767	151 
2768	14 
2769	76 
2770	70 
2771	106 116 143 
2772	98 
2773	45 
2774	29 
2775	144 
2776	33 
2777	115 
2778	43 
2779	78 82 165 
2780	85 
2781	105 
2782	47 
2783	137 
2784	81 156 165 
2785	119 124 153 
2786	24 64 84 
2787	38 
2788	97 
2789	60 
2790	18 129 160 
2791	122 
2792	14 97 132 
2793	25 93 138 
2794	133 
2795	20 131 138 
2796	162 
2797	13 113 131 
2798	138 
2799	62 
2800	119 
2801	21 54 61 
2802	100 
2803	109 
2804	65 
2805	68 
2806	8 
2807	1 
2808	42 
2809	138 
2810	23 
2811	13 
2812	100 
2813	36 
2814	147 
2815	94 
2816	16 51 71 
2817	70 73 79 
2818	70 
2819	80 
2820	126 
2821	30 163 164 
2822	58 
2823	13 105 143 
2824	29 65 108 
2825	13 
2826	133 
2827	75 
2828	40 
2829	99 
2830	50 76 82 
2831	119 
2832	74 
2833	137 
2834	125 
2835	3 61 156 
2836	88 
2837	45 
2838	13 16 147 
2839	110 
2840	53 60 74 
2841	41 
2842	92 
2843	78 
2844	159 
2845	92 
2846	35 
2847	6 
2848	48 
2849	25 53 105 
2850	132 
2851	48 118 145 
2852	77 127 139 
2853	44 
2854	51 
2855	21 
2856	123 
2857	112 
2858	82 
2859	13 
2860	148 
2861	11 
2862	37 80 120 
2863	42 
2864	67 
2865	110 
2866	138 
2867	128 
2868	138 
2869	72 101 146 
2870	11 
2871	99 100 103 
2872	74 102 147 
2873	58 66 93 
2874	95 
2875	74 
2876	23 98 128 
2877	12 33 93 
2878	158 
2879	68 
2880	6 82 133 
2881	60 101 119 
2882	101 
2883	15 
2884	121 
2885	29 106 131 
2886	72 
2887	80 
2888	12 
2889	96 
2890	142 
2891	70 
2892	104 
2893	61 
2894	65 
2895	25 
2896	114 
2897	20 
2898	37 131 161 
2899	48 
2900	106 
2901	28 41 165 
2902	127 
2903	120 
2904	140 
2905	66 
2906	56 103 155 
2907	79 
2908	78 
2909	47 
2910	46 
2911	5 74 105 
2912	38 
2913	67 112 158 
2914	14 
2915	135 
2916	112 
2917	15 40 164 
2918	68 
2919	23 
2920	147 
2921	78 
2922	97 
2923	107 
2924	144 
2925	13 101 149 
2926	55 
2927	111 
2928	13 78 101 
2929	147 155 156 
2930	77 80 145 
2931	103 
2932	113 
2933	151 
2934	147 
2935	44 125 162 
2936	54 
2937	153 
2938	119 130 155 
2939	93 
2940	124 
2941	118 
2942	32 
2943	6 60 124 
2944	43 
2945	22 38 143 
2946	164 
2947	41 
2948	86 
2949	4 63 120 
2950	155 
2951	51 
2952	164 
2953	51 
2954	13 25 81 
2955	80 
2956	74 
2957	145 
2958	67 93 152 
2959	157 
2960	12 68 146 
2961	37 
2962	22 86 147 
2963	162 
2964	89 
2965	12 
2966	23 36 56 
2967	26 61 70 
2968	145 
2969	25 39 148 
2970	26 127 156 
2971	5 29 122 
2972	127 
2973	7 55 157 
2974	136 
2975	35 
2976	77 
2977	65 91 103 
2978	122 
2979	80 
2980	132 
2981	44 82 106 
2982	141 
2983	54 
2984	27 
2985	24 42 131 
2986	44 57 154 
2987	93 
2988	68 75 138 
2989	47 
2990	51 
2991	23 
2992	64 
2993	157 
2994	119 
2995	25 
2996	165 
2997	48 
2998	52 
2999	19 44 102 
3000	111 146 152 
3001	81 
3002	25 
3003	77 
3004	54 
3005	156 
3006	128 
3007	47 103 118 
3008	54 
3009	23 75 128 
3010	127 
3011	127 
3012	150 
3013	55 141 164 
3014	72 
3015	19 
3016	141 
3017	38 
3018	157 
3019	6 
3020	127 
3021	161 
3022	82 
3023	153 
3024	24 67 118 
3025	138 
3026	6 
3027	82 
3028	25 
3029	11 
3030	19 
3031	12 
3032	12 29 38 
3033	29 
3034	58 82 102 
3035	48 
3036	146 
3037	129 
3038	1 
3039	68 
3040	58 
3041	9 95 146 
3042	51 70 126 
3043	122 132 133 
3044	52 
3045	152 
3046	24 
3047	150 
3048	24 
3049	132 
3050	112 
3051	96 
3052	119 
3053	48 
3054	17 
3055	68 89 140 
3056	24 57 155 
3057	142 
3058	85 
3059	87 
3060	37 110 165 
3061	11 134 156 
3062	50 
3063	135 
3064	141 
3065	33 
3066	77 
3067	164 
3068	1 36 101 
3069	105 
3070	119 
3071	147 
3072	47 
3073	25 84 115 
3074	114 
3075	99 
3076	21 123 140 
3077	163 
3078	132 
3079	64 119 138 
3080	65 136 158 
3081	123 
3082	4 25 110 
3083	39 54 60 
3084	16 126 164 
3085	26 39 64 
3086	63 
3087	59 94 98 
3088	112 
3089	86 
3090	77 
3091	36 
3092	59 
3093	9 70 161 
3094	145 
3095	37 42 164 
3096	40 64 119 
3097	44 
3098	119 
3099	63 
3100	23 
3101	70 
3102	25 83 158 
3103	151 
3104	13 43 97 
3105	76 
3106	119 131 144 
3107	148 
3108	86 
3109	143 
3110	161 
3111	5 42 104 
3112	148 
3113	124 
3114	25 106 164 
3115	8 25 54 
3116	40 
3117	99 
3118	50 51 99 
3119	1 84 147 
3120	165 
3121	70 
3122	77 109 138 
3123	58 
3124	152 
3125	40 46 94 
3126	37 
3127	21 
3128	100 
3129	62 
3130	66 
3131	46 75 151 
3132	37 72 98 
3133	97 
3134	84 
3135	9 
3136	51 
3137	118 
3138	107 
3139	126 144 158 
3140	94 
3141	161 
3142	22 30 98 
3143	124 
3144	53 
3145	20 
3146	6 
3147	38 100 137 
3148	52 
3149	26 115 140 
3150	101 
3151	35 
3152	101 
3153	146 
3154	35 
3155	29 78 165 
3156	5 
3157	97 98 103 
3158	72 105 127 
3159	42 
3160	145 
3161	98 
3162	3 25 125 
3163	61 
3164	29 103 147 
3165	147 
3166	94 
3167	134 
3168	94 122 134 
3169	5 18 39 
3170	77 94 131 
3171	61 
3172	37 51 108 
3173	74 
3174	125 
3175	156 
3176	35 60 71 
3177	60 
3178	36 
3179	104 
3180	10 37 77 
3181	35 
3182	135 
3183	108 
3184	50 
3185	110 
3186	29 
3187	19 46 136 
3188	43 
3189	11 132 159 
3190	100 
3191	33 
3192	143 
3193	85 
3194	132 
3195	50 
3196	58 
3197	19 
3198	28 48 143 
3199	95 
3200	57 
3201	155 
3202	20 
3203	164 
3204	3 132 134 
3205	66 119 147 
3206	3 163 164 
3207	110 
3208	132 
3209	23 24 80 
3210	74 95 136 
3211	119 
3212	155 
3213	110 
3214	29 
3215	147 
3216	124 
3217	164 
3218	45 
3219	141 
3220	70 
3221	66 
3222	11 
3223	8 
3224	79 
3225	124 149 164 
3226	72 
3227	37 40 164 
3228	26 
3229	86 
3230	101 
3231	110 112 159 
3232	79 
3233	152 
3234	115 
3235	53 
3236	115 
3237	36 43 72 
3238	26 54 100 
3239	63 
3240	54 58 164 
3241	60 
3242	31 
3243	48 
3244	158 
3245	16 158 165 
3246	147 
3247	7 116 129 
3248	37 
3249	42 76 164 
3250	63 
3251	65 
3252	8 
3253	53 79 131 
3254	164 
3255	56 
3256	57 
3257	69 
3258	16 110 151 
3259	119 
3260	91 
3261	51 101 138 
3262	90 115 164 
3263	5 26 82 
3264	95 
3265	33 38 111 
3266	21 
3267	58 
3268	141 
3269	139 
3270	115 
3271	51 
3272	70 
3273	35 98 110 
3274	12 
3275	110 
3276	150 
3277	73 100 101 
3278	73 
3279	61 
3280	44 
3281	70 
3282	50 119 155 
3283	32 66 73 
3284	152 
3285	16 
3286	58 
3287	82 88 153 
3288	22 
3289	112 
3290	77 
3291	92 98 137 
3292	43 
3293	19 
3294	38 46 58 
3295	7 
3296	148 
3297	76 
3298	45 
3299	78 101 135 
3300	12 
3301	118 
3302	5 35 154 
3303	55 
3304	38 
3305	124 
3306	22 116 129 
3307	72 77 163 
3308	1 66 138 
3309	88 125 130 
3310	24 
3311	14 
3312	141 
3313	5 
3314	158 
3315	16 
3316	94 
3317	14 
3318	58 67 137 
3319	141 
3320	164 
3321	4 
3322	112 
3323	134 149 154 
3324	62 
3325	79 
3326	124 
3327	68 
3328	37 88 98 
3329	54 
3330	146 
3331	151 
3332	139 
3333	110 
3334	58 
3335	160 
3336	50 
3337	31 
3338	122 
3339	140 
3340	157 
3341	112 
3342	24 76 106 
3343	116 
3344	5 
3345	111 
3346	71 
3347	46 65 98 
3348	88 
3349	14 91 129 
3350	47 
3351	69 
3352	25 79 156 
3353	57 71 138 
3354	75 
3355	8 
3356	113 
3357	74 
3358	92 
3359	150 
3360	3 
3361	141 
3362	25 81 155 
3363	33 
3364	29 
3365	11 112 163 
3366	95 127 160 
3367	68 102 151 
3368	62 
3369	88 
3370	103 
3371	120 
3372	148 
3373	96 
3374	101 
3375	158 
3376	85 
3377	107 131 148 
3378	16 109 121 
3379	29 
3380	154 
3381	70 
3382	62 
3383	9 99 110 
3384	34 
3385	22 36 113 
3386	62 
3387	54 
3388	1 108 114 
3389	69 
3390	49 
3391	151 
3392	148 
3393	110 
3394	125 
3395	86 
3396	24 
3397	164 
3398	111 
3399	29 
3400	45 97 147 
3401	43 44 146 
3402	8 25 141 
3403	109 
3404	64 
3405	140 
3406	27 59 138 
3407	3 44 132 
3408	22 34 72 
3409	93 100 116 
3410	54 
3411	129 
3412	156 
3413	62 
3414	26 
3415	108 110 138 
3416	81 
3417	3 78 155 
3418	26 35 44 
3419	1 4 48 
3420	23 
3421	84 
3422	111 
3423	11 13 51 
3424	97 
3425	69 
3426	62 
3427	82 
3428	165 
3429	12 122 132 
3430	82 
3431	64 82 149 
3432	123 
3433	79 
3434	75 
3435	77 
3436	103 
3437	77 
3438	95 
3439	163 
3440	76 
3441	14 
3442	144 
3443	105 
3444	9 
3445	45 
3446	141 
3447	13 
3448	21 36 105 
3449	56 
3450	75 95 138 
3451	154 
3452	120 
3453	49 
3454	67 
3455	8 
3456	162 
3457	121 
3458	17 57 110 
3459	56 77 127 
3460	108 
3461	8 31 98 
3462	41 
3463	5 36 88 
3464	13 17 163 
3465	9 47 88 
3466	7 16 129 
3467	62 
3468	95 
3469	85 
3470	165 
3471	46 48 107 
3472	5 
3473	141 
3474	118 
3475	140 158 164 
3476	51 
3477	82 137 145 
3478	157 
3479	5 
3480	54 100 116 
3481	51 
3482	94 
3483	41 
3484	112 132 144 
3485	23 
3486	88 
3487	15 
3488	14 78 110 
3489	155 
3490	80 
3491	95 
3492	94 115 117 
3493	94 102 155 
3494	9 36 147 
3495	28 
3496	98 
3497	98 
3498	37 
3499	41 47 141 
3500	5 
3501	105 
3502	140 
3503	32 
3504	24 
3505	78 
3506	45 
3507	37 
3508	37 
3509	94 
3510	66 
3511	5 24 117 
3512	36 119 131 
3513	118 
3514	33 
3515	89 
3516	37 103 109 
3517	58 
3518	89 94 138 
3519	49 
3520	134 
3521	131 
3522	66 76 100 
3523	12 118 152 
3524	53 
3525	66 87 91 
3526	51 
3527	89 
3528	2 104 154 
3529	154 
3530	117 
3531	101 
3532	44 89 94 
3533	52 132 146 
3534	113 
3535	37 
3536	58 
3537	103 
3538	62 
3539	13 60 101 
3540	62 75 119 
3541	23 
3542	143 
3543	47 103 105 
3544	70 
3545	19 
3546	26 89 115 
3547	77 
3548	114 
3549	100 
3550	123 
3551	48 77 157 
3552	109 138 150 
3553	48 
3554	134 
3555	134 
3556	40 
3557	132 
3558	48 
3559	11 
3560	35 41 48 
3561	29 
3562	35 
3563	5 
3564	143 
3565	11 
3566	37 59 147 
3567	54 56 149 
3568	101 
3569	51 97 140 
3570	112 
3571	58 
3572	25 66 147 
3573	132 
3574	12 50 123 
3575	48 146 147 
3576	14 47 104 
3577	161 
3578	26 
3579	43 
3580	118 
3581	101 
3582	57 
3583	97 
3584	101 
3585	108 
3586	64 80 106 
3587	5 52 146 
3588	56 117 150 
3589	57 73 97 
3590	75 98 132 
3591	22 
3592	75 
3593	75 
3594	69 
3595	38 74 129 
3596	37 48 135 
3597	54 
3598	63 
3599	105 
3600	41 
3601	12 
3602	146 
3603	106 
3604	18 
3605	74 
3606	101 
3607	16 
3608	18 78 102 
3609	12 23 52 
3610	158 
3611	18 129 131 
3612	162 
3613	25 
3614	48 107 119 
3615	1 82 146 
3616	127 
3617	131 
3618	57 125 138 
3619	144 
3620	46 
3621	60 128 164 
3622	74 
3623	20 29 138 
3624	29 
3625	54 142 155 
3626	2 
3627	66 
3628	14 70 96 
3629	98 155 165 
3630	131 
3631	25 77 107 
3632	54 
3633	54 
3634	102 
3635	59 132 140 
3636	82 
3637	25 
3638	19 
3639	54 
3640	23 
3641	156 
3642	3 25 48 
3643	164 
3644	20 35 138 
3645	62 
3646	25 82 110 
3647	144 
3648	70 
3649	11 59 130 
3650	22 95 140 
3651	33 133 139 
3652	127 
3653	23 
3654	52 
3655	151 
3656	60 
3657	17 
3658	100 
3659	31 64 142 
3660	77 
3661	14 
3662	50 62 101 
3663	69 118 155 
3664	70 
3665	138 
3666	115 
3667	164 
3668	119 
3669	3 
3670	44 
3671	96 
3672	149 
3673	106 129 140 
3674	127 
3675	94 
3676	14 
3677	9 48 147 
3678	62 
3679	69 70 116 
3680	95 112 141 
3681	131 
3682	139 149 151 
3683	127 
3684	3 
3685	1 143 144 
3686	82 122 130 
3687	141 
3688	94 98 148 
3689	93 
3690	101 
3691	42 
3692	39 
3693	84 119 125 
3694	14 
3695	129 
3696	124 
3697	16 39 97 
3698	41 
3699	13 
3700	5 
3701	36 42 100 
3702	75 
3703	108 
3704	38 
3705	84 
3706	138 
3707	112 
3708	81 86 151 
3709	149 
3710	48 
3711	62 80 115 
3712	124 
3713	118 
3714	145 
3715	68 94 164 
3716	5 
3717	13 
3718	7 40 127 
3719	13 
3720	60 
3721	64 
3722	41 
3723	110 
3724	84 
3725	33 
3726	157 
3727	29 
3728	45 
3729	69 
3730	1 153 158 
3731	13 
3732	43 54 159 
3733	151 
3734	145 
3735	52 
3736	129 
3737	105 
3738	63 143 153 
3739	37 86 147 
3740	48 
3741	110 
3742	60 66 72 
3743	57 
3744	48 66 86 
3745	24 51 92 
3746	40 89 102 
3747	82 
3748	122 
3749	40 
3750	56 106 148 
3751	10 32 131 
3752	105 135 140 
3753	153 
3754	23 76 81 
3755	44 115 132 
3756	38 
3757	3 4 13 
3758	5 14 146 
3759	112 130 163 
3760	120 154 162 
3761	66 
3762	81 
3763	145 
3764	66 
3765	43 75 77 
3766	19 
3767	16 26 30 
3768	71 
3769	19 
3770	98 
3771	154 
3772	113 
3773	16 
3774	158 
3775	3 94 160 
3776	11 84 112 
3777	88 108 138 
3778	79 
3779	93 
3780	29 55 65 
3781	4 62 124 
3782	37 
3783	163 
3784	9 
3785	71 
3786	98 145 165 
3787	99 
3788	164 
3789	79 
3790	5 
3791	57 109 145 
3792	14 
3793	49 75 102 
3794	124 
3795	141 
3796	84 122 139 
3797	3 
3798	25 
3799	34 45 57 
3800	115 131 162 
3801	67 
3802	54 
3803	74 129 156 
3804	58 
3805	48 89 134 
3806	58 
3807	122 
3808	76 
3809	72 
3810	103 
3811	13 42 130 
3812	15 21 107 
3813	59 
3814	64 
3815	133 
3816	101 
3817	142 
3818	63 
3819	94 
3820	88 
3821	26 
3822	6 
3823	154 
3824	23 
3825	124 
3826	58 82 145 
3827	54 86 129 
3828	9 47 163 
3829	75 
3830	39 64 96 
3831	1 101 102 
3832	70 
3833	118 
3834	140 
3835	123 
3836	163 
3837	40 
3838	149 
3839	32 110 112 
3840	36 
3841	71 
3842	80 
3843	37 
3844	76 
3845	3 16 43 
3846	18 80 119 
3847	127 
3848	72 95 113 
3849	58 
3850	58 77 165 
3851	25 
3852	44 54 126 
3853	39 
3854	62 
3855	88 
3856	108 
3857	105 
3858	119 
3859	75 98 99 
3860	68 127 163 
3861	120 
3862	65 
3863	18 
3864	3 122 147 
3865	54 58 155 
3866	23 
3867	77 
3868	135 
3869	5 105 151 
3870	62 
3871	149 
3872	81 
3873	57 
3874	13 25 102 
3875	27 
3876	130 
3877	43 115 147 
3878	164 
3879	23 119 120 
3880	23 
3881	82 
3882	149 
3883	72 105 107 
3884	102 
3885	13 130 137 
3886	52 57 151 
3887	68 
3888	48 71 115 
3889	44 
3890	10 14 120 
3891	134 
3892	76 
3893	131 
3894	41 123 164 
3895	41 
3896	115 
3897	23 47 128 
3898	141 
3899	100 
3900	25 117 149 
3901	98 102 161 
3902	3 
3903	7 
3904	108 
3905	25 97 164 
3906	112 
3907	37 
3908	51 70 99 
3909	161 
3910	102 
3911	10 57 119 
3912	157 
3913	143 
3914	39 60 160 
3915	4 16 84 
3916	134 
3917	131 
3918	101 
3919	155 
3920	49 105 161 
3921	108 
3922	34 
3923	134 
3924	5 11 70 
3925	45 107 148 
3926	104 128 141 
3927	131 
3928	40 
3929	69 84 141 
3930	33 37 137 
3931	120 
3932	24 56 111 
3933	155 
3934	135 
3935	29 54 118 
3936	25 
3937	94 
3938	72 75 89 
3939	66 106 141 
3940	161 
3941	106 
3942	37 75 155 
3943	106 
3944	140 
3945	1 
3946	28 107 113 
3947	32 55 147 
3948	122 
3949	35 
3950	75 84 130 
3951	62 
3952	68 
3953	41 103 132 
3954	25 82 119 
3955	64 
3956	144 
3957	84 
3958	141 
3959	108 113 160 
3960	60 
3961	30 66 135 
3962	35 
3963	1 
3964	155 
3965	93 
3966	3 
3967	13 
3968	23 100 165 
3969	77 110 163 
3970	133 
3971	58 
3972	22 
3973	64 
3974	48 
3975	119 
3976	47 132 143 
3977	138 
3978	8 
3979	98 
3980	102 137 138 
3981	131 
3982	24 
3983	82 
3984	144 
3985	33 94 125 
3986	17 140 143 
3987	165 
3988	22 58 94 
3989	124 
3990	35 78 149 
3991	30 
3992	41 60 97 
3993	101 
3994	119 
3995	103 
3996	132 
3997	99 
3998	129 
3999	59 
4000	140 
4001	129 
4002	30 
4003	78 
4004	119 
4005	1 78 82 
4006	23 
4007	97 
4008	22 
4009	77 
4010	96 
4011	93 
4012	60 80 149 
4013	45 
4014	66 72 133 
4015	90 
4016	5 
4017	57 
4018	135 
4019	146 
4020	165 
4021	70 
4022	44 74 141 
4023	19 118 143 
4024	13 
4025	156 
4026	7 
4027	85 
4028	32 
4029	3 4 98 
4030	135 
4031	2 
4032	110 
4033	20 
4034	74 
4035	72 
4036	84 138 149 
4037	24 144 158 
4038	23 131 132 
4039	155 
4040	75 
4041	82 119 155 
4042	20 
4043	29 35 161 
4044	31 54 133 
4045	30 77 91 
4046	108 
4047	148 
4048	4 28 29 
4049	62 65 94 
4050	5 
4051	1 45 101 
4052	116 
4053	65 83 115 
4054	51 
4055	14 85 119 
4056	155 
4057	97 
4058	77 
4059	103 108 165 
4060	17 
4061	12 
4062	131 
4063	4 
4064	62 112 148 
4065	37 63 84 
4066	88 
4067	57 
4068	1 
4069	99 
4070	122 
4071	163 
4072	124 
4073	5 
4074	62 
4075	5 
4076	7 78 164 
4077	23 
4078	105 
4079	13 
4080	82 
4081	68 
4082	41 
4083	147 
4084	144 
4085	6 
4086	1 
4087	97 
4088	15 
4089	43 129 135 
4090	109 
4091	51 112 117 
4092	43 
4093	2 93 110 
4094	108 
4095	140 
4096	34 120 140 
4097	150 
4098	45 
4099	117 
4100	23 
4101	37 67 165 
4102	48 
4103	6 14 82 
4104	117 
4105	48 60 95 
4106	58 
4107	163 
4108	32 42 135 
4109	77 
4110	141 
4111	149 
4112	4 
4113	26 97 145 
4114	14 110 143 
4115	33 
4116	33 43 138 
4117	93 
4118	44 97 157 
4119	48 61 101 
4120	54 
4121	140 
4122	58 
4123	64 
4124	35 
4125	117 
4126	37 78 124 
4127	165 
4128	17 
4129	62 81 112 
4130	112 
4131	4 
4132	50 65 103 
4133	48 
4134	58 
4135	72 
4136	5 
4137	60 
4138	97 115 145 
4139	8 110 133 
4140	30 132 145 
4141	22 
4142	105 
4143	138 
4144	140 
4145	61 65 144 
4146	25 64 155 
4147	78 
4148	57 
4149	163 
4150	8 132 146 
4151	35 96 135 
4152	94 
4153	12 
4154	49 58 108 
4155	122 
4156	25 
4157	37 45 158 
4158	15 
4159	101 
4160	108 
4161	31 
4162	154 
4163	107 
4164	18 
4165	143 
4166	26 37 99 
4167	45 
4168	29 40 93 
4169	132 
4170	64 
4171	58 
4172	3 
4173	32 
4174	151 
4175	64 
4176	13 160 161 
4177	14 
4178	48 
4179	43 58 164 
4180	130 
4181	41 81 115 
4182	132 
4183	55 
4184	48 
4185	71 
4186	44 
4187	126 
4188	22 
4189	20 33 143 
4190	151 
4191	140 
4192	115 
4193	24 38 118 
4194	115 
4195	76 132 140 
4196	97 
4197	67 
4198	16 
4199	112 
4200	67 101 119 
4201	70 74 85 
4202	29 41 95 
4203	116 
4204	97 
4205	147 
4206	31 
4207	29 
4208	75 
4209	45 
4210	60 
4211	46 48 86 
4212	151 
4213	66 137 141 
4214	165 
4215	137 
4216	26 75 127 
4217	141 
4218	112 
4219	56 86 155 
4220	63 
4221	24 83 98 
4222	3 
4223	164 
4224	21 54 84 
4225	12 31 59 
4226	135 
4227	41 
4228	3 66 82 
4229	20 
4230	140 
4231	147 
4232	21 
4233	122 
4234	25 29 126 
4235	57 110 163 
4236	5 54 71 
4237	101 
4238	101 
4239	18 
4240	58 
4241	22 
4242	71 95 127 
4243	35 113 123 
4244	119 
4245	74 
4246	60 
4247	115 
4248	7 33 77 
4249	6 
4250	18 48 127 
4251	6 
4252	29 72 83 
4253	99 
4254	138 
4255	59 
4256	65 
4257	78 107 117 
4258	25 
4259	25 
4260	17 62 164 
4261	43 
4262	24 112 164 
4263	32 
4264	94 
4265	77 
4266	31 
4267	55 97 106 
4268	16 45 114 
4269	72 
4270	5 130 140 
4271	110 
4272	40 94 116 
4273	37 60 97 
4274	144 
4275	37 
4276	105 
4277	14 
4278	144 
4279	1 9 36 
4280	57 
4281	138 
4282	64 
4283	13 
4284	6 72 129 
4285	24 78 110 
4286	38 
4287	96 108 124 
4288	127 
4289	131 
4290	26 
4291	107 110 127 
4292	57 
4293	8 32 104 
4294	29 
4295	122 
4296	106 
4297	161 
4298	106 
4299	71 103 160 
4300	115 
4301	29 
4302	31 76 118 
4303	21 
4304	95 
4305	43 128 138 
4306	50 119 144 
4307	11 
4308	1 
4309	37 74 107 
4310	17 
4311	16 
4312	82 
4313	70 
4314	25 148 158 
4315	38 
4316	113 
4317	101 
4318	44 57 125 
4319	72 86 97 
4320	62 
4321	82 
4322	25 30 158 
4323	23 49 143 
4324	107 128 154 
4325	44 
4326	29 72 117 
4327	51 
4328	33 75 141 
4329	41 52 82 
4330	41 107 154 
4331	163 
4332	3 64 163 
4333	2 42 125 
4334	3 62 93 
4335	151 
4336	7 155 162 
4337	24 119 141 
4338	95 
4339	8 24 85 
4340	99 108 126 
4341	95 100 110 
4342	6 
4343	3 21 132 
4344	54 82 103 
4345	41 
4346	29 53 62 
4347	62 
4348	59 120 141 
4349	65 
4350	116 
4351	126 
4352	29 32 37 
4353	161 
4354	151 
4355	3 41 78 
4356	22 117 164 
4357	43 
4358	99 
4359	157 
4360	148 
4361	138 
4362	130 
4363	11 48 99 
4364	6 75 106 
4365	5 
4366	20 
4367	110 
4368	69 79 110 
4369	164 
4370	77 101 142 
4371	105 
4372	155 
4373	33 100 151 
4374	146 
4375	146 
4376	123 
4377	35 
4378	58 
4379	41 110 163 
4380	75 
4381	5 
4382	165 
4383	20 28 119 
4384	52 106 162 
4385	17 
4386	100 149 163 
4387	85 
4388	133 
4389	18 
4390	60 
4391	60 
4392	23 64 99 
4393	54 101 144 
4394	148 
4395	8 
4396	40 45 129 
4397	31 
4398	11 72 164 
4399	14 48 162 
4400	13 43 62 
4401	108 
4402	29 
4403	149 
4404	67 98 124 
4405	149 
4406	13 25 62 
4407	11 54 149 
4408	51 
4409	43 82 133 
4410	36 99 141 
4411	71 
4412	64 67 127 
4413	72 
4414	112 
4415	31 
4416	117 
4417	12 62 81 
4418	42 
4419	60 110 147 
4420	129 
4421	29 138 151 
4422	117 
4423	143 
4424	2 13 140 
4425	1 40 86 
4426	74 
4427	54 
4428	75 
4429	42 
4430	107 
4431	14 
4432	105 140 147 
4433	41 
4434	124 
4435	71 127 139 
4436	147 
4437	45 61 134 
4438	163 
4439	165 
4440	5 
4441	56 120 127 
4442	144 
4443	48 
4444	82 
4445	48 117 132 
4446	56 
4447	130 
4448	147 
4449	29 
4450	42 
4451	130 
4452	4 82 117 
4453	132 
4454	59 
4455	70 78 154 
4456	5 
4457	17 
4458	29 
4459	37 54 147 
4460	158 
4461	48 80 160 
4462	74 
4463	8 
4464	15 51 155 
4465	12 
4466	59 
4467	161 
4468	94 
4469	131 
4470	144 
4471	83 90 165 
4472	116 
4473	25 
4474	157 
4475	165 
4476	37 
4477	1 47 135 
4478	132 
4479	51 
4480	93 
4481	13 108 110 
4482	62 
4483	29 63 98 
4484	141 
4485	70 
4486	25 
4487	5 
4488	48 
4489	132 
4490	10 52 61 
4491	23 43 68 
4492	98 
4493	147 
4494	80 
4495	13 
4496	11 48 155 
4497	35 119 127 
4498	38 
4499	62 73 94 
4500	65 
4501	5 64 122 
4502	56 
4503	47 60 143 
4504	149 
4505	137 
4506	4 77 137 
4507	38 41 90 
4508	51 
4509	69 73 109 
4510	82 
4511	148 
4512	77 
4513	11 110 140 
4514	16 36 155 
4515	25 
4516	8 127 136 
4517	103 
4518	6 22 138 
4519	7 38 109 
4520	59 
4521	78 
4522	132 
4523	149 
4524	68 123 145 
4525	71 
4526	131 
4527	5 
4528	1 78 159 
4529	112 
4530	102 
4531	13 
4532	75 
4533	120 145 147 
4534	29 56 165 
4535	127 
4536	47 51 149 
4537	64 
4538	65 
4539	9 98 144 
4540	24 58 110 
4541	23 
4542	22 
4543	145 
4544	16 66 122 
4545	16 
4546	127 
4547	143 
4548	113 
4549	11 
4550	131 
4551	78 
4552	131 
4553	116 
4554	21 
4555	57 92 98 
4556	75 
4557	4 46 54 
4558	4 7 148 
4559	72 
4560	88 
4561	140 
4562	119 
4563	3 
4564	95 
4565	42 127 151 
4566	37 85 98 
4567	143 
4568	43 67 82 
4569	72 
4570	18 25 99 
4571	38 66 157 
4572	149 
4573	82 
4574	39 52 66 
4575	132 
4576	117 
4577	54 
4578	41 
4579	12 72 133 
4580	84 
4581	72 
4582	140 
4583	66 
4584	58 147 150 
4585	82 
4586	26 38 107 
4587	97 
4588	165 
4589	25 68 94 
4590	51 
4591	77 
4592	116 132 148 
4593	140 
4594	37 
4595	46 98 146 
4596	25 
4597	23 26 84 
4598	11 
4599	58 
4600	163 
4601	112 
4602	77 
4603	15 57 116 
4604	44 78 149 
4605	59 
4606	94 
4607	100 
4608	11 
4609	3 101 134 
4610	66 
4611	5 46 119 
4612	34 55 62 
4613	15 
4614	29 
4615	115 
4616	23 55 140 
4617	158 
4618	26 
4619	25 
4620	34 60 144 
4621	55 101 115 
4622	24 
4623	5 
4624	54 60 99 
4625	127 
4626	70 72 147 
4627	119 
4628	62 96 163 
4629	164 
4630	146 
4631	66 
4632	145 
4633	62 143 155 
4634	37 
4635	144 
4636	137 
4637	38 
4638	26 35 155 
4639	93 
4640	85 
4641	95 
4642	25 
4643	94 
4644	3 18 98 
4645	12 
4646	13 22 155 
4647	16 
4648	102 
4649	24 
4650	85 
4651	18 
4652	31 
4653	144 
4654	63 85 140 
4655	145 
4656	38 
4657	101 
4658	29 
4659	65 112 144 
4660	9 55 158 
4661	124 
4662	82 125 137 
4663	52 
4664	84 
4665	39 57 161 
4666	133 
4667	151 
4668	51 60 147 
4669	29 54 127 
4670	164 
4671	59 
4672	110 
4673	7 42 157 
4674	4 
4675	134 
4676	30 104 120 
4677	54 
4678	163 
4679	5 26 121 
4680	35 72 115 
4681	82 110 145 
4682	107 
4683	58 
4684	82 
4685	119 
4686	100 149 158 
4687	17 23 53 
4688	130 
4689	4 
4690	131 
4691	98 118 161 
4692	105 
4693	2 75 83 
4694	94 
4695	95 97 132 
4696	155 
4697	22 25 95 
4698	145 
4699	43 
4700	138 
4701	72 
4702	51 
4703	58 
4704	3 56 140 
4705	31 112 151 
4706	143 
4707	112 
4708	72 
4709	24 65 93 
4710	72 
4711	83 151 152 
4712	26 
4713	30 48 123 
4714	48 
4715	38 
4716	66 
4717	30 124 143 
4718	22 
4719	23 102 109 
4720	20 23 74 
4721	44 
4722	64 82 155 
4723	64 
4724	51 
4725	100 101 103 
4726	41 
4727	75 111 144 
4728	38 
4729	13 
4730	164 
4731	10 41 66 
4732	68 
4733	41 64 66 
4734	119 
4735	72 
4736	133 
4737	131 
4738	4 47 60 
4739	30 58 138 
4740	12 15 121 
4741	42 
4742	68 
4743	56 121 134 
4744	58 
4745	131 
4746	37 
4747	124 
4748	1 
4749	164 
4750	65 
4751	115 
4752	12 13 155 
4753	158 
4754	58 140 158 
4755	44 
4756	158 
4757	1 22 63 
4758	82 
4759	29 
4760	132 
4761	107 
4762	3 
4763	84 94 109 
4764	48 
4765	124 
4766	155 
4767	147 
4768	124 
4769	5 
4770	88 
4771	2 103 132 
4772	77 
4773	12 
4774	2 116 155 
4775	29 
4776	15 
4777	72 
4778	117 
4779	22 56 110 
4780	84 
4781	131 
4782	41 48 62 
4783	12 120 140 
4784	66 
4785	65 
4786	65 
4787	1 61 133 
4788	13 44 66 
4789	23 93 155 
4790	36 133 162 
4791	51 
4792	70 
4793	38 
4794	144 
4795	15 48 151 
4796	74 
4797	57 132 140 
4798	43 
4799	164 
4800	51 64 157 
4801	72 
4802	37 
4803	44 100 119 
4804	138 
4805	34 66 153 
4806	22 60 136 
4807	66 
4808	5 132 158 
4809	99 124 161 
4810	54 
4811	41 
4812	82 
4813	47 
4814	25 124 160 
4815	84 
4816	29 54 132 
4817	26 
4818	88 
4819	77 
4820	32 70 101 
4821	12 62 141 
4822	88 
4823	16 152 155 
4824	104 135 147 
4825	11 13 62 
4826	97 120 165 
4827	165 
4828	135 
4829	25 
4830	72 
4831	102 138 155 
4832	161 
4833	101 
4834	17 
4835	54 
4836	42 
4837	62 
4838	163 
4839	59 63 72 
4840	48 
4841	155 
4842	97 
4843	38 56 105 
4844	147 
4845	38 
4846	148 
4847	25 120 133 
4848	59 
4849	65 67 155 
4850	107 
4851	72 
4852	105 141 151 
4853	63 147 163 
4854	98 
4855	13 47 105 
4856	97 
4857	101 103 122 
4858	3 
4859	82 134 158 
4860	100 
4861	43 
4862	165 
4863	11 
4864	31 86 112 
4865	13 54 132 
4866	69 84 132 
4867	3 
4868	158 
4869	122 
4870	43 
4871	38 
4872	71 131 135 
4873	69 115 134 
4874	13 
4875	58 
4876	145 
4877	13 
4878	22 
4879	23 36 66 
4880	132 
4881	41 
4882	17 18 116 
4883	27 31 96 
4884	13 108 122 
4885	121 129 132 
4886	72 
4887	112 
4888	40 79 164 
4889	27 37 68 
4890	99 149 164 
4891	65 
4892	25 67 79 
4893	138 
4894	14 
4895	32 51 116 
4896	16 33 42 
4897	3 
4898	117 
4899	20 21 72 
4900	16 79 120 
4901	103 
4902	14 70 82 
4903	17 54 110 
4904	6 
4905	144 
4906	9 31 127 
4907	131 
4908	11 37 154 
4909	47 
4910	12 38 62 
4911	87 95 103 
4912	44 82 103 
4913	97 
4914	38 
4915	5 
4916	127 
4917	6 
4918	25 95 134 
4919	140 
4920	98 129 158 
4921	103 
4922	19 29 165 
4923	41 
4924	158 
4925	95 
4926	42 
4927	158 
4928	103 105 119 
4929	6 34 70 
4930	47 
4931	70 
4932	135 
4933	11 47 115 
4934	1 
4935	94 
4936	115 
4937	65 
4938	64 
4939	42 
4940	38 
4941	25 110 111 
4942	44 
4943	72 
4944	16 36 58 
4945	16 
4946	40 64 119 
4947	140 
4948	144 
4949	8 44 68 
4950	79 108 144 
4951	155 
4952	9 62 155 
4953	77 
4954	98 
4955	58 
4956	23 97 141 
4957	52 93 116 
4958	24 48 64 
4959	44 
4960	115 
4961	37 
4962	78 
4963	97 
4964	62 
4965	101 
4966	75 
4967	48 
4968	151 
4969	59 
4970	98 
4971	36 83 116 
4972	22 93 128 
4973	8 57 126 
4974	164 
4975	43 
4976	127 144 158 
4977	164 
4978	103 110 140 
4979	37 
4980	22 
4981	77 
4982	16 
4983	65 116 118 
4984	1 
4985	158 
4986	11 117 150 
4987	101 
4988	13 
4989	30 87 149 
4990	1 21 65 
4991	26 
4992	52 
4993	31 33 84 
4994	65 
4995	84 
4996	23 
4997	13 
4998	52 
4999	22 
5000	164 
